500 10000
0 499
0 260
0 418
0 31
0 156
0 456
0 490
0 55
0 19
0 299
0 391
0 47
0 100
0 417
0 330
0 378
0 124
0 230
0 144
0 479
1 443
1 218
1 453
1 106
1 411
1 372
1 284
1 458
1 2
1 333
1 345
1 201
1 461
1 30
1 296
1 288
1 250
1 88
1 290
1 151
2 25
2 50
2 38
2 393
2 290
2 250
2 191
2 128
2 411
2 469
2 147
2 453
2 295
2 254
2 270
2 272
2 463
2 458
2 218
2 180
3 440
3 48
3 177
3 495
3 58
3 223
3 401
3 103
3 383
3 322
3 114
3 162
3 481
3 323
3 32
3 472
3 7
3 213
3 394
3 380
4 78
4 428
4 36
4 209
4 400
4 417
4 241
4 477
4 466
4 26
4 146
4 154
4 92
4 207
4 13
4 454
4 306
4 432
4 224
4 261
5 85
5 341
5 210
5 442
5 107
5 311
5 422
5 438
5 73
5 79
5 179
5 240
5 407
5 129
5 199
5 195
5 145
5 313
5 437
5 1
6 127
6 286
6 487
6 425
6 309
6 182
6 111
6 120
6 56
6 326
6 430
6 54
6 347
6 247
6 348
6 492
6 99
6 355
6 494
6 28
7 280
7 446
7 439
7 292
7 327
7 219
7 221
7 77
7 132
7 198
7 429
7 366
7 164
7 266
7 94
7 433
7 173
7 233
7 70
7 379
8 2
8 23
8 372
8 421
8 473
8 345
8 232
8 109
8 202
8 393
8 143
8 1
8 30
8 81
8 250
8 16
8 108
8 179
8 293
8 129
9 43
9 217
9 85
9 8
9 407
9 425
9 129
9 42
9 301
9 388
9 317
9 496
9 199
9 27
9 335
9 79
9 175
9 482
9 293
9 127
10 224
10 236
10 12
10 274
10 15
10 154
10 238
10 369
10 41
10 148
10 83
10 201
10 244
10 191
10 46
10 21
10 453
10 193
10 11
10 76
11 277
11 69
11 117
11 168
11 24
11 0
11 52
11 224
11 466
11 146
11 451
11 312
11 263
11 19
11 193
11 490
11 41
11 350
11 78
11 51
12 160
12 354
12 21
12 185
12 271
12 242
12 91
12 36
12 193
12 228
12 241
12 15
12 128
12 236
12 310
12 444
12 209
12 244
12 190
12 369
13 41
13 78
13 377
13 310
13 83
13 276
13 400
13 242
13 300
13 454
13 428
13 386
13 329
13 244
13 185
13 255
13 477
13 37
13 0
13 117
14 177
14 285
14 283
14 445
14 460
14 338
14 243
14 203
14 435
14 289
14 346
14 409
14 392
14 156
14 448
14 86
14 472
14 229
14 367
14 65
15 428
15 369
15 135
15 41
15 22
15 39
15 490
15 310
15 224
15 377
15 245
15 261
15 242
15 257
15 451
15 466
15 36
15 83
15 277
15 87
16 237
16 228
16 4
16 25
16 474
16 274
16 72
16 332
16 222
16 91
16 295
16 414
16 218
16 334
16 272
16 305
16 393
16 462
16 13
16 255
17 33
17 424
17 317
17 182
17 279
17 450
17 145
17 64
17 127
17 365
17 217
17 167
17 426
17 335
17 149
17 489
17 80
17 175
17 482
17 99
18 453
18 295
18 160
18 150
18 26
18 462
18 30
18 216
18 332
18 334
18 473
18 88
18 10
18 201
18 461
18 497
18 362
18 316
18 222
18 38
19 75
19 281
19 346
19 490
19 220
19 183
19 308
19 65
19 464
19 243
19 102
19 485
19 166
19 448
19 211
19 491
19 138
19 152
19 479
19 289
20 175
20 81
20 341
20 174
20 235
20 85
20 106
20 335
20 422
20 302
20 61
20 388
20 304
20 1
20 107
20 208
20 248
20 278
20 320
20 129
21 310
21 339
21 152
21 39
21 209
21 477
21 19
21 330
21 135
21 0
21 246
21 493
21 386
21 225
21 377
21 499
21 166
21 376
21 299
21 464
22 427
22 47
22 14
22 87
22 35
22 400
22 152
22 306
22 230
22 75
22 53
22 49
22 281
22 277
22 37
22 299
22 376
22 168
22 419
22 432
23 109
23 325
23 25
23 370
23 222
23 443
23 290
23 18
23 270
23 465
23 311
23 333
23 345
23 235
23 250
23 381
23 362
23 470
23 337
23 226
24 268
24 243
24 420
24 3
24 409
24 176
24 178
24 166
24 229
24 472
24 225
24 289
24 203
24 35
24 456
24 440
24 308
24 246
24 285
24 418
25 296
25 185
25 72
25 444
25 180
25 334
25 218
25 453
25 272
25 172
25 342
25 76
25 470
25 295
25 274
25 290
25 46
25 463
25 474
25 337
26 185
26 329
26 275
26 69
26 168
26 228
26 312
26 428
26 224
26 432
26 194
26 0
26 377
26 37
26 154
26 92
26 207
26 255
26 477
26 146
27 250
27 73
27 332
27 174
27 320
27 304
27 30
27 393
27 325
27 297
27 232
27 195
27 180
27 2
27 311
27 147
27 470
27 414
27 139
27 16
28 136
28 331
28 182
28 348
28 301
28 437
28 240
28 313
28 259
28 99
28 43
28 127
28 347
28 413
28 326
28 387
28 425
28 357
28 374
28 9
29 392
29 359
29 486
29 380
29 204
29 481
29 86
29 324
29 351
29 420
29 315
29 200
29 223
29 103
29 3
29 403
29 95
29 158
29 459
29 161
30 462
30 191
30 316
30 236
30 72
30 201
30 332
30 290
30 345
30 172
30 130
30 270
30 463
30 126
30 128
30 241
30 458
30 12
30 255
30 218
31 229
31 90
31 102
31 338
31 122
31 378
31 177
31 448
31 48
31 188
31 161
31 223
31 285
31 403
31 289
31 435
31 452
31 86
31 481
31 40
32 401
32 471
32 273
32 323
32 439
32 394
32 408
32 433
32 94
32 410
32 478
32 164
32 165
32 416
32 265
32 114
32 327
32 7
32 488
32 307
33 370
33 388
33 151
33 79
33 179
33 293
33 333
33 282
33 139
33 248
33 174
33 294
33 23
33 143
33 311
33 175
33 407
33 302
33 61
33 195
34 307
34 233
34 155
34 431
34 132
34 291
34 258
34 158
34 265
34 356
34 486
34 436
34 343
34 266
34 32
34 214
34 314
34 105
34 165
34 59
35 349
35 403
35 308
35 144
35 491
35 346
35 65
35 124
35 223
35 452
35 445
35 480
35 409
35 289
35 203
35 479
35 459
35 419
35 420
35 53
36 152
36 209
36 257
36 215
36 168
36 224
36 166
36 329
36 277
36 376
36 260
36 466
36 464
36 417
36 135
36 454
36 78
36 306
36 225
36 39
37 168
37 24
37 491
37 346
37 338
37 124
37 246
37 299
37 432
37 485
37 268
37 153
37 39
37 14
37 225
37 146
37 464
37 417
37 47
37 205
38 244
38 0
38 116
38 228
38 339
38 350
38 41
38 241
38 215
38 15
38 275
38 354
38 454
38 287
38 245
38 466
38 255
38 69
38 386
38 72
39 499
39 452
39 485
39 464
39 260
39 299
39 391
39 419
39 156
39 152
39 203
39 230
39 112
39 14
39 183
39 188
39 378
39 163
39 246
39 87
40 214
40 189
40 32
40 86
40 364
40 322
40 198
40 267
40 227
40 155
40 392
40 495
40 200
40 219
40 213
40 34
40 159
40 412
40 323
40 59
41 493
41 245
41 194
41 21
41 225
41 117
41 55
41 75
41 451
41 418
41 39
41 19
41 69
41 186
41 263
41 277
41 230
41 193
41 260
41 466
42 33
42 20
42 179
42 63
42 240
42 89
42 199
42 1
42 143
42 297
42 282
42 210
42 422
42 395
42 202
42 106
42 43
42 341
42 108
42 81
43 107
43 1
43 143
43 123
43 139
43 169
43 79
43 371
43 63
43 73
43 106
43 304
43 129
43 333
43 234
43 381
43 226
43 496
43 293
43 121
44 118
44 292
44 410
44 233
44 104
44 447
44 431
44 382
44 155
44 164
44 219
44 475
44 251
44 436
44 165
44 94
44 321
44 134
44 429
44 498
45 482
45 424
45 365
45 374
45 494
45 398
45 328
45 331
45 133
45 430
45 348
45 64
45 82
45 269
45 309
45 385
45 492
45 347
45 171
45 397
46 466
46 300
46 477
46 117
46 193
46 376
46 52
46 146
46 154
46 245
46 287
46 22
46 275
46 462
46 41
46 310
46 242
46 339
46 78
46 354
47 100
47 220
47 203
47 491
47 14
47 367
47 452
47 418
47 183
47 166
47 427
47 246
47 330
47 419
47 230
47 440
47 225
47 3
47 445
47 24
48 159
48 486
48 435
48 267
48 197
48 59
48 162
48 114
48 110
48 383
48 62
48 7
48 177
48 356
48 358
48 351
48 364
48 380
48 90
48 32
49 75
49 243
49 225
49 188
49 112
49 418
49 299
49 268
49 330
49 138
49 491
49 39
49 186
49 378
49 246
49 163
49 485
49 166
49 156
49 87
50 72
50 142
50 274
50 477
50 244
50 454
50 275
50 38
50 287
50 83
50 237
50 154
50 411
50 193
50 26
50 474
50 404
50 41
50 148
50 369
51 281
51 153
51 308
51 138
51 163
51 480
51 268
51 156
51 65
51 243
51 346
51 39
51 256
51 29
51 102
51 144
51 420
51 47
51 418
51 112
52 244
52 146
52 47
52 400
52 116
52 78
52 454
52 339
52 257
52 263
52 215
52 39
52 92
52 466
52 329
52 224
52 432
52 135
52 369
52 310
53 338
53 48
53 367
53 213
53 115
53 460
53 480
53 445
53 472
53 479
53 223
53 14
53 396
53 452
53 144
53 197
53 256
53 243
53 90
53 29
54 424
54 415
54 347
54 348
54 187
54 71
54 413
54 99
54 387
54 353
54 133
54 389
54 28
54 494
54 398
54 487
54 286
54 390
54 375
54 167
55 220
55 464
55 491
55 479
55 256
55 53
55 203
55 75
55 163
55 246
55 260
55 48
55 186
55 456
55 480
55 188
55 183
55 285
55 448
55 178
56 385
56 133
56 413
56 387
56 487
56 247
56 374
56 492
56 5
56 157
56 353
56 398
56 384
56 494
56 28
56 375
56 415
56 347
56 127
56 395
57 20
57 422
57 413
57 9
57 210
57 108
57 388
57 182
57 143
57 149
57 129
57 127
57 421
57 5
57 385
57 79
57 415
57 217
57 240
57 8
58 267
58 291
58 159
58 189
58 155
58 324
58 132
58 318
58 59
58 165
58 200
58 344
58 408
58 321
58 488
58 439
58 44
58 219
58 258
58 251
59 475
59 344
59 265
59 266
59 498
59 363
59 307
59 155
59 319
59 431
59 105
59 280
59 441
59 96
59 262
59 132
59 68
59 165
59 340
59 436
60 192
60 379
60 159
60 324
60 110
60 322
60 364
60 214
60 486
60 396
60 59
60 412
60 141
60 162
60 219
60 314
60 197
60 67
60 307
60 351
61 18
61 402
61 16
61 370
61 180
61 333
61 235
61 470
61 294
61 250
61 81
61 404
61 142
61 179
61 443
61 406
61 130
61 109
61 150
61 234
62 439
62 315
62 307
62 114
62 221
62 68
62 192
62 344
62 359
62 219
62 291
62 7
62 67
62 158
62 258
62 59
62 165
62 486
62 155
62 324
63 81
63 484
63 61
63 174
63 23
63 402
63 195
63 293
63 25
63 226
63 333
63 345
63 332
63 248
63 16
63 107
63 337
63 235
63 414
63 304
64 82
64 127
64 385
64 93
64 57
64 313
64 80
64 335
64 143
64 405
64 99
64 365
64 336
64 442
64 208
64 279
64 353
64 8
64 413
64 326
65 346
65 161
65 392
65 122
65 391
65 349
65 229
65 445
65 480
65 308
65 220
65 479
65 3
65 435
65 289
65 176
65 178
65 243
65 459
65 197
66 94
66 416
66 132
66 249
66 164
66 399
66 219
66 431
66 307
66 84
66 198
66 32
66 447
66 114
66 273
66 104
66 44
66 439
66 251
66 59
67 265
67 441
67 340
67 249
67 431
67 447
67 158
67 251
67 58
67 59
67 318
67 314
67 125
67 198
67 189
67 94
67 323
67 219
67 356
67 140
68 429
68 399
68 352
68 340
68 468
68 265
68 173
68 84
68 327
68 266
68 206
68 165
68 431
68 70
68 478
68 221
68 488
68 447
68 113
68 475
69 47
69 451
69 261
69 339
69 211
69 225
69 464
69 215
69 49
69 454
69 37
69 466
69 244
69 427
69 330
69 135
69 418
69 36
69 35
69 205
70 327
70 269
70 446
70 319
70 264
70 104
70 262
70 416
70 45
70 196
70 366
70 273
70 430
70 429
70 478
70 373
70 164
70 56
70 467
70 187
71 93
71 437
71 489
71 371
71 217
71 175
71 301
71 248
71 20
71 449
71 208
71 365
71 99
71 123
71 33
71 395
71 442
71 317
71 426
71 80
72 154
72 236
72 477
72 41
72 274
72 257
72 11
72 69
72 245
72 36
72 0
72 26
72 369
72 15
72 215
72 451
72 228
72 300
72 400
72 244
73 61
73 2
73 139
73 333
73 404
73 470
73 294
73 16
73 393
73 195
73 201
73 297
73 332
73 151
73 226
73 402
73 458
73 250
73 414
73 290
74 387
74 348
74 450
74 286
74 360
74 415
74 347
74 28
74 157
74 398
74 390
74 9
74 375
74 101
74 397
74 71
74 45
74 487
74 492
74 149
75 188
75 225
75 299
75 491
75 409
75 48
75 480
75 445
75 100
75 40
75 102
75 349
75 243
75 227
75 60
75 452
75 144
75 53
75 153
75 260
76 255
76 154
76 207
76 428
76 228
76 91
76 46
76 241
76 329
76 11
76 245
76 287
76 78
76 377
76 454
76 148
76 135
76 369
76 275
76 4
77 56
77 97
77 118
77 467
77 181
77 478
77 483
77 184
77 430
77 328
77 170
77 96
77 101
77 98
77 423
77 319
77 111
77 137
77 120
77 286
78 37
78 299
78 65
78 499
78 220
78 186
78 418
78 112
78 432
78 330
78 163
78 417
78 146
78 491
78 51
78 490
78 306
78 230
78 245
78 378
79 107
79 405
79 81
79 370
79 449
79 129
79 119
79 438
79 88
79 248
79 302
79 61
79 473
79 333
79 250
79 388
79 496
79 8
79 175
79 106
80 461
80 2
80 202
80 254
80 30
80 16
80 469
80 151
80 465
80 8
80 407
80 139
80 421
80 320
80 232
80 73
80 443
80 226
80 333
80 119
81 288
81 25
81 142
81 443
81 473
81 130
81 362
81 484
81 370
81 174
81 333
81 345
81 337
81 232
81 18
81 290
81 332
81 469
81 109
81 150
82 326
82 426
82 127
82 80
82 405
82 240
82 494
82 449
82 482
82 208
82 199
82 336
82 341
82 57
82 42
82 422
82 85
82 487
82 217
82 437
83 37
83 47
83 287
83 146
83 490
83 51
83 244
83 135
83 386
83 69
83 92
83 277
83 417
83 0
83 224
83 55
83 477
83 263
83 261
83 376
84 165
84 111
84 429
84 54
84 455
84 321
84 488
84 262
84 113
84 94
84 45
84 170
84 273
84 410
84 231
84 382
84 70
84 266
84 327
84 137
85 381
85 145
85 333
85 179
85 405
85 89
85 143
85 1
85 174
85 8
85 370
85 108
85 169
85 232
85 248
85 311
85 442
85 23
85 210
85 304
86 356
86 32
86 44
86 488
86 192
86 198
86 249
86 66
86 125
86 162
86 158
86 258
86 291
86 159
86 314
86 155
86 340
86 495
86 315
86 408
87 303
87 203
87 346
87 229
87 138
87 35
87 338
87 223
87 31
87 176
87 281
87 452
87 419
87 480
87 53
87 308
87 485
87 220
87 409
87 378
88 404
88 10
88 216
88 272
88 295
88 160
88 271
88 241
88 473
88 76
88 26
88 109
88 462
88 222
88 72
88 201
88 180
88 25
88 142
88 147
89 2
89 174
89 461
89 63
89 325
89 179
89 81
89 30
89 109
89 370
89 106
89 147
89 202
89 250
89 73
89 443
89 484
89 107
89 61
89 195
90 340
90 67
90 7
90 436
90 141
90 307
90 318
90 158
90 359
90 401
90 379
90 198
90 66
90 343
90 44
90 68
90 110
90 177
90 86
90 59
91 350
91 263
91 242
91 257
91 236
91 224
91 462
91 69
91 454
91 46
91 21
91 228
91 300
91 4
91 160
91 36
91 463
91 310
91 444
91 11
92 116
92 268
92 225
92 146
92 47
92 22
92 220
92 490
92 260
92 456
92 194
92 183
92 386
92 51
92 491
92 102
92 35
92 166
92 432
92 479
93 496
93 395
93 89
93 212
93 370
93 335
93 278
93 437
93 175
93 151
93 304
93 80
93 210
93 8
93 79
93 240
93 20
93 27
93 169
93 107
94 187
94 361
94 269
94 478
94 384
94 96
94 457
94 131
94 101
94 292
94 45
94 352
94 446
94 434
94 423
94 6
94 111
94 280
94 157
94 382
95 356
95 291
95 68
95 265
95 431
95 340
95 343
95 321
95 307
95 394
95 59
95 132
95 439
95 44
95 344
95 364
95 158
95 251
95 164
95 324
96 457
96 347
96 328
96 57
96 434
96 149
96 184
96 17
96 430
96 384
96 385
96 170
96 357
96 120
96 365
96 269
96 45
96 389
96 71
96 181
97 120
97 483
97 57
97 353
97 157
97 74
97 82
97 457
97 450
97 269
97 171
97 6
97 434
97 167
97 494
97 336
97 184
97 64
97 101
97 136
98 74
98 113
98 384
98 170
98 184
98 434
98 457
98 171
98 374
98 104
98 319
98 467
98 28
98 355
98 423
98 347
98 56
98 97
98 478
98 239
99 195
99 93
99 278
99 175
99 73
99 297
99 442
99 422
99 42
99 496
99 313
99 129
99 33
99 259
99 240
99 23
99 210
99 426
99 395
99 421
100 480
100 34
100 315
100 285
100 358
100 197
100 62
100 445
100 351
100 188
100 86
100 95
100 448
100 29
100 90
100 189
100 391
100 495
100 392
100 472
101 169
101 210
101 492
101 397
101 424
101 43
101 489
101 149
101 437
101 167
101 182
101 331
101 487
101 347
101 494
101 483
101 136
101 348
101 426
101 208
102 163
102 351
102 420
102 459
102 227
102 378
102 368
102 115
102 48
102 188
102 162
102 156
102 367
102 403
102 485
102 460
102 256
102 448
102 34
102 409
103 219
103 44
103 343
103 132
103 433
103 324
103 158
103 249
103 291
103 233
103 140
103 379
103 110
103 307
103 318
103 105
103 314
103 7
103 358
103 394
104 331
104 6
104 181
104 74
104 134
104 28
104 157
104 133
104 468
104 136
104 96
104 389
104 467
104 187
104 131
104 101
104 173
104 399
104 373
104 361
105 439
105 134
105 488
105 77
105 239
105 382
105 471
105 430
105 410
105 468
105 319
105 111
105 54
105 327
105 273
105 97
105 328
105 206
105 171
105 6
106 295
106 172
106 406
106 342
106 50
106 290
106 288
106 226
106 334
106 461
106 201
106 250
106 147
106 305
106 109
106 142
106 320
106 119
106 30
106 272
107 222
107 325
107 109
107 402
107 126
107 393
107 16
107 470
107 201
107 297
107 174
107 250
107 362
107 270
107 248
107 147
107 296
107 371
107 333
107 473
108 421
108 316
108 129
108 126
108 320
108 235
108 297
108 461
108 18
108 25
108 473
108 484
108 232
108 381
108 250
108 202
108 106
108 121
108 333
108 345
109 393
109 474
109 147
109 458
109 298
109 50
109 241
109 296
109 91
109 372
109 274
109 290
109 469
109 342
109 295
109 334
109 411
109 332
109 4
109 270
110 231
110 314
110 66
110 344
110 200
110 323
110 125
110 475
110 219
110 70
110 307
110 318
110 446
110 343
110 141
110 436
110 495
110 340
110 410
110 447
111 120
111 413
111 494
111 181
111 415
111 492
111 355
111 56
111 5
111 423
111 387
111 336
111 136
111 93
111 487
111 127
111 247
111 389
111 286
111 450
112 188
112 285
112 40
112 324
112 460
112 308
112 420
112 485
112 403
112 138
112 440
112 368
112 349
112 60
112 103
112 29
112 289
112 86
112 229
112 409
113 352
113 137
113 355
113 309
113 483
113 64
113 357
113 434
113 331
113 476
113 398
113 430
113 170
113 353
113 374
113 6
113 387
113 182
113 71
113 74
114 249
114 98
114 475
114 399
114 291
114 447
114 77
114 471
114 408
114 321
114 394
114 488
114 7
114 94
114 323
114 343
114 221
114 436
114 446
114 206
115 394
115 392
115 403
115 435
115 177
115 198
115 122
115 86
115 379
115 460
115 155
115 227
115 322
115 408
115 60
115 66
115 364
115 110
115 383
115 343
116 0
116 277
116 225
116 51
116 87
116 205
116 245
116 35
116 350
116 493
116 124
116 78
116 55
116 346
116 166
116 306
116 14
116 330
116 419
116 22
117 246
117 490
117 53
117 92
117 376
117 277
117 260
117 37
117 427
117 477
117 330
117 186
117 51
117 456
117 47
117 276
117 209
117 417
117 464
117 300
118 357
118 137
118 375
118 133
118 336
118 468
118 360
118 483
118 252
118 170
118 498
118 157
118 280
118 390
118 111
118 28
118 181
118 355
118 187
118 309
119 109
119 334
119 404
119 316
119 295
119 290
119 362
119 250
119 232
119 254
119 288
119 465
119 128
119 172
119 406
119 142
119 469
119 342
119 393
119 305
120 489
120 136
120 365
120 127
120 336
120 42
120 279
120 309
120 82
120 487
120 85
120 476
120 259
120 395
120 347
120 71
120 33
120 175
120 348
120 317
121 294
121 320
121 282
121 234
121 179
121 469
121 496
121 370
121 248
121 381
121 63
121 407
121 88
121 406
121 371
121 2
121 393
121 325
121 139
121 372
122 401
122 86
122 84
122 441
122 200
122 265
122 59
122 221
122 204
122 344
122 368
122 105
122 249
122 322
122 58
122 436
122 412
122 340
122 258
122 158
123 235
123 121
123 151
123 73
123 139
123 23
123 294
123 304
123 88
123 293
123 106
123 147
123 371
123 234
123 393
123 1
123 406
123 107
123 89
123 381
124 358
124 229
124 349
124 161
124 95
124 452
124 440
124 153
124 359
124 392
124 409
124 227
124 176
124 396
124 460
124 140
124 103
124 223
124 48
124 62
125 196
125 478
125 410
125 373
125 446
125 430
125 137
125 264
125 457
125 475
125 104
125 273
125 45
125 467
125 187
125 321
125 171
125 98
125 77
125 165
126 160
126 362
126 13
126 342
126 218
126 470
126 76
126 337
126 272
126 154
126 12
126 284
126 296
126 128
126 15
126 26
126 150
126 295
126 10
126 4
127 217
127 121
127 407
127 405
127 449
127 395
127 169
127 27
127 143
127 437
127 248
127 23
127 293
127 42
127 5
127 123
127 107
127 259
127 8
127 174
128 261
128 215
128 411
128 310
128 154
128 274
128 52
128 69
128 207
128 255
128 238
128 377
128 209
128 76
128 244
128 185
128 253
128 263
128 46
128 428
129 1
129 288
129 234
129 18
129 270
129 81
129 443
129 130
129 407
129 337
129 179
129 296
129 371
129 151
129 469
129 147
129 370
129 293
129 325
129 174
130 128
130 154
130 272
130 295
130 287
130 237
130 497
130 50
130 241
130 142
130 284
130 238
130 26
130 46
130 148
130 404
130 411
130 444
130 453
130 242
131 357
131 187
131 430
131 398
131 239
131 494
131 133
131 111
131 336
131 365
131 45
131 374
131 82
131 328
131 355
131 415
131 54
131 347
131 373
131 413
132 104
132 262
132 94
132 97
132 171
132 423
132 170
132 478
132 355
132 327
132 231
132 321
132 467
132 45
132 416
132 439
132 70
132 264
132 319
132 292
133 348
133 317
133 424
133 167
133 43
133 437
133 365
133 57
133 42
133 426
133 136
133 450
133 149
133 492
133 413
133 489
133 208
133 309
133 279
133 182
134 101
134 309
134 171
134 56
134 187
134 348
134 280
134 157
134 352
134 54
134 483
134 357
134 181
134 286
134 247
134 373
134 468
134 387
134 184
134 264
135 51
135 493
135 330
135 0
135 499
135 163
135 49
135 276
135 31
135 37
135 220
135 386
135 346
135 166
135 168
135 479
135 350
135 245
135 24
135 19
136 259
136 20
136 149
136 80
136 422
136 208
136 489
136 240
136 9
136 210
136 127
136 415
136 175
136 145
136 169
136 82
136 405
136 99
136 437
136 278
137 171
137 182
137 326
137 430
137 347
137 415
137 247
137 133
137 390
137 301
137 353
137 457
137 398
137 385
137 181
137 279
137 187
137 99
137 492
137 355
138 358
138 115
138 315
138 351
138 472
138 267
138 34
138 213
138 177
138 158
138 289
138 227
138 383
138 412
138 486
138 349
138 364
138 460
138 58
138 32
139 218
139 470
139 119
139 469
139 465
139 372
139 272
139 226
139 337
139 232
139 250
139 179
139 458
139 320
139 296
139 305
139 30
139 453
139 325
139 16
140 318
140 266
140 141
140 441
140 488
140 486
140 249
140 344
140 401
140 233
140 262
140 433
140 94
140 189
140 70
140 379
140 84
140 315
140 58
140 125
141 68
141 327
141 165
141 77
141 401
141 416
141 104
141 475
141 155
141 433
141 114
141 488
141 429
141 323
141 200
141 273
141 322
141 214
141 262
141 159
142 91
142 241
142 255
142 454
142 72
142 428
142 117
142 444
142 497
142 193
142 148
142 453
142 228
142 83
142 92
142 237
142 224
142 263
142 253
142 185
143 254
143 1
143 109
143 345
143 232
143 325
143 311
143 2
143 370
143 139
143 30
143 422
143 151
143 107
143 406
143 235
143 496
143 316
143 381
143 61
144 243
144 396
144 115
144 338
144 285
144 112
144 138
144 460
144 161
144 188
144 368
144 34
144 103
144 472
144 67
144 86
144 452
144 349
144 29
144 90
145 202
145 119
145 129
145 88
145 254
145 443
145 465
145 282
145 311
145 63
145 406
145 297
145 461
145 294
145 232
145 473
145 407
145 402
145 484
145 80
146 186
146 417
146 338
146 419
146 376
146 75
146 24
146 260
146 153
146 246
146 303
146 31
146 87
146 485
146 194
146 427
146 308
146 456
146 230
146 65
147 26
147 50
147 345
147 253
147 444
147 180
147 148
147 130
147 255
147 228
147 453
147 296
147 305
147 462
147 222
147 463
147 404
147 160
147 284
147 274
148 116
148 69
148 261
148 306
148 0
148 477
148 255
148 242
148 224
148 432
148 207
148 22
148 369
148 83
148 274
148 245
148 46
148 21
148 41
148 350
149 80
149 496
149 335
149 23
149 8
149 449
149 85
149 63
149 79
149 129
149 405
149 99
149 212
149 282
149 278
149 301
149 93
149 341
149 365
149 169
150 236
150 295
150 191
150 15
150 462
150 52
150 4
150 453
150 190
150 172
150 238
150 477
150 284
150 154
150 11
150 237
150 298
150 207
150 216
150 160
151 109
151 88
151 126
151 25
151 484
151 139
151 106
151 406
151 130
151 253
151 345
151 179
151 458
151 119
151 411
151 393
151 288
151 226
151 316
151 272
152 491
152 112
152 166
152 230
152 144
152 440
152 268
152 480
152 156
152 303
152 338
152 35
152 100
152 53
152 3
152 65
152 115
152 153
152 186
152 183
153 380
153 140
153 40
153 351
153 472
153 383
153 448
153 391
153 161
153 367
153 29
153 90
153 48
153 34
153 243
153 197
153 95
153 403
153 412
153 368
154 87
154 257
154 146
154 41
154 350
154 11
154 244
154 211
154 135
154 477
154 19
154 310
154 490
154 92
154 454
154 377
154 275
154 466
154 36
154 417
155 467
155 340
155 118
155 471
155 125
155 233
155 134
155 105
155 366
155 97
155 327
155 344
155 441
155 214
155 96
155 363
155 475
155 251
155 258
155 399
156 367
156 435
156 338
156 90
156 103
156 256
156 158
156 459
156 162
156 480
156 177
156 60
156 188
156 318
156 285
156 358
156 460
156 140
156 380
156 34
157 387
157 397
157 413
157 99
157 326
157 149
157 335
157 347
157 259
157 365
157 424
157 5
157 82
157 317
157 425
157 482
157 212
157 57
157 286
157 252
158 431
158 231
158 394
158 410
158 495
158 366
158 59
158 165
158 307
158 446
158 114
158 204
158 291
158 379
158 70
158 321
158 364
158 66
158 44
158 439
159 394
159 155
159 439
159 84
159 363
159 77
159 198
159 467
159 408
159 431
159 262
159 105
159 196
159 132
159 322
159 471
159 446
159 344
159 291
159 273
160 300
160 135
160 329
160 261
160 146
160 78
160 354
160 117
160 312
160 287
160 245
160 377
160 92
160 306
160 224
160 22
160 36
160 463
160 462
160 194
161 198
161 351
161 315
161 368
161 189
161 435
161 213
161 441
161 44
161 103
161 32
161 267
161 84
161 159
161 392
161 68
161 7
161 67
161 59
161 214
162 233
162 394
162 158
162 431
162 32
162 214
162 364
162 314
162 219
162 340
162 495
162 58
162 165
162 95
162 441
162 200
162 318
162 189
162 192
162 198
163 459
163 358
163 480
163 34
163 103
163 138
163 100
163 40
163 383
163 3
163 162
163 308
163 140
163 115
163 60
163 161
163 213
163 95
163 445
163 368
164 94
164 363
164 77
164 373
164 133
164 352
164 98
164 184
164 410
164 387
164 137
164 327
164 231
164 239
164 478
164 6
164 104
164 56
164 475
164 457
165 196
165 478
165 113
165 56
165 171
165 98
165 423
165 173
165 45
165 70
165 455
165 366
165 104
165 6
165 251
165 399
165 273
165 170
165 118
165 434
166 203
166 403
166 427
166 308
166 223
166 283
166 481
166 378
166 445
166 448
166 383
166 464
166 40
166 409
166 338
166 420
166 440
166 188
166 60
166 112
167 20
167 397
167 421
167 279
167 182
167 212
167 438
167 79
167 487
167 413
167 82
167 449
167 425
167 80
167 437
167 247
167 405
167 442
167 326
167 353
168 156
168 203
168 268
168 24
168 338
168 163
168 102
168 464
168 409
168 49
168 183
168 188
168 87
168 31
168 144
168 112
168 346
168 448
168 303
168 220
169 174
169 320
169 151
169 202
169 297
169 442
169 438
169 195
169 465
169 449
169 304
169 108
169 254
169 484
169 79
169 333
169 489
169 107
169 496
169 226
170 182
170 252
170 398
170 384
170 136
170 457
170 494
170 54
170 347
170 149
170 309
170 269
170 353
170 74
170 375
170 57
170 492
170 171
170 389
170 247
171 28
171 375
171 181
171 434
171 157
171 187
171 93
171 397
171 279
171 64
171 184
171 301
171 111
171 99
171 133
171 149
171 56
171 457
171 347
171 373
172 300
172 236
172 428
172 238
172 255
172 242
172 306
172 41
172 135
172 69
172 275
172 274
172 117
172 154
172 38
172 209
172 451
172 241
172 13
172 454
173 28
173 328
173 309
173 390
173 64
173 113
173 336
173 468
173 239
173 347
173 375
173 384
173 398
173 131
173 355
173 157
173 353
173 82
173 457
173 476
174 461
174 320
174 128
174 290
174 119
174 332
174 414
174 147
174 254
174 150
174 222
174 284
174 470
174 294
174 337
174 25
174 142
174 406
174 130
174 12
175 484
175 254
175 61
175 107
175 80
175 81
175 123
175 143
175 151
175 119
175 2
175 311
175 405
175 226
175 202
175 88
175 8
175 174
175 421
175 195
176 486
176 351
176 62
176 189
176 481
176 34
176 383
176 90
176 204
176 140
176 459
176 40
176 58
176 283
176 368
176 445
176 349
176 380
176 472
176 285
177 324
177 401
177 412
177 323
177 340
177 408
177 189
177 359
177 318
177 447
177 214
177 486
177 114
177 162
177 435
177 62
177 68
177 66
177 213
177 344
178 124
178 403
178 409
178 90
178 289
178 177
178 100
178 452
178 358
178 367
178 380
178 67
178 396
178 459
178 420
178 359
178 368
178 283
178 163
178 412
179 333
179 128
179 320
179 232
179 474
179 270
179 469
179 109
179 484
179 288
179 298
179 316
179 393
179 305
179 119
179 411
179 201
179 325
179 25
179 414
180 342
180 255
180 11
180 451
180 69
180 201
180 362
180 128
180 4
180 466
180 216
180 369
180 238
180 237
180 404
180 228
180 41
180 274
180 284
180 160
181 175
181 210
181 99
181 217
181 348
181 199
181 424
181 390
181 360
181 42
181 57
181 326
181 17
181 415
181 347
181 136
181 450
181 395
181 127
181 64
182 108
182 326
182 301
182 23
182 279
182 496
182 442
182 129
182 143
182 121
182 202
182 80
182 413
182 107
182 93
182 259
182 27
182 395
182 123
182 63
183 459
183 48
183 283
183 60
183 203
183 115
183 161
183 383
183 303
183 90
183 223
183 485
183 403
183 391
183 227
183 479
183 491
183 100
183 65
183 102
184 5
184 413
184 133
184 326
184 492
184 387
184 390
184 313
184 450
184 286
184 365
184 71
184 331
184 42
184 375
184 317
184 187
184 397
184 9
184 101
185 52
185 354
185 300
185 37
185 350
185 39
185 238
185 493
185 263
185 400
185 376
185 207
185 22
185 277
185 451
185 205
185 51
185 339
185 428
185 432
186 419
186 445
186 14
186 303
186 115
186 178
186 403
186 53
186 308
186 156
186 346
186 3
186 479
186 229
186 289
186 480
186 268
186 223
186 227
186 35
187 313
187 309
187 426
187 385
187 390
187 374
187 9
187 387
187 247
187 5
187 357
187 395
187 286
187 434
187 217
187 326
187 17
187 42
187 415
187 482
188 40
188 192
188 177
188 189
188 403
188 95
188 459
188 200
188 367
188 448
188 227
188 324
188 460
188 396
188 486
188 472
188 368
188 34
188 267
188 197
189 314
189 233
189 475
189 132
189 343
189 267
189 164
189 321
189 165
189 439
189 364
189 344
189 158
189 322
189 125
189 249
189 198
189 94
189 431
189 436
190 116
190 224
190 185
190 83
190 92
190 400
190 312
190 26
190 37
190 377
190 238
190 463
190 36
190 0
190 236
190 245
190 310
190 462
190 497
190 193
191 271
191 216
191 72
191 369
191 241
191 444
191 41
191 263
191 253
191 428
191 83
191 453
191 193
191 128
191 15
191 334
191 242
191 462
191 305
191 354
192 114
192 214
192 155
192 66
192 233
192 249
192 364
192 273
192 446
192 323
192 159
192 343
192 221
192 495
192 165
192 258
192 198
192 439
192 94
192 433
193 477
193 263
193 275
193 39
193 300
193 386
193 257
193 205
193 427
193 21
193 225
193 146
193 417
193 224
193 432
193 51
193 276
193 49
193 215
193 37
194 211
194 65
194 480
194 14
194 260
194 24
194 378
194 186
194 346
194 308
194 427
194 205
194 203
194 456
194 51
194 29
194 246
194 277
194 19
194 338
195 235
195 381
195 18
195 119
195 402
195 297
195 461
195 201
195 179
195 81
195 404
195 293
195 316
195 180
195 61
195 151
195 2
195 150
195 109
195 226
196 390
196 280
196 347
196 457
196 384
196 173
196 137
196 355
196 357
196 134
196 131
196 434
196 328
196 136
196 133
196 286
196 468
196 387
196 171
196 476
197 441
197 214
197 114
197 162
197 59
197 68
197 447
197 408
197 155
197 198
197 67
197 213
197 233
197 44
197 189
197 141
197 356
197 105
197 314
197 401
198 70
198 488
198 436
198 455
198 366
198 361
198 467
198 214
198 251
198 307
198 352
198 475
198 416
198 439
198 327
198 363
198 249
198 131
198 97
198 94
199 240
199 405
199 108
199 202
199 235
199 174
199 8
199 302
199 61
199 234
199 80
199 145
199 143
199 449
199 304
199 388
199 311
199 27
199 212
199 282
200 314
200 307
200 214
200 198
200 249
200 59
200 165
200 159
200 44
200 401
200 431
200 366
200 436
200 488
200 98
200 265
200 221
200 478
200 94
200 233
201 255
201 21
201 154
201 253
201 150
201 404
201 148
201 274
201 11
201 295
201 83
201 238
201 172
201 4
201 411
201 462
201 305
201 237
201 354
201 38
202 393
202 282
202 461
202 297
202 25
202 484
202 119
202 109
202 402
202 288
202 81
202 294
202 470
202 232
202 107
202 130
202 406
202 381
202 341
202 174
203 289
203 65
203 102
203 283
203 485
203 124
203 86
203 34
203 440
203 188
203 161
203 100
203 213
203 220
203 3
203 378
203 391
203 29
203 256
203 31
204 447
204 258
204 251
204 363
204 433
204 408
204 7
204 233
204 416
204 59
204 105
204 314
204 44
204 231
204 68
204 364
204 327
204 475
204 356
204 322
205 391
205 289
205 420
205 229
205 225
205 35
205 491
205 485
205 166
205 112
205 277
205 281
205 156
205 479
205 3
205 419
205 31
205 452
205 308
205 499
206 373
206 375
206 57
206 498
206 82
206 56
206 97
206 187
206 348
206 252
206 357
206 423
206 384
206 173
206 157
206 353
206 309
206 64
206 264
206 347
207 490
207 224
207 55
207 19
207 257
207 39
207 300
207 263
207 287
207 36
207 244
207 215
207 330
207 369
207 186
207 493
207 87
207 377
207 277
207 376
208 234
208 106
208 18
208 449
208 304
208 226
208 81
208 63
208 320
208 405
208 73
208 302
208 371
208 388
208 406
208 278
208 23
208 151
208 195
208 145
209 493
209 376
209 47
209 168
209 245
209 281
209 194
209 35
209 92
209 37
209 102
209 0
209 400
209 183
209 53
209 377
209 31
209 78
209 152
209 205
210 248
210 129
210 73
210 88
210 1
210 302
210 175
210 123
210 234
210 370
210 489
210 325
210 388
210 381
210 121
210 179
210 442
210 297
210 282
210 195
211 124
211 186
211 499
211 65
211 420
211 35
211 418
211 281
211 427
211 156
211 456
211 378
211 268
211 276
211 464
211 419
211 55
211 230
211 51
211 229
212 175
212 108
212 240
212 402
212 226
212 422
212 320
212 43
212 294
212 174
212 169
212 143
212 297
212 106
212 202
212 123
212 139
212 438
212 235
212 85
213 433
213 86
213 66
213 315
213 380
213 344
213 441
213 322
213 359
213 198
213 68
213 221
213 62
213 162
213 265
213 314
213 159
213 103
213 436
213 44
214 233
214 292
214 273
214 105
214 498
214 429
214 196
214 98
214 251
214 219
214 137
214 264
214 70
214 447
214 77
214 340
214 291
214 94
214 96
214 165
215 312
215 419
215 376
215 491
215 400
215 277
215 19
215 499
215 55
215 417
215 464
215 194
215 490
215 186
215 386
215 205
215 276
215 209
215 268
215 14
216 228
216 46
216 261
216 477
216 257
216 224
216 241
216 263
216 185
216 287
216 350
216 135
216 22
216 69
216 306
216 329
216 83
216 209
216 36
216 154
217 278
217 437
217 1
217 293
217 381
217 422
217 208
217 63
217 395
217 23
217 210
217 199
217 325
217 313
217 371
217 8
217 107
217 202
217 302
217 370
218 130
218 190
218 470
218 10
218 271
218 463
218 38
218 253
218 295
218 296
218 180
218 41
218 160
218 290
218 46
218 237
218 15
218 142
218 50
218 150
219 249
219 173
219 361
219 97
219 125
219 196
219 478
219 431
219 410
219 113
219 416
219 45
219 134
219 467
219 264
219 439
219 118
219 498
219 96
219 273
220 153
220 122
220 283
220 420
220 162
220 156
220 223
220 409
220 396
220 383
220 138
220 380
220 349
220 62
220 227
220 112
220 440
220 197
220 308
220 460
221 187
221 410
221 273
221 328
221 206
221 239
221 104
221 455
221 131
221 54
221 266
221 399
221 439
221 382
221 56
221 475
221 70
221 498
221 111
221 45
222 154
222 172
222 83
222 404
222 38
222 41
222 255
222 474
222 185
222 191
222 128
222 13
222 342
222 207
222 242
222 10
222 142
222 290
222 305
222 451
223 356
223 267
223 359
223 110
223 318
223 67
223 114
223 192
223 140
223 380
223 141
223 435
223 408
223 60
223 32
223 495
223 213
223 314
223 189
223 204
224 186
224 377
224 211
224 263
224 456
224 78
224 276
224 339
224 350
224 19
224 376
224 215
224 183
224 400
224 246
224 330
224 146
224 300
224 0
224 87
225 308
225 183
225 65
225 60
225 456
225 35
225 227
225 3
225 31
225 480
225 281
225 420
225 220
225 285
225 100
225 53
225 419
225 459
225 440
225 144
226 76
226 414
226 271
226 126
226 372
226 362
226 150
226 18
226 290
226 12
226 172
226 16
226 148
226 465
226 337
226 402
226 218
226 443
226 38
226 473
227 155
227 364
227 58
227 219
227 66
227 396
227 95
227 322
227 436
227 141
227 198
227 90
227 258
227 314
227 351
227 481
227 86
227 340
227 495
227 67
228 329
228 451
228 207
228 22
228 117
228 310
228 377
228 466
228 369
228 244
228 211
228 185
228 428
228 51
228 261
228 376
228 15
228 300
228 454
228 493
229 435
229 283
229 156
229 103
229 285
229 140
229 403
229 392
229 351
229 115
229 359
229 213
229 391
229 188
229 192
229 67
229 440
229 383
229 338
229 58
230 166
230 418
230 378
230 308
230 75
230 3
230 14
230 183
230 448
230 303
230 281
230 491
230 138
230 31
230 338
230 367
230 65
230 48
230 220
230 102
231 498
231 328
231 173
231 416
231 118
231 113
231 74
231 96
231 184
231 264
231 239
231 134
231 455
231 170
231 28
231 352
231 269
231 111
231 137
231 467
232 294
232 201
232 216
232 88
232 342
232 298
232 30
232 253
232 345
232 393
232 484
232 296
232 226
232 288
232 295
232 180
232 148
232 109
232 150
232 453
233 171
233 363
233 475
233 355
233 132
233 45
233 118
233 221
233 478
233 269
233 206
233 471
233 125
233 366
233 455
233 373
233 291
233 382
233 164
233 173
234 30
234 109
234 174
234 370
234 332
234 218
234 414
234 139
234 201
234 2
234 250
234 296
234 484
234 10
234 443
234 345
234 342
234 290
234 254
234 270
235 38
235 18
235 128
235 190
235 2
235 402
235 180
235 16
235 294
235 76
235 250
235 362
235 88
235 10
235 201
235 461
235 30
235 288
235 226
235 453
236 205
236 92
236 369
236 41
236 287
236 432
236 78
236 451
236 312
236 310
236 22
236 69
236 277
236 11
236 168
236 228
236 52
236 49
236 275
236 466
237 154
237 432
237 146
237 354
237 209
237 83
237 490
237 310
237 211
237 11
237 13
237 493
237 454
237 287
237 193
237 194
237 19
237 236
237 215
237 15
238 224
238 39
238 37
238 152
238 261
238 376
238 277
238 329
238 451
238 78
238 209
238 87
238 52
238 21
238 146
238 493
238 306
238 193
238 215
238 19
239 181
239 136
239 328
239 385
239 56
239 397
239 347
239 398
239 133
239 355
239 482
239 64
239 301
239 390
239 387
239 336
239 217
239 434
239 360
239 101
240 234
240 61
240 226
240 174
240 402
240 106
240 235
240 2
240 489
240 406
240 250
240 81
240 123
240 320
240 371
240 422
240 341
240 195
240 254
240 443
241 78
241 46
241 261
241 275
241 454
241 369
241 194
241 462
241 193
241 154
241 207
241 22
241 417
241 52
241 0
241 386
241 69
241 237
241 224
241 339
242 116
242 135
242 168
242 451
242 386
242 0
242 194
242 19
242 261
242 92
242 306
242 55
242 287
242 24
242 152
242 209
242 146
242 224
242 205
242 454
243 440
243 140
243 349
243 396
243 176
243 115
243 318
243 161
243 3
243 60
243 315
243 403
243 58
243 29
243 324
243 227
243 62
243 48
243 448
243 412
244 205
244 24
244 245
244 116
244 168
244 419
244 464
244 0
244 427
244 183
244 277
244 329
244 377
244 51
244 92
244 53
244 135
244 456
244 454
244 386
245 102
245 166
245 386
245 112
245 39
245 479
245 51
245 183
245 168
245 19
245 35
245 378
245 299
245 268
245 276
245 205
245 306
245 225
245 146
245 303
246 102
246 100
246 176
246 308
246 440
246 31
246 403
246 60
246 420
246 124
246 75
246 153
246 448
246 303
246 452
246 285
246 112
246 391
246 346
246 186
247 145
247 182
247 302
247 336
247 385
247 341
247 9
247 210
247 57
247 450
247 395
247 421
247 127
247 437
247 426
247 108
247 489
247 317
247 208
247 279
248 235
248 139
248 325
248 270
248 254
248 222
248 73
248 1
248 470
248 484
248 332
248 288
248 226
248 337
248 316
248 290
248 250
248 362
248 406
248 130
249 352
249 97
249 6
249 251
249 269
249 171
249 173
249 94
249 439
249 206
249 478
249 125
249 431
249 319
249 137
249 84
249 498
249 45
249 113
249 475
250 458
250 46
250 191
250 150
250 345
250 30
250 404
250 91
250 470
250 4
250 10
250 88
250 50
250 142
250 272
250 216
250 222
250 270
250 295
250 414
251 206
251 118
251 101
251 131
251 196
251 455
251 269
251 77
251 187
251 137
251 361
251 416
251 97
251 56
251 292
251 74
251 468
251 157
251 280
251 113
252 210
252 313
252 247
252 353
252 476
252 279
252 199
252 43
252 385
252 33
252 79
252 17
252 99
252 217
252 212
252 182
252 426
252 489
252 317
252 127
253 36
253 274
253 261
253 236
253 41
253 241
253 238
253 228
253 300
253 83
253 91
253 72
253 69
253 237
253 224
253 215
253 15
253 185
253 474
253 428
254 470
254 172
254 295
254 305
254 253
254 372
254 12
254 497
254 26
254 180
254 216
254 272
254 270
254 222
254 461
254 201
254 473
254 50
254 241
254 316
255 369
255 37
255 400
255 211
255 83
255 493
255 0
255 15
255 78
255 339
255 41
255 350
255 432
255 207
255 22
255 92
255 261
255 417
255 146
255 329
256 95
256 486
256 356
256 401
256 159
256 189
256 343
256 197
256 314
256 40
256 122
256 192
256 420
256 213
256 158
256 140
256 115
256 318
256 323
256 315
257 75
257 186
257 299
257 479
257 146
257 78
257 178
257 491
257 49
257 39
257 14
257 230
257 329
257 456
257 419
257 102
257 87
257 31
257 378
257 245
258 471
258 416
258 280
258 165
258 70
258 94
258 307
258 446
258 132
258 455
258 363
258 498
258 265
258 292
258 439
258 410
258 340
258 468
258 266
258 77
259 293
259 304
259 79
259 388
259 422
259 43
259 341
259 169
259 240
259 248
259 421
259 395
259 107
259 282
259 195
259 145
259 335
259 202
259 89
259 20
260 183
260 178
260 144
260 403
260 203
260 289
260 456
260 308
260 3
260 102
260 243
260 112
260 285
260 220
260 225
260 176
260 65
260 480
260 299
260 256
261 92
261 312
261 0
261 493
261 246
261 135
261 386
261 419
261 427
261 194
261 230
261 306
261 263
261 211
261 303
261 499
261 152
261 350
261 35
261 166
262 184
262 97
262 331
262 416
262 104
262 113
262 157
262 131
262 430
262 239
262 498
262 457
262 434
262 352
262 328
262 206
262 96
262 375
262 410
262 387
263 78
263 75
263 257
263 205
263 299
263 456
263 310
263 39
263 377
263 419
263 277
263 329
263 22
263 209
263 276
263 19
263 0
263 37
263 260
263 491
264 424
264 498
264 131
264 348
264 17
264 483
264 113
264 450
264 353
264 455
264 171
264 184
264 120
264 28
264 96
264 423
264 374
264 434
264 170
264 252
265 446
265 96
265 54
265 113
265 498
265 105
265 467
265 206
265 291
265 373
265 423
265 134
265 416
265 45
265 292
265 74
265 319
265 171
265 98
265 239
266 104
266 97
266 56
266 187
266 321
266 328
266 165
266 475
266 113
266 416
266 382
266 231
266 429
266 455
266 264
266 70
266 111
266 319
266 54
266 196
267 446
267 429
267 322
267 262
267 401
267 431
267 321
267 410
267 70
267 439
267 59
267 32
267 323
267 196
267 327
267 344
267 478
267 231
267 159
267 233
268 480
268 122
268 156
268 213
268 378
268 188
268 161
268 289
268 391
268 153
268 281
268 396
268 440
268 144
268 479
268 29
268 485
268 14
268 227
268 178
269 374
269 64
269 82
269 279
269 483
269 239
269 326
269 17
269 360
269 494
269 415
269 111
269 133
269 149
269 56
269 353
269 425
269 357
269 355
269 492
270 216
270 222
270 36
270 69
270 201
270 83
270 76
270 11
270 185
270 497
270 287
270 236
270 180
270 41
270 274
270 50
270 451
270 237
270 15
270 128
271 52
271 207
271 241
271 287
271 117
271 274
271 36
271 72
271 209
271 26
271 41
271 215
271 172
271 238
271 228
271 497
271 193
271 354
271 369
271 329
272 142
272 83
272 4
272 369
272 411
272 150
272 26
272 76
272 41
272 148
272 154
272 463
272 50
272 241
272 451
272 242
272 334
272 305
272 354
272 222
273 387
273 101
273 269
273 133
273 361
273 206
273 181
273 264
273 457
273 170
273 319
273 196
273 471
273 134
273 113
273 399
273 373
273 384
273 97
273 476
274 41
274 154
274 168
274 37
274 116
274 245
274 493
274 21
274 244
274 194
274 215
274 15
274 49
274 22
274 11
274 329
274 117
274 257
274 444
274 490
275 490
275 146
275 499
275 376
275 261
275 260
275 152
275 300
275 55
275 49
275 215
275 224
275 166
275 245
275 312
275 116
275 87
275 244
275 209
275 246
276 246
276 330
276 427
276 308
276 256
276 205
276 75
276 303
276 24
276 35
276 338
276 39
276 14
276 65
276 367
276 499
276 420
276 166
276 153
276 464
277 440
277 485
277 427
277 156
277 303
277 346
277 183
277 188
277 35
277 338
277 152
277 330
277 378
277 24
277 452
277 55
277 491
277 53
277 260
277 420
278 402
278 143
278 108
278 421
278 151
278 89
278 282
278 88
278 293
278 473
278 442
278 496
278 226
278 174
278 250
278 311
278 443
278 202
278 195
278 449
279 341
279 278
279 85
279 482
279 127
279 217
279 421
279 212
279 8
279 93
279 121
279 20
279 210
279 195
279 145
279 202
279 169
279 80
279 317
279 143
280 54
280 64
280 353
280 157
280 348
280 182
280 360
280 389
280 382
280 424
280 74
280 170
280 252
280 111
280 328
280 136
280 423
280 167
280 455
280 57
281 289
281 188
281 383
281 100
281 460
281 472
281 115
281 367
281 256
281 481
281 391
281 213
281 420
281 220
281 452
281 459
281 243
281 124
281 223
281 392
282 297
282 333
282 226
282 496
282 458
282 195
282 294
282 470
282 402
282 332
282 88
282 293
282 371
282 1
282 381
282 30
282 81
282 107
282 130
282 372
283 392
283 34
283 359
283 204
283 90
283 141
283 58
283 59
283 95
283 32
283 86
283 67
283 368
283 62
283 223
283 114
283 162
283 315
283 227
283 189
284 207
284 72
284 241
284 428
284 253
284 263
284 466
284 255
284 477
284 148
284 193
284 190
284 295
284 242
284 334
284 228
284 238
284 172
284 274
284 117
285 90
285 95
285 323
285 67
285 7
285 114
285 322
285 351
285 343
285 380
285 314
285 368
285 495
285 60
285 86
285 258
285 459
285 394
285 189
285 433
286 326
286 335
286 313
286 9
286 424
286 5
286 450
286 181
286 336
286 120
286 385
286 247
286 82
286 331
286 20
286 347
286 413
286 42
286 492
286 99
287 275
287 117
287 87
287 193
287 19
287 477
287 454
287 55
287 166
287 51
287 310
287 490
287 194
287 244
287 211
287 376
287 21
287 276
287 209
287 386
288 46
288 463
288 474
288 470
288 242
288 154
288 354
288 274
288 497
288 241
288 228
288 190
288 270
288 26
288 216
288 172
288 15
288 290
288 72
288 201
289 481
289 364
289 358
289 200
289 452
289 314
289 114
289 412
289 420
289 213
289 495
289 392
289 351
289 318
289 440
289 141
289 161
289 359
289 459
289 158
290 83
290 462
290 463
290 185
290 253
290 193
290 154
290 10
290 274
290 236
290 52
290 91
290 216
290 38
290 354
290 201
290 72
290 69
290 466
290 150
291 45
291 366
291 361
291 264
291 328
291 498
291 74
291 171
291 77
291 269
291 478
291 221
291 104
291 423
291 251
291 430
291 131
291 399
291 327
291 137
292 476
292 98
292 196
292 170
292 77
292 239
292 45
292 416
292 97
292 96
292 471
292 6
292 352
292 455
292 111
292 319
292 390
292 423
292 134
292 264
293 81
293 325
293 179
293 191
293 254
293 272
293 180
293 290
293 18
293 61
293 473
293 16
293 119
293 232
293 10
293 88
293 320
293 150
293 297
293 461
294 180
294 109
294 295
294 298
294 469
294 10
294 290
294 160
294 18
294 30
294 404
294 284
294 362
294 497
294 458
294 316
294 461
294 406
294 443
294 38
295 477
295 329
295 454
295 13
295 83
295 190
295 26
295 185
295 271
295 154
295 92
295 244
295 444
295 310
295 257
295 237
295 4
295 261
295 236
295 339
296 238
296 11
296 76
296 237
296 342
296 253
296 272
296 305
296 295
296 428
296 50
296 241
296 354
296 411
296 497
296 193
296 15
296 128
296 274
296 284
297 298
297 2
297 150
297 294
297 191
297 316
297 12
297 290
297 270
297 254
297 404
297 337
297 232
297 372
297 284
297 201
297 88
297 333
297 126
297 465
298 237
298 185
298 193
298 428
298 242
298 69
298 72
298 52
298 91
298 295
298 190
298 255
298 154
298 11
298 76
298 228
298 300
298 236
298 466
298 26
299 188
299 60
299 391
299 223
299 491
299 346
299 396
299 220
299 308
299 40
299 472
299 229
299 177
299 115
299 153
299 65
299 409
299 392
299 283
299 256
300 135
300 0
300 464
300 312
300 490
300 87
300 329
300 432
300 376
300 245
300 306
300 205
300 92
300 14
300 386
300 146
300 246
300 35
300 55
300 78
301 61
301 27
301 63
301 108
301 248
301 121
301 129
301 43
301 304
301 8
301 240
301 407
301 107
301 489
301 381
301 422
301 212
301 282
301 208
301 311
302 496
302 27
302 30
302 406
302 23
302 407
302 402
302 2
302 250
302 341
302 422
302 151
302 248
302 139
302 1
302 443
302 370
302 80
302 234
302 371
303 445
303 378
303 29
303 223
303 383
303 338
303 220
303 100
303 138
303 472
303 452
303 178
303 281
303 396
303 289
303 435
303 31
303 197
303 122
303 65
304 461
304 333
304 381
304 362
304 290
304 18
304 174
304 272
304 402
304 81
304 234
304 151
304 294
304 147
304 270
304 325
304 61
304 473
304 406
304 130
305 142
305 21
305 238
305 428
305 190
305 193
305 255
305 52
305 466
305 209
305 207
305 228
305 148
305 41
305 454
305 13
305 185
305 253
305 263
305 38
306 53
306 230
306 277
306 281
306 308
306 427
306 229
306 225
306 31
306 432
306 205
306 186
306 386
306 491
306 51
306 268
306 276
306 24
306 417
306 47
307 436
307 165
307 221
307 173
307 105
307 439
307 340
307 363
307 131
307 399
307 446
307 170
307 321
307 382
307 292
307 45
307 447
307 77
307 429
307 498
308 315
308 95
308 40
308 58
308 90
308 392
308 177
308 67
308 412
308 86
308 227
308 161
308 367
308 368
308 391
308 189
308 359
308 213
308 420
308 383
309 317
309 167
309 247
309 259
309 487
309 17
309 326
309 42
309 57
309 99
309 136
309 199
309 494
309 175
309 483
309 313
309 398
309 357
309 149
309 335
310 418
310 419
310 456
310 329
310 281
310 87
310 490
310 75
310 464
310 209
310 37
310 386
310 186
310 230
310 306
310 14
310 24
310 350
310 35
310 19
311 88
311 254
311 1
311 470
311 406
311 250
311 414
311 151
311 443
311 73
311 119
311 180
311 195
311 465
311 337
311 232
311 126
311 484
311 296
311 25
312 178
312 55
312 277
312 112
312 144
312 168
312 152
312 183
312 211
312 490
312 186
312 14
312 87
312 391
312 376
312 102
312 100
312 156
312 456
312 493
313 121
313 496
313 302
313 381
313 85
313 395
313 438
313 169
313 311
313 145
313 371
313 234
313 73
313 259
313 8
313 341
313 422
313 437
313 1
313 278
314 249
314 344
314 125
314 84
314 219
314 251
314 258
314 291
314 164
314 105
314 104
314 265
314 446
314 478
314 379
314 264
314 233
314 132
314 323
314 431
315 265
315 266
315 165
315 318
315 291
315 66
315 249
315 314
315 105
315 323
315 132
315 262
315 447
315 488
315 68
315 431
315 192
315 429
315 164
315 155
316 172
316 228
316 404
316 463
316 76
316 10
316 288
316 271
316 342
316 13
316 284
316 411
316 474
316 295
316 414
316 12
316 72
316 237
316 216
316 236
317 174
317 210
317 212
317 282
317 395
317 108
317 426
317 370
317 217
317 143
317 73
317 20
317 442
317 129
317 33
317 234
317 195
317 145
317 81
317 5
318 141
318 164
318 266
318 401
318 249
318 363
318 214
318 323
318 132
318 68
318 219
318 70
318 321
318 233
318 344
318 340
318 291
318 343
318 307
318 446
319 389
319 120
319 483
319 157
319 360
319 434
319 252
319 384
319 355
319 181
319 468
319 467
319 187
319 476
319 286
319 113
319 56
319 424
319 375
319 347
320 76
320 250
320 109
320 458
320 271
320 172
320 25
320 316
320 191
320 218
320 334
320 402
320 342
320 469
320 201
320 30
320 126
320 345
320 332
320 296
321 269
321 375
321 137
321 410
321 286
321 28
321 231
321 429
321 134
321 292
321 399
321 328
321 173
321 239
321 6
321 118
321 434
321 430
321 471
321 45
322 262
322 433
322 264
322 478
322 366
322 475
322 219
322 266
322 198
322 165
322 327
322 292
322 399
322 233
322 273
322 321
322 125
322 471
322 68
322 231
323 410
323 475
323 471
323 273
323 478
323 104
323 363
323 59
323 77
323 264
323 84
323 292
323 7
323 134
323 198
323 307
323 446
323 394
323 361
323 344
324 7
324 408
324 366
324 429
324 110
324 132
324 323
324 125
324 356
324 219
324 441
324 307
324 446
324 401
324 70
324 258
324 314
324 105
324 94
324 189
325 191
325 458
325 25
325 16
325 10
325 2
325 404
325 126
325 296
325 226
325 271
325 473
325 50
325 201
325 232
325 235
325 414
325 254
325 147
325 106
326 42
326 388
326 317
326 442
326 89
326 407
326 79
326 195
326 73
326 405
326 202
326 370
326 108
326 61
326 8
326 489
326 449
326 425
326 143
326 234
327 118
327 389
327 96
327 328
327 77
327 269
327 355
327 361
327 120
327 101
327 430
327 184
327 264
327 455
327 133
327 98
327 467
327 187
327 387
327 468
328 389
328 157
328 17
328 413
328 360
328 181
328 184
328 56
328 347
328 309
328 331
328 384
328 136
328 476
328 375
328 167
328 434
328 426
328 82
328 387
329 376
329 205
329 19
329 225
329 493
329 303
329 65
329 499
329 49
329 277
329 135
329 102
329 0
329 14
329 350
329 163
329 220
329 47
329 22
329 306
330 124
330 156
330 48
330 289
330 418
330 229
330 102
330 349
330 452
330 243
330 268
330 220
330 188
330 485
330 308
330 3
330 281
330 338
330 391
330 65
331 85
331 149
331 17
331 278
331 395
331 9
331 212
331 169
331 317
331 93
331 437
331 217
331 397
331 385
331 43
331 482
331 483
331 309
331 208
331 398
332 298
332 148
332 10
332 296
332 185
332 201
332 462
332 474
332 453
332 12
332 190
332 463
332 284
332 150
332 154
332 288
332 172
332 218
332 128
332 15
333 290
333 88
333 30
333 404
333 254
333 270
333 272
333 216
333 305
333 201
333 12
333 295
333 235
333 232
333 337
333 362
333 470
333 402
333 334
333 298
334 21
334 72
334 91
334 263
334 255
334 275
334 497
334 215
334 15
334 83
334 274
334 117
334 466
334 11
334 241
334 350
334 207
334 287
334 257
334 242
335 175
335 297
335 489
335 81
335 123
335 1
335 108
335 371
335 27
335 388
335 293
335 333
335 63
335 73
335 304
335 174
335 8
335 320
335 278
335 248
336 278
336 23
336 93
336 426
336 442
336 317
336 212
336 182
336 89
336 496
336 279
336 80
336 365
336 27
336 143
336 421
336 335
336 149
336 405
336 8
337 128
337 13
337 271
337 26
337 150
337 218
337 290
337 160
337 241
337 305
337 52
337 91
337 411
337 201
337 255
337 142
337 497
337 362
337 463
337 172
338 177
338 62
338 256
338 161
338 204
338 409
338 122
338 138
338 158
338 58
338 412
338 349
338 380
338 403
338 223
338 359
338 435
338 141
338 289
338 368
339 116
339 37
339 102
339 146
339 303
339 246
339 400
339 376
339 299
339 39
339 230
339 306
339 183
339 35
339 53
339 490
339 312
339 78
339 419
339 47
340 96
340 266
340 416
340 498
340 125
340 439
340 134
340 488
340 77
340 170
340 467
340 366
340 431
340 291
340 74
340 104
340 105
340 6
340 165
340 206
341 316
341 61
341 332
341 371
341 18
341 130
341 345
341 333
341 402
341 250
341 381
341 293
341 465
341 288
341 226
341 496
341 63
341 414
341 147
341 106
342 369
342 216
342 271
342 242
342 253
342 444
342 411
342 474
342 117
342 284
342 148
342 228
342 83
342 69
342 462
342 11
342 76
342 255
342 287
342 466
343 251
343 249
343 478
343 7
343 214
343 125
343 322
343 84
343 77
343 44
343 118
343 59
343 206
343 104
343 231
343 416
343 94
343 429
343 366
343 431
344 292
344 94
344 410
344 446
344 399
344 97
344 164
344 280
344 269
344 113
344 475
344 498
344 416
344 327
344 137
344 96
344 262
344 118
344 131
344 431
345 201
345 154
345 26
345 404
345 274
345 444
345 411
345 207
345 462
345 10
345 342
345 160
345 290
345 228
345 453
345 218
345 242
345 334
345 241
345 50
346 351
346 420
346 452
346 86
346 308
346 177
346 440
346 197
346 229
346 100
346 412
346 283
346 112
346 358
346 62
346 48
346 396
346 368
346 409
346 392
347 93
347 313
347 494
347 127
347 64
347 42
347 182
347 449
347 336
347 353
347 259
347 413
347 437
347 85
347 278
347 424
347 279
347 208
347 217
347 17
348 482
348 143
348 93
348 487
348 426
348 82
348 336
348 145
348 422
348 42
348 57
348 9
348 99
348 301
348 167
348 395
348 421
348 80
348 398
348 313
349 343
349 380
349 103
349 213
349 66
349 267
349 192
349 459
349 158
349 323
349 67
349 440
349 159
349 403
349 495
349 392
349 394
349 40
349 58
349 481
350 211
350 0
350 418
350 456
350 186
350 55
350 87
350 102
350 152
350 229
350 24
350 499
350 65
350 168
350 153
350 427
350 194
350 306
350 417
350 276
351 159
351 95
351 114
351 44
351 486
351 122
351 213
351 32
351 86
351 267
351 84
351 436
351 141
351 315
351 324
351 155
351 368
351 318
351 307
351 412
352 64
352 355
352 398
352 347
352 487
352 71
352 74
352 28
352 149
352 483
352 269
352 430
352 17
352 365
352 137
352 357
352 111
352 286
352 182
352 131
353 301
353 20
353 450
353 79
353 489
353 89
353 127
353 438
353 437
353 143
353 313
353 57
353 182
353 282
353 426
353 108
353 82
353 169
353 425
353 388
354 55
354 329
354 306
354 230
354 275
354 246
354 37
354 146
354 312
354 24
354 490
354 263
354 36
354 418
354 135
354 92
354 39
354 69
354 386
354 186
355 415
355 17
355 57
355 301
355 28
355 93
355 127
355 184
355 259
355 157
355 252
355 385
355 181
355 71
355 5
355 336
355 331
355 487
355 82
355 167
356 249
356 486
356 292
356 431
356 322
356 125
356 321
356 141
356 441
356 200
356 231
356 7
356 488
356 307
356 314
356 410
356 495
356 340
356 164
356 198
357 85
357 149
357 326
357 449
357 398
357 5
357 57
357 302
357 167
357 385
357 348
357 442
357 437
357 247
357 143
357 212
357 426
357 127
357 64
357 438
358 323
358 401
358 291
358 155
358 140
358 486
358 32
358 114
358 214
358 267
358 141
358 66
358 433
358 221
358 394
358 59
358 158
358 258
358 7
358 67
359 488
359 249
359 84
359 267
359 314
359 364
359 436
359 439
359 323
359 165
359 198
359 258
359 158
359 251
359 291
359 318
359 356
359 379
359 70
359 214
360 210
360 208
360 93
360 169
360 127
360 145
360 20
360 494
360 442
360 348
360 167
360 426
360 82
360 42
360 259
360 353
360 487
360 449
360 489
360 212
361 468
361 492
361 424
361 137
361 476
361 6
361 239
361 348
361 269
361 252
361 133
361 74
361 181
361 184
361 373
361 471
361 17
361 328
361 136
361 206
362 154
362 12
362 142
362 451
362 15
362 190
362 462
362 91
362 466
362 150
362 76
362 444
362 228
362 453
362 201
362 191
362 36
362 463
362 207
362 148
363 319
363 181
363 187
363 467
363 352
363 28
363 264
363 471
363 96
363 389
363 384
363 170
363 252
363 101
363 309
363 355
363 113
363 286
363 45
363 416
364 433
364 70
364 196
364 231
364 221
364 266
364 416
364 319
364 431
364 292
364 44
364 439
364 441
364 249
364 429
364 446
364 105
364 104
364 32
364 77
365 63
365 413
365 438
365 33
365 43
365 5
365 425
365 217
365 175
365 426
365 108
365 240
365 397
365 407
365 93
365 121
365 42
365 145
365 415
365 202
366 120
366 373
366 423
366 430
366 384
366 28
366 389
366 264
366 280
366 157
366 131
366 111
366 98
366 476
366 434
366 6
366 328
366 478
366 292
366 286
367 324
367 396
367 351
367 267
367 86
367 314
367 285
367 435
367 140
367 34
367 192
367 495
367 162
367 114
367 383
367 90
367 364
367 380
367 122
367 103
368 95
368 447
368 344
368 356
368 114
368 200
368 441
368 192
368 408
368 159
368 314
368 70
368 431
368 401
368 495
368 189
368 158
368 486
368 249
368 322
369 41
369 330
369 245
369 417
369 205
369 257
369 377
369 55
369 21
369 244
369 260
369 312
369 75
369 400
369 22
369 339
369 263
369 310
369 329
369 276
370 469
370 147
370 109
370 218
370 232
370 18
370 458
370 12
370 201
370 461
370 50
370 139
370 284
370 16
370 142
370 25
370 465
370 180
370 362
370 253
371 226
371 174
371 333
371 30
371 297
371 325
371 465
371 235
371 414
371 73
371 443
371 109
371 402
371 218
371 272
371 311
371 304
371 18
371 106
371 147
372 414
372 76
372 463
372 12
372 10
372 201
372 332
372 362
372 191
372 428
372 50
372 38
372 216
372 272
372 305
372 345
372 185
372 228
372 453
372 154
373 387
373 492
373 375
373 348
373 54
373 374
373 482
373 398
373 423
373 357
373 434
373 101
373 182
373 127
373 279
373 487
373 326
373 71
373 424
373 476
374 212
374 426
374 82
374 278
374 390
374 199
374 336
374 149
374 415
374 348
374 483
374 136
374 71
374 357
374 145
374 17
374 20
374 494
374 57
374 43
375 357
375 20
375 336
375 42
375 57
375 385
375 43
375 317
375 279
375 397
375 120
375 374
375 313
375 167
375 182
375 212
375 424
375 5
375 395
375 259
376 378
376 156
376 220
376 47
376 230
376 152
376 448
376 299
376 427
376 308
376 49
376 277
376 268
376 39
376 53
376 29
376 490
376 51
376 168
376 419
377 39
377 194
377 276
377 419
377 277
377 499
377 203
377 303
377 378
377 35
377 163
377 230
377 135
377 260
377 22
377 220
377 31
377 87
377 78
377 178
378 445
378 229
378 383
378 283
378 153
378 359
378 420
378 485
378 392
378 62
378 358
378 112
378 177
378 223
378 289
378 156
378 122
378 197
378 396
378 176
379 291
379 410
379 134
379 475
379 327
379 366
379 125
379 198
379 44
379 439
379 273
379 165
379 206
379 94
379 264
379 280
379 97
379 164
379 262
379 361
380 495
380 84
380 266
380 364
380 221
380 379
380 408
380 315
380 447
380 155
380 44
380 125
380 441
380 219
380 68
380 258
380 158
380 265
380 114
380 314
381 325
381 372
381 414
381 469
381 404
381 10
381 250
381 232
381 179
381 298
381 320
381 333
381 443
381 61
381 147
381 305
381 393
381 470
381 234
381 406
382 424
382 375
382 390
382 347
382 157
382 133
382 187
382 348
382 476
382 131
382 398
382 434
382 387
382 64
382 286
382 113
382 492
382 487
382 181
382 269
383 356
383 307
383 318
383 198
383 192
383 315
383 141
383 412
383 189
383 249
383 396
383 343
383 155
383 197
383 7
383 67
383 86
383 364
383 394
383 233
384 413
384 415
384 313
384 437
384 375
384 374
384 387
384 199
384 5
384 424
384 457
384 99
384 101
384 182
384 348
384 487
384 20
384 28
384 483
384 482
385 311
385 175
385 121
385 426
385 313
385 33
385 301
385 143
385 42
385 202
385 217
385 341
385 388
385 395
385 421
385 415
385 371
385 210
385 212
385 282
386 65
386 346
386 35
386 156
386 276
386 464
386 419
386 31
386 102
386 376
386 146
386 51
386 308
386 211
386 124
386 75
386 312
386 260
386 37
386 153
387 99
387 450
387 43
387 252
387 301
387 390
387 181
387 71
387 425
387 208
387 210
387 93
387 313
387 398
387 101
387 247
387 259
387 365
387 169
387 347
388 179
388 320
388 226
388 1
388 23
388 2
388 438
388 129
388 325
388 473
388 232
388 27
388 63
388 16
388 402
388 254
388 422
388 371
388 174
388 123
389 127
389 64
389 492
389 99
389 247
389 374
389 28
389 149
389 335
389 450
389 348
389 347
389 85
389 71
389 301
389 482
389 483
389 398
389 42
389 375
390 145
390 413
390 494
390 405
390 348
390 437
390 212
390 302
390 278
390 5
390 80
390 398
390 357
390 353
390 259
390 395
390 450
390 127
390 93
390 136
391 103
391 158
391 460
391 138
391 29
391 67
391 122
391 358
391 34
391 177
391 324
391 3
391 60
391 403
391 141
391 392
391 495
391 192
391 420
391 213
392 401
392 412
392 110
392 86
392 340
392 324
392 44
392 84
392 356
392 441
392 62
392 159
392 95
392 436
392 358
392 394
392 379
392 192
392 198
392 359
393 12
393 474
393 130
393 404
393 241
393 272
393 469
393 305
393 462
393 201
393 295
393 414
393 298
393 288
393 4
393 150
393 26
393 38
393 274
393 284
394 165
394 104
394 231
394 173
394 292
394 363
394 291
394 344
394 340
394 446
394 321
394 408
394 164
394 97
394 488
394 134
394 441
394 118
394 280
394 251
395 20
395 208
395 240
395 169
395 232
395 63
395 123
395 335
395 61
395 129
395 33
395 370
395 325
395 282
395 320
395 333
395 341
395 23
395 442
395 449
396 315
396 140
396 324
396 7
396 103
396 219
396 114
396 441
396 189
396 214
396 132
396 84
396 267
396 86
396 380
396 314
396 105
396 368
396 68
396 110
397 33
397 317
397 341
397 482
397 8
397 217
397 371
397 415
397 73
397 89
397 438
397 195
397 326
397 42
397 93
397 496
397 208
397 27
397 108
397 426
398 93
398 282
398 80
398 336
398 149
398 202
398 438
398 259
398 326
398 385
398 121
398 57
398 85
398 217
398 415
398 33
398 82
398 208
398 405
398 99
399 467
399 118
399 382
399 384
399 173
399 96
399 74
399 157
399 390
399 111
399 387
399 492
399 360
399 264
399 64
399 101
399 56
399 28
399 483
399 478
400 276
400 308
400 166
400 418
400 19
400 386
400 281
400 246
400 205
400 493
400 37
400 260
400 312
400 378
400 225
400 229
400 31
400 87
400 39
400 211
401 134
401 219
401 399
401 478
401 327
401 340
401 98
401 265
401 266
401 394
401 251
401 429
401 198
401 436
401 441
401 273
401 165
401 206
401 262
401 214
402 88
402 414
402 294
402 316
402 345
402 126
402 25
402 465
402 334
402 160
402 109
402 150
402 250
402 362
402 497
402 16
402 172
402 342
402 469
402 38
403 197
403 368
403 343
403 323
403 40
403 315
403 204
403 66
403 459
403 158
403 68
403 433
403 198
403 227
403 460
403 59
403 67
403 359
403 122
403 200
404 497
404 454
404 91
404 154
404 411
404 444
404 287
404 228
404 185
404 253
404 26
404 4
404 128
404 172
404 117
404 216
404 255
404 295
404 261
404 191
405 341
405 370
405 465
405 484
405 235
405 73
405 106
405 174
405 143
405 461
405 294
405 30
405 123
405 320
405 282
405 234
405 80
405 302
405 61
405 438
406 254
406 342
406 411
406 12
406 222
406 130
406 172
406 147
406 337
406 296
406 484
406 25
406 201
406 461
406 290
406 160
406 126
406 316
406 250
406 497
407 362
407 179
407 119
407 232
407 484
407 402
407 109
407 106
407 147
407 30
407 2
407 180
407 18
407 290
407 406
407 88
407 393
407 254
407 61
407 222
408 266
408 307
408 478
408 475
408 104
408 292
408 84
408 198
408 164
408 273
408 441
408 118
408 44
408 249
408 233
408 125
408 94
408 173
408 70
408 264
409 114
409 204
409 367
409 95
409 452
409 223
409 380
409 349
409 412
409 495
409 58
409 40
409 176
409 34
409 267
409 197
409 435
409 141
409 192
409 161
410 77
410 327
410 170
410 273
410 206
410 355
410 361
410 384
410 97
410 56
410 387
410 118
410 457
410 498
410 382
410 389
410 430
410 331
410 45
410 416
411 172
411 215
411 369
411 160
411 255
411 474
411 46
411 444
411 300
411 295
411 209
411 52
411 116
411 463
411 466
411 329
411 271
411 154
411 92
411 451
412 198
412 165
412 95
412 204
412 447
412 32
412 321
412 356
412 265
412 114
412 66
412 441
412 394
412 358
412 249
412 132
412 344
412 110
412 431
412 70
413 129
413 297
413 489
413 107
413 313
413 145
413 202
413 73
413 63
413 301
413 278
413 127
413 27
413 175
413 496
413 381
413 388
413 143
413 282
413 20
414 497
414 201
414 228
414 238
414 237
414 334
414 15
414 128
414 180
414 207
414 50
414 26
414 190
414 404
414 10
414 4
414 222
414 38
414 154
414 271
415 426
415 381
415 8
415 61
415 23
415 317
415 442
415 27
415 79
415 438
415 240
415 407
415 326
415 195
415 73
415 278
415 301
415 437
415 20
415 175
416 347
416 157
416 471
416 355
416 361
416 104
416 384
416 56
416 252
416 170
416 111
416 390
416 399
416 360
416 184
416 264
416 74
416 131
416 352
416 468
417 485
417 186
417 391
417 230
417 480
417 55
417 163
417 211
417 102
417 499
417 338
417 35
417 490
417 49
417 479
417 14
417 409
417 308
417 100
417 491
418 472
418 268
418 3
418 479
418 14
418 53
418 378
418 481
418 391
418 299
418 124
418 144
418 419
418 153
418 115
418 166
418 403
418 427
418 227
418 188
419 285
419 346
419 138
419 338
419 153
419 122
419 485
419 435
419 163
419 243
419 459
419 183
419 102
419 268
419 480
419 177
419 445
419 3
419 31
419 256
420 159
420 396
420 315
420 495
420 158
420 162
420 140
420 189
420 40
420 66
420 323
420 227
420 445
420 314
420 358
420 161
420 192
420 403
420 343
420 48
421 311
421 320
421 316
421 81
421 139
421 73
421 496
421 461
421 297
421 469
421 406
421 129
421 332
421 393
421 179
421 147
421 381
421 345
421 341
421 484
422 232
422 421
422 316
422 294
422 119
422 332
422 129
422 107
422 406
422 484
422 81
422 73
422 2
422 195
422 325
422 282
422 345
422 333
422 341
422 469
423 309
423 434
423 217
423 259
423 157
423 286
423 457
423 5
423 56
423 149
423 133
423 415
423 9
423 487
423 182
423 101
423 387
423 360
423 384
423 313
424 127
424 449
424 71
424 182
424 9
424 422
424 487
424 278
424 365
424 149
424 437
424 442
424 317
424 82
424 108
424 336
424 199
424 353
424 388
424 93
425 63
425 240
425 212
425 282
425 313
425 121
425 20
425 371
425 73
425 278
425 335
425 27
425 489
425 123
425 259
425 208
425 210
425 23
425 317
425 438
426 151
426 121
426 278
426 437
426 63
426 489
426 107
426 496
426 208
426 106
426 202
426 199
426 123
426 333
426 108
426 370
426 8
426 302
426 169
426 240
427 256
427 31
427 178
427 115
427 203
427 485
427 285
427 349
427 102
427 299
427 29
427 90
427 3
427 100
427 303
427 60
427 223
427 176
427 281
427 419
428 276
428 209
428 451
428 47
428 306
428 275
428 330
428 135
428 245
428 87
428 116
428 117
428 51
428 493
428 454
428 263
428 41
428 354
428 261
428 376
429 319
429 446
429 98
429 410
429 387
429 54
429 133
429 273
429 252
429 6
429 262
429 264
429 361
429 101
429 363
429 77
429 471
429 467
429 113
429 389
430 181
430 187
430 133
430 398
430 93
430 385
430 127
430 5
430 309
430 28
430 259
430 157
430 390
430 482
430 413
430 425
430 357
430 182
430 450
430 286
431 125
431 111
431 251
431 206
431 96
431 446
431 363
431 410
431 137
431 292
431 382
431 98
431 423
431 488
431 273
431 56
431 164
431 434
431 118
431 184
432 330
432 308
432 493
432 485
432 39
432 303
432 418
432 112
432 186
432 346
432 19
432 276
432 419
432 230
432 144
432 124
432 31
432 29
432 260
432 47
433 321
433 104
433 273
433 165
433 221
433 361
433 266
433 97
433 488
433 455
433 429
433 498
433 431
433 319
433 94
433 68
433 416
433 233
433 471
433 98
434 82
434 167
434 385
434 413
434 398
434 9
434 317
434 5
434 487
434 149
434 390
434 42
434 482
434 17
434 326
434 309
434 20
434 494
434 425
434 101
435 103
435 214
435 258
435 86
435 495
435 340
435 68
435 433
435 364
435 34
435 291
435 323
435 267
435 314
435 59
435 122
435 394
435 198
435 67
435 7
436 468
436 475
436 113
436 382
436 125
436 221
436 319
436 431
436 366
436 292
436 373
436 266
436 361
436 429
436 171
436 104
436 105
436 363
436 131
436 249
437 407
437 169
437 282
437 73
437 208
437 333
437 341
437 421
437 81
437 42
437 151
437 106
437 335
437 8
437 129
437 145
437 195
437 234
437 61
437 302
438 88
438 81
438 30
438 73
438 381
438 250
438 107
438 248
438 63
438 465
438 23
438 294
438 302
438 372
438 121
438 1
438 393
438 16
438 108
438 27
439 94
439 273
439 45
439 467
439 375
439 475
439 366
439 56
439 328
439 206
439 6
439 429
439 111
439 319
439 171
439 239
439 478
439 157
439 251
439 280
440 318
440 267
440 223
440 227
440 192
440 161
440 162
440 62
440 435
440 359
440 285
440 58
440 204
440 90
440 323
440 67
440 472
440 140
440 34
440 110
441 171
441 239
441 105
441 262
441 321
441 280
441 455
441 439
441 361
441 344
441 94
441 173
441 488
441 269
441 77
441 113
441 131
441 319
441 196
441 132
442 119
442 250
442 143
442 179
442 293
442 88
442 139
442 421
442 23
442 254
442 232
442 106
442 282
442 16
442 108
442 473
442 302
442 297
442 325
442 443
443 270
443 26
443 342
443 284
443 453
443 148
443 290
443 362
443 126
443 414
443 316
443 172
443 130
443 241
443 50
443 16
443 201
443 461
443 4
443 91
444 215
444 493
444 490
444 312
444 417
444 194
444 376
444 205
444 245
444 287
444 499
444 377
444 369
444 92
444 154
444 168
444 306
444 193
444 87
444 116
445 200
445 48
445 359
445 115
445 110
445 140
445 285
445 34
445 141
445 90
445 67
445 7
445 223
445 40
445 486
445 161
445 267
445 197
445 392
445 481
446 273
446 77
446 187
446 118
446 430
446 113
446 286
446 45
446 468
446 6
446 373
446 384
446 498
446 457
446 133
446 455
446 28
446 131
446 355
446 181
447 134
447 382
447 125
447 410
447 429
447 54
447 446
447 137
447 363
447 97
447 45
447 399
447 265
447 206
447 77
447 266
447 361
447 221
447 273
447 170
448 62
448 161
448 452
448 420
448 66
448 440
448 460
448 141
448 435
448 486
448 90
448 285
448 358
448 359
448 115
448 380
448 67
448 283
448 480
448 3
449 393
449 293
449 63
449 496
449 139
449 250
449 388
449 442
449 461
449 73
449 107
449 18
449 294
449 341
449 61
449 16
449 422
449 174
449 316
449 109
450 121
450 302
450 442
450 123
450 313
450 405
450 385
450 71
450 129
450 33
450 199
450 208
450 415
450 85
450 487
450 210
450 108
450 413
450 489
450 42
451 300
451 39
451 19
451 35
451 464
451 22
451 194
451 277
451 329
451 376
451 261
451 135
451 330
451 263
451 211
451 230
451 350
451 152
451 224
451 432
452 3
452 486
452 90
452 445
452 440
452 159
452 472
452 103
452 401
452 48
452 197
452 318
452 380
452 364
452 459
452 158
452 285
452 394
452 66
452 356
453 287
453 216
453 242
453 377
453 172
453 83
453 295
453 466
453 148
453 92
453 271
453 244
453 354
453 38
453 255
453 477
453 21
453 253
453 185
453 369
454 303
454 263
454 47
454 0
454 432
454 39
454 215
454 277
454 329
454 186
454 261
454 35
454 19
454 499
454 117
454 417
454 400
454 312
454 300
454 168
455 375
455 286
455 390
455 45
455 374
455 384
455 398
455 347
455 348
455 483
455 328
455 136
455 457
455 430
455 413
455 373
455 182
455 131
455 167
455 137
456 281
456 479
456 3
456 472
456 229
456 351
456 156
456 299
456 445
456 178
456 53
456 90
456 256
456 14
456 115
456 153
456 35
456 227
456 308
456 448
457 437
457 492
457 5
457 93
457 397
457 413
457 375
457 347
457 181
457 450
457 120
457 199
457 390
457 317
457 483
457 313
457 398
457 259
457 217
457 309
458 362
458 126
458 147
458 237
458 83
458 271
458 180
458 296
458 13
458 290
458 72
458 201
458 222
458 38
458 274
458 76
458 474
458 428
458 218
458 242
459 441
459 200
459 161
459 198
459 324
459 364
459 408
459 249
459 396
459 68
459 351
459 307
459 323
459 436
459 141
459 177
459 433
459 189
459 162
459 343
460 322
460 315
460 32
460 258
460 459
460 343
460 412
460 368
460 189
460 481
460 198
460 66
460 213
460 356
460 219
460 177
460 318
460 495
460 435
460 141
461 284
461 334
461 458
461 342
461 50
461 148
461 109
461 128
461 191
461 316
461 130
461 4
461 10
461 393
461 462
461 38
461 222
461 16
461 237
461 298
462 22
462 263
462 339
462 428
462 244
462 193
462 306
462 310
462 287
462 376
462 329
462 0
462 69
462 454
462 493
462 13
462 116
462 242
462 168
462 377
463 154
463 312
463 451
463 400
463 428
463 228
463 168
463 477
463 255
463 287
463 41
463 146
463 21
463 310
463 69
463 386
463 22
463 194
463 306
463 36
464 144
464 346
464 115
464 153
464 112
464 53
464 299
464 481
464 383
464 102
464 65
464 124
464 452
464 183
464 14
464 409
464 60
464 156
464 256
464 420
465 147
465 216
465 241
465 50
465 461
465 222
465 362
465 30
465 404
465 337
465 109
465 372
465 284
465 25
465 295
465 342
465 470
465 76
465 334
465 18
466 75
466 263
466 22
466 39
466 456
466 152
466 116
466 87
466 490
466 245
466 78
466 277
466 0
466 418
466 419
466 49
466 376
466 205
466 257
466 464
467 6
467 97
467 56
467 57
467 375
467 239
467 82
467 494
467 352
467 184
467 118
467 167
467 101
467 286
467 398
467 173
467 252
467 309
467 187
467 348
468 455
468 430
468 347
468 373
468 360
468 167
468 309
468 269
468 137
468 82
468 111
468 71
468 182
468 131
468 170
468 348
468 187
468 384
468 398
468 171
469 222
469 128
469 241
469 414
469 83
469 142
469 236
469 25
469 372
469 172
469 345
469 185
469 150
469 453
469 180
469 497
469 12
469 255
469 458
469 76
470 191
470 10
470 404
470 463
470 201
470 76
470 228
470 270
470 41
470 290
470 193
470 497
470 255
470 253
470 271
470 334
470 296
470 52
470 207
470 342
471 434
471 389
471 498
471 82
471 430
471 17
471 492
471 170
471 56
471 424
471 136
471 74
471 398
471 173
471 280
471 157
471 468
471 387
471 64
471 331
472 40
472 324
472 227
472 159
472 358
472 60
472 189
472 481
472 267
472 67
472 177
472 103
472 204
472 59
472 368
472 314
472 258
472 459
472 32
472 114
473 414
473 72
473 4
473 16
473 237
473 274
473 470
473 255
473 130
473 38
473 147
473 463
473 148
473 305
473 462
473 128
473 497
473 362
473 26
473 150
474 154
474 339
474 72
474 310
474 36
474 261
474 334
474 369
474 209
474 287
474 377
474 354
474 38
474 78
474 117
474 216
474 52
474 116
474 451
474 244
475 96
475 77
475 363
475 131
475 157
475 416
475 45
475 134
475 137
475 239
475 111
475 498
475 457
475 6
475 446
475 382
475 467
475 113
475 455
475 366
476 199
476 313
476 347
476 317
476 390
476 494
476 42
476 99
476 437
476 374
476 487
476 85
476 71
476 212
476 413
476 426
476 136
476 388
476 240
476 357
477 211
477 75
477 49
477 209
477 268
477 417
477 386
477 306
477 277
477 300
477 490
477 377
477 37
477 260
477 493
477 456
477 203
477 0
477 225
477 146
478 347
478 471
478 434
478 468
478 252
478 113
478 136
478 206
478 239
478 157
478 280
478 96
478 74
478 382
478 374
478 498
478 457
478 357
478 423
478 373
479 358
479 452
479 176
479 346
479 256
479 124
479 380
479 349
479 472
479 440
479 144
479 481
479 162
479 283
479 163
479 367
479 122
479 351
479 138
479 243
480 66
480 315
480 472
480 267
480 200
480 367
480 318
480 140
480 481
480 189
480 90
480 445
480 115
480 349
480 412
480 48
480 223
480 103
480 285
480 358
481 435
481 314
481 198
481 66
481 90
481 214
481 204
481 44
481 197
481 267
481 380
481 343
481 67
481 7
481 433
481 189
481 200
481 318
481 307
481 59
482 438
482 297
482 23
482 240
482 304
482 449
482 121
482 123
482 405
482 73
482 79
482 80
482 313
482 422
482 496
482 208
482 278
482 248
482 426
482 33
483 217
483 20
483 398
483 313
483 492
483 17
483 482
483 438
483 336
483 199
483 278
483 93
483 85
483 489
483 413
483 425
483 182
483 348
483 442
483 317
484 284
484 76
484 38
484 288
484 414
484 295
484 142
484 25
484 72
484 305
484 362
484 411
484 12
484 272
484 172
484 128
484 160
484 342
484 241
484 180
485 243
485 448
485 481
485 189
485 315
485 285
485 140
485 62
485 368
485 392
485 380
485 349
485 58
485 223
485 480
485 177
485 192
485 161
485 227
485 440
486 364
486 198
486 433
486 98
486 366
486 104
486 105
486 343
486 273
486 431
486 475
486 155
486 262
486 340
486 249
486 416
486 66
486 44
486 488
486 7
487 63
487 365
487 43
487 282
487 212
487 20
487 121
487 79
487 145
487 421
487 143
487 388
487 248
487 442
487 208
487 482
487 311
487 489
487 107
487 397
488 104
488 170
488 131
488 363
488 206
488 264
488 231
488 439
488 434
488 269
488 399
488 262
488 416
488 498
488 430
488 113
488 475
488 137
488 327
488 384
489 341
489 106
489 151
489 254
489 278
489 129
489 145
489 195
489 421
489 121
489 405
489 381
489 388
489 234
489 80
489 311
489 297
489 442
489 293
489 88
490 281
490 14
490 491
490 419
490 225
490 188
490 186
490 346
490 100
490 308
490 75
490 246
490 268
490 112
490 330
490 102
490 205
490 378
490 156
490 47
491 281
491 163
491 138
491 243
491 338
491 14
491 144
491 156
491 40
491 178
491 31
491 256
491 420
491 213
491 177
491 203
491 435
491 367
491 122
491 378
492 71
492 217
492 313
492 397
492 365
492 424
492 5
492 426
492 8
492 348
492 79
492 93
492 136
492 57
492 42
492 482
492 64
492 487
492 85
492 247
493 485
493 230
493 124
493 464
493 281
493 65
493 346
493 112
493 156
493 153
493 24
493 246
493 203
493 480
493 268
493 276
493 51
493 211
493 303
493 448
494 9
494 89
494 405
494 341
494 313
494 80
494 278
494 175
494 149
494 335
494 208
494 496
494 279
494 143
494 442
494 425
494 449
494 240
494 489
494 413
495 291
495 114
495 441
495 416
495 446
495 429
495 32
495 410
495 262
495 251
495 165
495 59
495 164
495 141
495 84
495 292
495 132
495 7
495 343
495 68
496 393
496 179
496 16
496 469
496 443
496 18
496 304
496 126
496 320
496 461
496 81
496 30
496 218
496 23
496 270
496 61
496 235
496 414
496 484
496 296
497 310
497 377
497 72
497 257
497 21
497 46
497 432
497 400
497 466
497 350
497 83
497 274
497 454
497 493
497 451
497 185
497 477
497 255
497 11
497 15
498 384
498 239
498 483
498 171
498 336
498 387
498 468
498 357
498 434
498 269
498 309
498 424
498 56
498 113
498 187
498 348
498 389
498 57
498 182
498 137
499 55
499 178
499 87
499 188
499 183
499 479
499 308
499 283
499 419
499 47
499 418
499 156
499 48
499 391
499 100
499 102
499 491
499 367
499 166
499 338
