250 2500
0 77
0 153
0 6
0 60
0 187
0 232
0 156
0 154
0 122
0 115
1 86
1 13
1 133
1 53
1 240
1 33
1 171
1 39
1 2
1 21
2 45
2 22
2 87
2 51
2 211
2 233
2 124
2 131
2 29
2 164
3 20
3 24
3 144
3 125
3 7
3 74
3 81
3 100
3 102
3 242
4 113
4 195
4 214
4 101
4 30
4 52
4 169
4 56
4 11
4 102
5 146
5 219
5 13
5 57
5 138
5 161
5 133
5 194
5 227
5 39
6 32
6 36
6 93
6 47
6 247
6 199
6 213
6 4
6 141
6 184
7 127
7 181
7 100
7 183
7 119
7 242
7 151
7 14
7 160
7 197
8 31
8 9
8 208
8 210
8 76
8 232
8 228
8 80
8 82
8 203
9 152
9 157
9 222
9 241
9 18
9 6
9 135
9 239
9 75
9 84
10 202
10 208
10 26
10 31
10 172
10 239
10 76
10 122
10 59
10 249
11 246
11 185
11 88
11 52
11 205
11 190
11 120
11 158
11 193
11 19
12 48
12 143
12 197
12 189
12 112
12 74
12 127
12 88
12 242
12 119
13 233
13 146
13 53
13 123
13 221
13 211
13 106
13 194
13 65
13 129
14 233
14 237
14 223
14 42
14 146
14 16
14 110
14 55
14 40
14 121
15 174
15 133
15 182
15 221
15 215
15 57
15 148
15 194
15 123
15 168
16 131
16 207
16 164
16 233
16 95
16 165
16 45
16 176
16 79
16 226
17 232
17 69
17 85
17 206
17 208
17 80
17 26
17 228
17 103
17 67
18 89
18 32
18 38
18 135
18 84
18 140
18 173
18 162
18 93
18 4
19 149
19 177
19 74
19 121
19 219
19 63
19 189
19 100
19 171
19 118
20 230
20 61
20 127
20 118
20 231
20 182
20 236
20 174
20 158
20 48
21 179
21 13
21 138
21 145
21 165
21 91
21 146
21 51
21 65
21 164
22 132
22 211
22 96
22 77
22 28
22 62
22 115
22 0
22 69
22 31
23 3
23 134
23 54
23 141
23 113
23 101
23 120
23 43
23 147
23 105
24 99
24 42
24 148
24 168
24 112
24 197
24 242
24 121
24 227
24 46
25 131
25 137
25 229
25 27
25 233
25 0
25 98
25 207
25 79
25 50
26 248
26 167
26 84
26 162
26 163
26 115
26 78
26 198
26 217
26 93
27 60
27 62
27 31
27 17
27 124
27 128
27 50
27 76
27 107
27 59
28 76
28 172
28 249
28 225
28 80
28 67
28 103
28 77
28 206
28 203
29 106
29 210
29 45
29 233
29 95
29 229
29 166
29 156
29 37
29 77
30 174
30 148
30 169
30 181
30 64
30 7
30 108
30 144
30 143
30 120
31 201
31 6
31 59
31 84
31 71
31 187
31 202
31 208
31 217
31 76
32 56
32 43
32 4
32 216
32 94
32 38
32 238
32 23
32 135
32 134
33 164
33 42
33 194
33 142
33 133
33 233
33 226
33 2
33 21
33 13
34 7
34 155
34 88
34 89
34 134
34 238
34 126
34 245
34 244
34 230
35 43
35 216
35 141
35 30
35 117
35 147
35 175
35 186
35 32
35 58
36 188
36 35
36 248
36 150
36 72
36 163
36 247
36 222
36 157
36 47
37 103
37 208
37 50
37 196
37 69
37 206
37 234
37 156
37 49
37 166
38 147
38 155
38 184
38 186
38 54
38 134
38 169
38 120
38 116
38 97
39 223
39 123
39 168
39 191
39 111
39 237
39 194
39 220
39 142
39 133
40 79
40 229
40 179
40 223
40 51
40 65
40 133
40 145
40 91
40 25
41 243
41 96
41 79
41 44
41 131
41 191
41 49
41 114
41 128
41 233
42 211
42 86
42 44
42 123
42 191
42 51
42 2
42 215
42 139
42 218
43 238
43 104
43 119
43 108
43 24
43 148
43 169
43 143
43 127
43 100
44 95
44 225
44 106
44 68
44 159
44 31
44 37
44 51
44 87
44 8
45 206
45 22
45 159
45 234
45 98
45 207
45 115
45 60
45 49
45 235
46 215
46 90
46 177
46 212
46 14
46 48
46 194
46 21
46 57
46 42
47 102
47 190
47 56
47 199
47 244
47 184
47 169
47 195
47 43
47 214
48 130
48 212
48 14
48 39
48 178
48 16
48 240
48 227
48 151
48 194
49 28
49 98
49 137
49 10
49 69
49 8
49 96
49 172
49 103
49 235
50 107
50 137
50 68
50 96
50 103
50 136
50 26
50 154
50 156
50 208
51 98
51 28
51 10
51 208
51 95
51 26
51 176
51 159
51 17
51 229
52 230
52 134
52 190
52 83
52 12
52 214
52 81
52 104
52 205
52 183
53 111
53 226
53 2
53 22
53 17
53 233
53 124
53 44
53 10
53 176
54 89
54 244
54 81
54 127
54 56
54 7
54 185
54 214
54 100
54 120
55 95
55 179
55 159
55 96
55 77
55 51
55 37
55 165
55 132
55 69
56 104
56 73
56 158
56 189
56 24
56 61
56 88
56 81
56 214
56 64
57 39
57 133
57 123
57 110
57 29
57 139
57 221
57 212
57 14
57 40
58 94
58 214
58 195
58 188
58 134
58 30
58 38
58 199
58 244
58 66
59 82
59 232
59 239
59 172
59 222
59 248
59 103
59 67
59 78
59 224
60 213
60 153
60 239
60 203
60 225
60 80
60 122
60 78
60 187
60 154
61 146
61 63
61 112
61 151
61 48
61 16
61 130
61 161
61 13
61 14
62 137
62 85
62 69
62 153
62 166
62 87
62 0
62 122
62 156
62 124
63 53
63 227
63 91
63 41
63 220
63 233
63 178
63 130
63 86
63 111
64 139
64 112
64 219
64 227
64 171
64 197
64 161
64 212
64 13
64 90
65 53
65 243
65 237
65 218
65 233
65 179
65 191
65 45
65 176
65 2
66 186
66 30
66 205
66 141
66 147
66 245
66 169
66 89
66 188
66 195
67 58
67 248
67 141
67 217
67 72
67 157
67 84
67 162
67 32
67 192
68 201
68 228
68 234
68 200
68 70
68 213
68 6
68 82
68 107
68 224
69 239
69 9
69 249
69 68
69 84
69 234
69 187
69 162
69 225
69 18
70 167
70 66
70 247
70 135
70 32
70 38
70 72
70 195
70 4
70 209
71 154
71 228
71 92
71 163
71 140
71 35
71 198
71 239
71 202
71 192
72 195
72 216
72 238
72 157
72 94
72 47
72 83
72 214
72 101
72 199
73 151
73 99
73 112
73 212
73 215
73 178
73 170
73 90
73 236
73 139
74 227
74 61
74 42
74 170
74 148
74 64
74 133
74 13
74 14
74 220
75 83
75 195
75 157
75 150
75 117
75 186
75 66
75 105
75 11
75 184
76 213
76 82
76 202
76 154
76 107
76 248
76 204
76 70
76 35
76 201
77 208
77 198
77 201
77 85
77 222
77 68
77 6
77 103
77 76
77 122
78 184
78 70
78 147
78 248
78 47
78 23
78 101
78 83
78 135
78 11
79 10
79 115
79 76
79 235
79 172
79 49
79 124
79 225
79 27
79 196
80 4
80 163
80 36
80 34
80 167
80 147
80 239
80 32
80 202
80 192
81 74
81 57
81 61
81 46
81 197
81 102
81 177
81 15
81 100
81 48
82 75
82 80
82 140
82 141
82 204
82 248
82 18
82 47
82 35
82 200
83 182
83 24
83 97
83 81
83 246
83 12
83 214
83 126
83 120
83 144
84 52
84 89
84 157
84 245
84 58
84 70
84 54
84 192
84 105
84 83
85 204
85 71
85 167
85 163
85 200
85 92
85 162
85 32
85 192
85 241
86 44
86 165
86 106
86 229
86 27
86 212
86 55
86 139
86 45
86 211
87 206
87 0
87 76
87 232
87 28
87 137
87 201
87 202
87 208
87 71
88 177
88 125
88 48
88 170
88 99
88 15
88 73
88 100
88 236
88 182
89 20
89 104
89 105
89 100
89 83
89 19
89 245
89 56
89 134
89 169
90 44
90 139
90 229
90 27
90 91
90 41
90 55
90 16
90 106
90 146
91 131
91 111
91 191
91 233
91 44
91 37
91 87
91 243
91 55
91 62
92 101
92 54
92 216
92 209
92 108
92 117
92 30
92 47
92 97
92 66
93 188
93 89
93 141
93 83
93 105
93 147
93 185
93 209
93 52
93 47
94 30
94 7
94 125
94 127
94 244
94 24
94 134
94 231
94 81
94 205
95 132
95 26
95 17
95 172
95 166
95 235
95 96
95 203
95 8
95 68
96 166
96 59
96 17
96 210
96 71
96 228
96 26
96 225
96 85
96 201
97 102
97 125
97 20
97 169
97 15
97 158
97 149
97 181
97 120
97 100
98 8
98 17
98 132
98 154
98 124
98 9
98 0
98 96
98 203
98 59
99 237
99 133
99 164
99 223
99 109
99 212
99 16
99 25
99 55
99 33
100 74
100 40
100 174
100 189
100 109
100 64
100 125
100 46
100 227
100 197
101 195
101 185
101 7
101 209
101 34
101 104
101 158
101 190
101 97
101 186
102 64
102 119
102 182
102 149
102 197
102 74
102 160
102 127
102 118
102 174
103 32
103 153
103 75
103 93
103 217
103 80
103 198
103 200
103 232
103 204
104 182
104 148
104 240
104 190
104 189
104 126
104 127
104 61
104 177
104 151
105 102
105 113
105 108
105 81
105 3
105 246
105 158
105 126
105 181
105 190
106 203
106 176
106 210
106 166
106 17
106 31
106 128
106 26
106 59
106 98
107 248
107 153
107 154
107 80
107 78
107 36
107 163
107 200
107 232
107 135
108 148
108 169
108 127
108 61
108 182
108 81
108 15
108 244
108 119
108 242
109 39
109 21
109 65
109 218
109 170
109 16
109 25
109 33
109 51
109 111
110 207
110 142
110 106
110 191
110 179
110 44
110 53
110 215
110 233
110 95
111 233
111 229
111 27
111 29
111 50
111 136
111 37
111 98
111 218
111 129
112 91
112 41
112 220
112 139
112 29
112 240
112 164
112 2
112 21
112 123
113 104
113 230
113 181
113 190
113 100
113 144
113 81
113 160
113 193
113 236
114 10
114 233
114 207
114 124
114 226
114 87
114 51
114 210
114 132
114 137
115 76
115 18
115 67
115 103
115 122
115 228
115 152
115 35
115 85
115 201
116 158
116 244
116 74
116 12
116 193
116 183
116 19
116 149
116 108
116 125
117 245
117 158
117 244
117 186
117 4
117 116
117 113
117 216
117 169
117 175
118 1
118 138
118 40
118 73
118 142
118 86
118 219
118 220
118 33
118 194
119 61
119 194
119 33
119 171
119 215
119 197
119 130
119 146
119 99
119 1
120 160
120 230
120 15
120 1
120 148
120 177
120 102
120 183
120 112
120 182
121 130
121 220
121 168
121 212
121 218
121 39
121 237
121 165
121 145
121 139
122 72
122 82
122 140
122 153
122 187
122 92
122 173
122 32
122 202
122 23
123 146
123 86
123 139
123 91
123 159
123 165
123 237
123 226
123 138
123 129
124 87
124 136
124 26
124 152
124 208
124 203
124 68
124 234
124 156
124 132
125 48
125 121
125 148
125 90
125 236
125 110
125 149
125 63
125 112
125 64
126 246
126 99
126 48
126 170
126 1
126 119
126 182
126 109
126 151
126 168
127 1
127 121
127 240
127 63
127 109
127 99
127 73
127 174
127 33
127 74
128 132
128 166
128 96
128 115
128 10
128 68
128 26
128 136
128 201
128 107
129 76
129 131
129 107
129 98
129 137
129 50
129 234
129 31
129 224
129 172
130 215
130 233
130 223
130 53
130 44
130 221
130 212
130 237
130 165
130 65
131 224
131 137
131 210
131 180
131 122
131 156
131 59
131 166
131 9
131 208
132 136
132 71
132 68
132 166
132 67
132 77
132 196
132 153
132 59
132 107
133 2
133 212
133 13
133 16
133 111
133 86
133 41
133 53
133 106
133 165
134 231
134 214
134 244
134 183
134 102
134 242
134 119
134 125
134 149
134 113
135 89
135 185
135 216
135 205
135 4
135 150
135 184
135 244
135 52
135 72
136 234
136 225
136 60
136 69
136 239
136 71
136 68
136 9
136 208
136 107
137 208
137 69
137 196
137 228
137 80
137 68
137 71
137 107
137 0
137 180
138 27
138 191
138 139
138 131
138 29
138 55
138 41
138 51
138 223
138 237
139 37
139 179
139 132
139 129
139 226
139 27
139 49
139 44
139 98
139 55
140 195
140 147
140 157
140 52
140 72
140 83
140 97
140 38
140 238
140 135
141 216
141 158
141 30
141 94
141 20
141 169
141 83
141 101
141 105
141 102
142 191
142 176
142 159
142 22
142 114
142 50
142 132
142 62
142 27
142 111
143 99
143 174
143 125
143 1
143 118
143 171
143 242
143 160
143 246
143 5
144 1
144 161
144 42
144 133
144 168
144 64
144 182
144 110
144 236
144 177
145 176
145 49
145 87
145 218
145 27
145 79
145 17
145 25
145 50
145 131
146 95
146 44
146 41
146 179
146 111
146 223
146 37
146 129
146 226
146 142
147 245
147 105
147 19
147 193
147 52
147 3
147 134
147 169
147 89
147 20
148 197
148 151
148 42
148 133
148 240
148 123
148 219
148 171
148 39
148 177
149 148
149 13
149 48
149 177
149 39
149 46
149 236
149 109
149 130
149 42
150 56
150 190
150 193
150 186
150 88
150 20
150 169
150 195
150 238
150 158
151 2
151 57
151 237
151 218
151 16
151 170
151 240
151 65
151 33
151 223
152 70
152 92
152 247
152 216
152 80
152 202
152 32
152 192
152 18
152 75
153 75
153 202
153 6
153 204
153 201
153 36
153 157
153 35
153 141
153 249
154 249
154 36
154 93
154 241
154 248
154 32
154 247
154 58
154 198
154 35
155 127
155 88
155 134
155 231
155 143
155 3
155 238
155 190
155 185
155 7
156 162
156 26
156 77
156 239
156 82
156 107
156 18
156 115
156 200
156 122
157 105
157 184
157 81
157 169
157 193
157 113
157 47
157 188
157 20
157 94
158 112
158 193
158 160
158 246
158 74
158 127
158 181
158 190
158 189
158 230
159 128
159 69
159 96
159 115
159 62
159 60
159 131
159 71
159 225
159 224
160 240
160 14
160 212
160 220
160 177
160 33
160 2
160 221
160 99
160 215
161 168
161 114
161 110
161 55
161 194
161 237
161 121
161 2
161 164
161 240
162 184
162 38
162 173
162 241
162 72
162 248
162 52
162 93
162 175
162 209
163 66
163 188
163 54
163 72
163 167
163 204
163 117
163 248
163 150
163 245
164 98
164 87
164 176
164 106
164 243
164 95
164 235
164 44
164 29
164 179
165 60
165 69
165 28
165 207
165 37
165 68
165 129
165 156
165 31
165 136
166 77
166 107
166 154
166 200
166 60
166 187
166 203
166 9
166 136
166 228
167 173
167 97
167 4
167 116
167 134
167 94
167 52
167 184
167 141
167 3
168 86
168 229
168 165
168 194
168 2
168 226
168 21
168 53
168 65
168 142
169 182
169 73
169 161
169 174
169 127
169 100
169 64
169 143
169 190
169 181
170 40
170 218
170 229
170 114
170 237
170 227
170 91
170 221
170 2
170 110
171 53
171 151
171 109
171 221
171 13
171 86
171 178
171 99
171 63
171 223
172 187
172 248
172 204
172 152
172 173
172 85
172 201
172 162
172 71
172 75
173 52
173 184
173 66
173 83
173 175
173 134
173 245
173 32
173 11
173 147
174 33
174 161
174 112
174 64
174 171
174 21
174 61
174 1
174 109
174 219
175 7
175 169
175 81
175 102
175 158
175 238
175 244
175 30
175 34
175 94
176 124
176 87
176 115
176 132
176 76
176 159
176 96
176 98
176 208
176 128
177 138
177 223
177 91
177 39
177 240
177 40
177 65
177 170
177 41
177 220
178 137
178 53
178 79
178 211
178 218
178 207
178 98
178 131
178 114
178 226
179 68
179 136
179 62
179 77
179 69
179 137
179 210
179 106
179 235
179 124
180 163
180 140
180 201
180 222
180 187
180 167
180 36
180 93
180 188
180 75
181 170
181 42
181 57
181 112
181 64
181 182
181 149
181 130
181 177
181 40
182 171
182 161
182 33
182 109
182 5
182 63
182 112
182 168
182 151
182 57
183 189
183 13
183 240
183 168
183 197
183 161
183 219
183 121
183 99
183 73
184 20
184 245
184 181
184 246
184 97
184 230
184 89
184 185
184 214
184 12
185 242
185 116
185 149
185 169
185 125
185 108
185 56
185 238
185 126
185 246
186 158
186 15
186 244
186 189
186 61
186 20
186 88
186 214
186 134
186 169
187 6
187 140
187 38
187 23
187 47
187 93
187 162
187 72
187 248
187 36
188 105
188 11
188 54
188 209
188 30
188 169
188 81
188 3
188 141
188 199
189 144
189 33
189 221
189 219
189 5
189 42
189 149
189 130
189 161
189 61
190 148
190 149
190 240
190 74
190 100
190 171
190 181
190 119
190 127
190 102
191 243
191 0
191 136
191 128
191 207
191 87
191 179
191 27
191 8
191 156
192 157
192 140
192 101
192 163
192 89
192 135
192 38
192 52
192 23
192 47
193 236
193 143
193 19
193 189
193 64
193 183
193 177
193 151
193 160
193 15
194 229
194 51
194 37
194 218
194 106
194 45
194 212
194 22
194 114
194 178
195 43
195 244
195 231
195 183
195 100
195 56
195 181
195 7
195 116
195 19
196 75
196 140
196 92
196 152
196 224
196 248
196 213
196 180
196 247
196 173
197 63
197 133
197 142
197 130
197 41
197 121
197 40
197 178
197 170
197 90
198 75
198 34
198 70
198 248
198 35
198 23
198 72
198 241
198 135
198 204
199 120
199 104
199 242
199 246
199 190
199 209
199 19
199 113
199 7
199 12
200 93
200 6
200 4
200 248
200 18
200 167
200 34
200 101
200 241
200 213
201 249
201 204
201 6
201 150
201 23
201 175
201 38
201 32
201 157
201 216
202 192
202 32
202 175
202 213
202 72
202 241
202 101
202 199
202 162
202 18
203 222
203 217
203 202
203 9
203 70
203 198
203 196
203 241
203 67
203 103
204 216
204 245
204 195
204 23
204 52
204 184
204 238
204 199
204 97
204 4
205 148
205 197
205 102
205 15
205 158
205 118
205 190
205 46
205 242
205 119
206 84
206 67
206 77
206 217
206 228
206 198
206 152
206 36
206 78
206 107
207 37
207 206
207 95
207 208
207 68
207 131
207 166
207 234
207 156
207 98
208 198
208 172
208 187
208 122
208 85
208 162
208 217
208 234
208 93
208 239
209 155
209 190
209 245
209 19
209 7
209 12
209 214
209 24
209 143
209 43
210 69
210 228
210 6
210 76
210 225
210 198
210 78
210 249
210 67
210 187
211 17
211 27
211 59
211 208
211 132
211 172
211 115
211 243
211 0
211 37
212 223
212 106
212 145
212 229
212 226
212 2
212 233
212 128
212 139
212 29
213 163
213 198
213 173
213 162
213 84
213 140
213 204
213 135
213 32
213 192
214 244
214 88
214 149
214 19
214 143
214 120
214 231
214 190
214 102
214 24
215 55
215 123
215 27
215 22
215 142
215 218
215 95
215 106
215 223
215 29
216 3
216 195
216 184
216 11
216 102
216 89
216 134
216 20
216 97
216 245
217 35
217 209
217 11
217 38
217 188
217 70
217 173
217 18
217 248
217 147
218 229
218 165
218 159
218 25
218 45
218 137
218 10
218 131
218 87
218 79
219 177
219 39
219 21
219 223
219 146
219 86
219 194
219 142
219 91
219 121
220 95
220 114
220 165
220 237
220 146
220 223
220 29
220 142
220 86
220 55
221 145
221 45
221 178
221 233
221 165
221 194
221 53
221 146
221 212
221 65
222 38
222 70
222 204
222 34
222 209
222 163
222 89
222 92
222 72
222 241
223 55
223 28
223 51
223 166
223 114
223 22
223 159
223 96
223 233
223 235
224 192
224 228
224 93
224 107
224 18
224 248
224 200
224 163
224 82
224 58
225 71
225 84
225 249
225 153
225 228
225 213
225 67
225 103
225 93
225 36
226 136
226 49
226 98
226 69
226 27
226 79
226 156
226 87
226 51
226 68
227 13
227 22
227 223
227 123
227 179
227 55
227 25
227 2
227 138
227 111
228 78
228 84
228 135
228 204
228 80
228 217
228 239
228 241
228 153
228 117
229 60
229 79
229 37
229 179
229 207
229 132
229 96
229 136
229 95
229 235
230 57
230 126
230 73
230 64
230 19
230 74
230 14
230 160
230 109
230 170
231 121
231 151
231 171
231 5
231 99
231 33
231 127
231 48
231 74
231 160
232 140
232 35
232 153
232 157
232 239
232 222
232 32
232 66
232 173
232 180
233 69
233 128
233 176
233 207
233 165
233 226
233 206
233 17
233 179
233 51
234 78
234 36
234 187
234 35
234 202
234 192
234 153
234 248
234 67
234 239
235 225
235 228
235 68
235 82
235 60
235 172
235 152
235 202
235 180
235 203
236 121
236 110
236 215
236 130
236 151
236 65
236 212
236 13
236 90
236 1
237 49
237 129
237 25
237 50
237 132
237 137
237 159
237 44
237 55
237 111
238 244
238 158
238 148
238 134
238 46
238 193
238 214
238 174
238 205
238 102
239 157
239 58
239 184
239 11
239 195
239 248
239 18
239 117
239 101
239 241
240 138
240 2
240 91
240 221
240 215
240 53
240 44
240 145
240 55
240 41
241 175
241 238
241 66
241 147
241 247
241 75
241 43
241 186
241 34
241 47
242 227
242 48
242 236
242 197
242 149
242 42
242 63
242 181
242 127
242 99
243 234
243 203
243 85
243 49
243 60
243 224
243 132
243 27
243 8
243 69
244 7
244 46
244 183
244 236
244 246
244 148
244 19
244 119
244 15
244 73
245 143
245 24
245 244
245 190
245 181
245 125
245 116
245 149
245 214
245 12
246 168
246 151
246 149
246 121
246 127
246 144
246 171
246 174
246 33
246 148
247 135
247 94
247 134
247 92
247 23
247 184
247 117
247 116
247 199
247 38
248 140
248 157
248 43
248 58
248 89
248 134
248 47
248 54
248 186
248 3
249 147
249 66
249 200
249 188
249 58
249 70
249 247
249 241
249 135
249 157
