500 1500
0 443
0 408
0 309
1 26
1 226
1 124
2 461
2 242
2 281
3 375
3 354
3 246
4 269
4 162
4 116
5 477
5 475
5 233
6 105
6 158
6 218
7 141
7 419
7 46
8 145
8 455
8 467
9 68
9 443
9 408
10 436
10 40
10 140
11 445
11 476
11 257
12 284
12 206
12 395
13 53
13 329
13 136
14 330
14 306
14 0
15 156
15 439
15 482
16 394
16 305
16 64
17 221
17 141
17 111
18 294
18 117
18 417
19 73
19 400
19 334
20 115
20 135
20 190
21 8
21 378
21 369
22 123
22 28
22 52
23 7
23 314
23 197
24 171
24 437
24 482
25 258
25 285
25 370
26 312
26 381
26 475
27 135
27 267
27 401
28 381
28 223
28 442
29 250
29 209
29 449
30 227
30 338
30 459
31 215
31 116
31 438
32 3
32 138
32 208
33 81
33 184
33 53
34 406
34 452
34 393
35 140
35 239
35 451
36 212
36 410
36 178
37 331
37 36
37 88
38 100
38 202
38 68
39 98
39 210
39 287
40 115
40 96
40 119
41 117
41 18
41 362
42 410
42 396
42 467
43 220
43 64
43 452
44 380
44 408
44 195
45 175
45 102
45 159
46 170
46 37
46 248
47 310
47 478
47 7
48 392
48 323
48 26
49 307
49 291
49 114
50 337
50 362
50 253
51 46
51 412
51 126
52 129
52 338
52 7
53 414
53 125
53 127
54 458
54 468
54 337
55 164
55 175
55 499
56 207
56 3
56 368
57 290
57 350
57 423
58 293
58 240
58 132
59 430
59 329
59 427
60 87
60 78
60 245
61 475
61 498
61 299
62 318
62 287
62 237
63 64
63 430
63 2
64 394
64 314
64 492
65 125
65 170
65 494
66 29
66 166
66 48
67 42
67 494
67 480
68 104
68 268
68 383
69 342
69 4
69 423
70 152
70 230
70 223
71 22
71 356
71 477
72 295
72 340
72 183
73 464
73 114
73 217
74 242
74 23
74 108
75 468
75 292
75 117
76 339
76 90
76 495
77 248
77 494
77 44
78 63
78 233
78 181
79 181
79 236
79 356
80 483
80 260
80 96
81 45
81 171
81 125
82 49
82 268
82 194
83 145
83 283
83 408
84 354
84 290
84 198
85 371
85 11
85 281
86 225
86 435
86 39
87 182
87 222
87 109
88 195
88 400
88 12
89 373
89 366
89 115
90 438
90 340
90 317
91 378
91 120
91 119
92 11
92 263
92 493
93 120
93 410
93 415
94 51
94 17
94 493
95 338
95 128
95 348
96 283
96 119
96 409
97 162
97 444
97 31
98 426
98 375
98 487
99 279
99 408
99 114
100 88
100 170
100 159
101 307
101 42
101 374
102 432
102 176
102 42
103 317
103 318
103 292
104 217
104 372
104 410
105 40
105 135
105 10
106 250
106 385
106 60
107 176
107 454
107 291
108 14
108 419
108 159
109 148
109 460
109 64
110 87
110 477
110 358
111 170
111 19
111 202
112 422
112 443
112 330
113 137
113 162
113 255
114 158
114 249
114 364
115 69
115 237
115 440
116 444
116 50
116 238
117 238
117 214
117 385
118 358
118 5
118 390
119 218
119 319
119 344
120 10
120 282
120 187
121 177
121 432
121 367
122 434
122 427
122 348
123 445
123 81
123 326
124 305
124 17
124 193
125 497
125 398
125 372
126 377
126 102
126 67
127 414
127 37
127 156
128 328
128 53
128 65
129 348
129 53
129 94
130 234
130 399
130 237
131 387
131 304
131 362
132 252
132 219
132 265
133 52
133 475
133 33
134 439
134 383
134 68
135 84
135 142
135 301
136 200
136 51
136 199
137 444
137 362
137 388
138 117
138 468
138 241
139 177
139 307
139 422
140 336
140 135
140 84
141 171
141 170
141 112
142 237
142 468
142 54
143 316
143 479
143 326
144 52
144 403
144 233
145 206
145 69
145 467
146 379
146 126
146 171
147 80
147 415
147 105
148 274
148 226
148 181
149 101
149 195
149 422
150 63
150 70
150 478
151 174
151 408
151 293
152 280
152 343
152 427
153 183
153 138
153 354
154 151
154 156
154 203
155 411
155 117
155 363
156 374
156 408
156 6
157 338
157 150
157 310
158 62
158 451
158 186
159 398
159 346
159 19
160 368
160 72
160 20
161 144
161 449
161 390
162 496
162 60
162 258
163 388
163 447
163 426
164 159
164 175
164 494
165 288
165 438
165 262
166 192
166 5
166 411
167 246
167 258
167 337
168 325
168 236
168 425
169 423
169 130
169 237
170 49
170 268
170 154
171 415
171 21
171 372
172 105
172 145
172 408
173 427
173 314
173 348
174 368
174 32
174 266
175 309
175 88
175 482
176 489
176 260
176 135
177 395
177 260
177 6
178 120
178 374
178 464
179 79
179 444
179 161
180 32
180 251
180 300
181 28
181 59
181 133
182 381
182 223
182 193
183 198
183 215
183 41
184 170
184 199
184 15
185 93
185 156
185 334
186 54
186 350
186 469
187 86
187 451
187 32
188 49
188 268
188 380
189 141
189 328
189 125
190 354
190 287
190 69
191 24
191 164
191 111
192 106
192 470
192 487
193 264
193 420
193 185
194 293
194 284
194 463
195 431
195 177
195 212
196 57
196 190
196 373
197 81
197 314
197 242
198 237
198 290
198 246
199 330
199 443
199 188
200 383
200 332
200 0
201 227
201 13
201 182
202 154
202 331
202 377
203 140
203 260
203 40
204 416
204 379
204 200
205 5
205 16
205 452
206 435
206 440
206 69
207 97
207 196
207 407
208 433
208 190
208 183
209 109
209 133
209 63
210 262
210 251
210 287
211 425
211 4
211 192
212 206
212 369
212 451
213 388
213 358
213 253
214 205
214 491
214 341
215 253
215 144
215 241
216 259
216 242
216 33
217 239
217 321
217 56
218 57
218 76
218 251
219 295
219 401
219 210
220 406
220 338
220 23
221 279
221 68
221 175
222 328
222 53
222 2
223 351
223 125
223 419
224 445
224 414
224 412
225 319
225 211
225 438
226 343
226 123
226 394
227 143
227 51
227 345
228 93
228 410
228 486
229 112
229 353
229 164
230 338
230 182
230 310
231 353
231 445
231 229
232 486
232 400
232 49
233 475
233 478
233 201
234 50
234 269
234 116
235 392
235 201
235 110
236 148
236 1
236 30
237 457
237 488
237 315
238 30
238 360
238 109
239 313
239 339
239 324
240 283
240 62
240 35
241 78
241 359
241 352
242 38
242 136
242 280
243 145
243 282
243 135
244 100
244 185
244 306
245 356
245 220
245 26
246 428
246 294
246 117
247 473
247 228
247 99
248 93
248 316
248 44
249 272
249 76
249 140
250 277
250 325
250 271
251 179
251 429
251 399
252 384
252 282
252 115
253 148
253 109
253 382
254 0
254 67
254 177
255 79
255 388
255 386
256 161
256 468
256 192
257 481
257 141
257 427
258 253
258 387
258 168
259 55
259 499
259 111
260 180
260 435
260 267
261 156
261 357
261 68
262 402
262 469
262 441
263 52
263 51
263 310
264 171
264 175
264 228
265 208
265 446
265 54
266 336
266 186
266 295
267 401
267 115
267 96
268 80
268 12
268 464
269 1
269 425
269 289
270 346
270 419
270 414
271 310
271 74
271 382
272 76
272 373
272 369
273 116
273 376
273 256
274 326
274 493
274 314
275 355
275 455
275 105
276 410
276 467
276 272
277 406
277 312
277 182
278 86
278 31
278 234
279 194
279 485
279 21
280 264
280 185
280 221
281 55
281 434
281 128
282 251
282 336
282 273
283 218
283 407
283 489
284 451
284 145
284 396
285 304
285 60
285 359
286 406
286 52
286 394
287 163
287 327
287 138
288 362
288 179
288 18
289 391
289 233
289 417
290 25
290 166
290 363
291 409
291 218
291 207
292 390
292 29
292 155
293 313
293 369
293 451
294 491
294 382
294 201
295 450
295 41
295 318
296 259
296 264
296 343
297 385
297 392
297 157
298 402
298 426
298 375
299 379
299 2
299 11
300 318
300 424
300 256
301 167
301 190
301 441
302 498
302 233
302 271
303 352
303 444
303 289
304 403
304 87
304 325
305 122
305 85
305 111
306 195
306 494
306 104
307 366
307 158
307 105
308 189
308 379
308 141
309 73
309 174
309 472
310 416
310 122
310 348
311 110
311 491
311 87
312 493
312 94
312 11
313 97
313 142
313 292
314 65
314 111
314 326
315 238
315 29
315 457
316 261
316 156
316 139
317 148
317 79
317 110
318 361
318 444
318 162
319 179
319 450
319 237
320 217
320 334
320 12
321 225
321 287
321 76
322 399
322 246
322 335
323 201
323 30
323 465
324 237
324 441
324 211
325 16
325 277
325 459
326 418
326 490
326 24
327 303
327 215
327 294
328 316
328 254
328 188
329 231
329 418
329 259
330 494
330 102
330 232
331 480
331 378
331 6
332 91
332 151
332 42
333 83
333 172
333 194
334 147
334 395
334 73
335 166
335 450
335 66
336 84
336 138
336 335
337 387
337 370
337 48
338 128
338 404
338 108
339 131
339 413
339 186
340 29
340 468
340 255
341 459
341 16
341 123
342 60
342 117
342 388
343 461
343 479
343 437
344 365
344 319
344 435
345 377
345 330
345 346
346 480
346 149
346 112
347 466
347 2
347 11
348 280
348 345
348 81
349 387
349 393
349 214
350 468
350 163
350 66
351 37
351 248
351 199
352 22
352 263
352 1
353 320
353 195
353 99
354 179
354 237
354 429
355 190
355 484
355 237
356 173
356 230
356 222
357 194
357 268
357 217
358 466
358 109
358 64
359 150
359 263
359 74
360 78
360 205
360 471
361 205
361 397
361 425
362 387
362 311
362 5
363 144
363 352
363 496
364 115
364 265
364 32
365 446
365 273
365 69
366 62
366 183
366 300
367 422
367 105
367 12
368 234
368 300
368 278
369 96
369 206
369 355
370 323
370 71
370 245
371 244
371 412
371 175
372 480
372 42
372 276
373 335
373 32
373 3
374 265
374 76
374 119
375 246
375 413
375 215
376 258
376 292
376 425
377 151
377 6
377 91
378 401
378 180
378 365
379 482
379 65
379 68
380 217
380 439
380 367
381 189
381 14
381 427
382 263
382 129
382 52
383 176
383 172
383 114
384 72
384 130
384 355
385 299
385 152
385 338
386 209
386 491
386 148
387 388
387 358
387 323
388 64
388 157
388 341
389 164
389 499
389 434
390 352
390 277
390 87
391 148
391 236
391 358
392 478
392 385
392 47
393 95
393 122
393 310
394 123
394 204
394 33
395 431
395 10
395 373
396 86
396 489
396 187
397 78
397 417
397 109
398 439
398 171
398 494
399 166
399 75
399 288
400 145
400 454
400 20
401 218
401 429
401 489
402 213
402 289
402 258
403 148
403 201
403 85
404 254
404 306
404 37
405 217
405 275
405 472
406 128
406 274
406 182
407 435
407 225
407 322
408 140
408 10
408 35
409 3
409 208
409 433
410 27
410 243
410 396
411 214
411 358
411 286
412 443
412 65
412 229
413 362
413 449
413 363
414 178
414 473
414 480
415 160
415 272
415 243
416 127
416 55
416 65
417 245
417 230
417 491
418 185
418 437
418 82
419 44
419 102
419 261
420 154
420 156
420 497
421 81
421 141
421 244
422 151
422 410
422 463
423 131
423 311
423 298
424 488
424 258
424 402
425 294
425 118
425 428
426 144
426 428
426 117
427 419
427 164
427 200
428 471
428 491
428 34
429 113
429 75
429 318
430 242
430 191
430 111
431 436
431 86
431 448
432 439
432 472
432 6
433 31
433 322
433 495
434 141
434 316
434 15
435 186
435 298
435 354
436 251
436 130
436 319
437 177
437 332
437 357
438 137
438 340
438 428
439 243
439 147
439 431
440 39
440 433
440 62
441 269
441 118
441 447
442 146
442 499
442 204
443 195
443 472
443 480
444 236
444 269
444 60
445 19
445 77
445 345
446 246
446 41
446 167
447 48
447 1
447 117
448 446
448 130
448 183
449 358
449 425
449 304
450 29
450 155
450 255
451 324
451 300
451 218
452 85
452 59
452 492
453 314
453 53
453 418
454 187
454 207
454 158
455 57
455 208
455 462
456 294
456 363
456 25
457 29
457 214
457 411
458 302
458 491
458 444
459 123
459 2
459 452
460 59
460 128
460 64
461 67
461 437
461 44
462 66
462 166
462 290
463 251
463 186
463 384
464 467
464 272
464 243
465 226
465 341
465 197
466 453
466 17
466 216
467 266
467 160
467 169
468 426
468 391
468 215
469 413
469 161
469 457
470 70
470 13
470 466
471 341
471 382
471 43
472 243
472 464
472 378
473 58
473 377
473 0
474 4
474 72
474 301
475 453
475 343
475 308
476 175
476 427
476 482
477 123
477 389
477 227
478 343
478 33
478 308
479 499
479 229
479 473
480 40
480 105
480 10
481 127
481 9
481 404
482 19
482 333
482 154
483 140
483 169
483 369
484 424
484 198
484 495
485 27
485 174
485 260
486 266
486 165
486 252
487 144
487 269
487 289
488 241
488 166
488 458
489 423
489 368
489 336
490 199
490 229
490 398
491 263
491 406
491 471
492 326
492 348
492 111
493 143
493 490
493 247
494 374
494 6
494 8
495 447
495 116
495 311
496 312
496 52
496 78
497 272
497 333
497 483
498 281
498 421
498 257
499 254
499 36
499 353
