500 2500
0 312
0 92
0 456
0 12
0 260
1 138
1 493
1 415
1 154
1 364
2 154
2 216
2 410
2 24
2 244
3 131
3 208
3 451
3 186
3 218
4 99
4 11
4 370
4 191
4 209
5 172
5 468
5 444
5 18
5 201
6 324
6 219
6 54
6 61
6 404
7 187
7 189
7 40
7 210
7 307
8 330
8 263
8 155
8 311
8 305
9 284
9 114
9 97
9 428
9 356
10 100
10 372
10 395
10 426
10 234
11 393
11 387
11 246
11 407
11 66
12 473
12 327
12 294
12 168
12 153
13 195
13 461
13 290
13 177
13 211
14 378
14 174
14 47
14 391
14 265
15 374
15 391
15 156
15 19
15 296
16 206
16 6
16 293
16 372
16 349
17 223
17 485
17 290
17 489
17 298
18 42
18 154
18 423
18 324
18 363
19 413
19 446
19 73
19 136
19 32
20 381
20 257
20 326
20 316
20 41
21 291
21 274
21 272
21 337
21 188
22 262
22 236
22 375
22 413
22 146
23 134
23 100
23 172
23 491
23 461
24 288
24 140
24 40
24 179
24 165
25 233
25 253
25 386
25 284
25 336
26 160
26 145
26 301
26 79
26 291
27 376
27 375
27 440
27 448
27 186
28 430
28 428
28 295
28 241
28 21
29 244
29 192
29 34
29 303
29 249
30 398
30 197
30 397
30 16
30 10
31 157
31 131
31 72
31 26
31 68
32 166
32 453
32 474
32 186
32 438
33 189
33 249
33 246
33 121
33 466
34 304
34 56
34 282
34 192
34 283
35 304
35 202
35 96
35 487
35 123
36 458
36 429
36 26
36 157
36 231
37 444
37 370
37 175
37 447
37 354
38 67
38 45
38 297
38 59
38 113
39 200
39 362
39 236
39 255
39 3
40 167
40 193
40 287
40 187
40 495
41 490
41 366
41 418
41 405
41 33
42 96
42 401
42 487
42 11
42 29
43 100
43 16
43 312
43 78
43 285
44 128
44 301
44 353
44 409
44 483
45 115
45 481
45 140
45 59
45 210
46 191
46 40
46 494
46 61
46 325
47 185
47 184
47 380
47 218
47 498
48 327
48 142
48 315
48 266
48 126
49 72
49 31
49 74
49 409
49 163
50 207
50 26
50 422
50 208
50 166
51 241
51 231
51 337
51 368
51 347
52 245
52 432
52 74
52 451
52 375
53 387
53 113
53 325
53 120
53 179
54 447
54 179
54 40
54 393
54 140
55 429
55 483
55 164
55 318
55 475
56 140
56 325
56 455
56 357
56 179
57 175
57 364
57 199
57 96
57 401
58 59
58 110
58 7
58 167
58 120
59 495
59 246
59 121
59 482
59 288
60 432
60 416
60 200
60 478
60 156
61 181
61 307
61 316
61 59
61 497
62 473
62 433
62 17
62 16
62 339
63 93
63 380
63 224
63 9
63 163
64 419
64 77
64 124
64 129
64 259
65 103
65 241
65 331
65 295
65 389
66 455
66 310
66 418
66 366
66 407
67 484
67 482
67 220
67 287
67 320
68 25
68 233
68 170
68 450
68 414
69 204
69 117
69 439
69 85
69 254
70 348
70 383
70 409
70 146
70 183
71 37
71 370
71 42
71 80
71 57
72 347
72 161
72 424
72 68
72 475
73 72
73 431
73 376
73 413
73 200
74 351
74 85
74 28
74 26
74 47
75 303
75 325
75 45
75 7
75 99
76 152
76 460
76 94
76 414
76 291
77 13
77 486
77 260
77 350
77 456
78 392
78 349
78 23
78 473
78 334
79 162
79 337
79 358
79 198
79 251
80 53
80 292
80 54
80 283
80 342
81 217
81 216
81 257
81 404
81 487
82 304
82 407
82 244
82 494
82 466
83 111
83 372
83 355
83 205
83 23
84 172
84 372
84 286
84 125
84 57
85 152
85 21
85 218
85 145
85 242
86 327
86 302
86 349
86 403
86 372
87 209
87 443
87 407
87 313
87 59
88 291
88 114
88 184
88 170
88 227
89 165
89 144
89 481
89 287
89 105
90 294
90 168
90 469
90 386
90 238
91 125
91 86
91 491
91 23
91 172
92 71
92 212
92 155
92 201
92 395
93 284
93 247
93 421
93 97
93 458
94 251
94 30
94 469
94 247
94 101
95 413
95 276
95 50
95 32
95 27
96 324
96 393
96 20
96 46
96 454
97 469
97 358
97 30
97 284
97 337
98 195
98 29
98 462
98 263
98 417
99 40
99 313
99 67
99 400
99 38
100 488
100 219
100 433
100 335
100 155
101 339
101 203
101 173
101 134
101 239
102 228
102 91
102 315
102 456
102 260
103 275
103 252
103 384
103 148
103 124
104 14
104 133
104 296
104 348
104 187
105 52
105 299
105 451
105 375
105 235
106 377
106 167
106 70
106 406
106 400
107 11
107 324
107 364
107 159
107 99
108 321
108 25
108 453
108 450
108 28
109 389
109 343
109 460
109 427
109 151
110 115
110 495
110 494
110 481
110 246
111 253
111 239
111 317
111 129
111 43
112 195
112 142
112 312
112 100
112 197
113 226
113 320
113 297
113 183
113 261
114 111
114 30
114 322
114 259
114 129
115 200
115 139
115 31
115 49
115 146
116 186
116 207
116 314
116 420
116 130
117 188
117 77
117 359
117 389
117 295
118 309
118 243
118 376
118 52
118 116
119 427
119 152
119 278
119 227
119 180
120 122
120 39
120 262
120 340
120 226
121 400
121 104
121 482
121 116
121 15
122 193
122 379
122 39
122 402
122 243
123 270
123 179
123 306
123 232
123 99
124 279
124 228
124 327
124 48
124 355
125 349
125 154
125 493
125 273
125 80
126 195
126 10
126 86
126 71
126 395
127 279
127 336
127 317
127 346
127 168
128 353
128 451
128 265
128 207
128 409
129 16
129 372
129 205
129 211
129 153
130 69
130 145
130 88
130 93
130 28
131 429
131 184
131 368
131 51
131 117
132 234
132 279
132 269
132 92
132 182
133 376
133 27
133 55
133 156
133 19
134 37
134 352
134 100
134 92
134 285
135 172
135 206
135 240
135 394
135 399
136 378
136 190
136 314
136 360
136 467
137 301
137 145
137 242
137 36
137 439
138 24
138 270
138 471
138 18
138 308
139 378
139 235
139 130
139 36
139 391
140 121
140 297
140 445
140 281
140 383
141 164
141 31
141 190
141 235
141 276
142 71
142 6
142 155
142 492
142 394
143 320
143 262
143 481
143 104
143 388
144 52
144 376
144 73
144 139
144 391
145 117
145 441
145 291
145 108
145 368
146 378
146 137
146 130
146 467
146 413
147 260
147 111
147 384
147 456
147 153
148 486
148 419
148 91
148 30
148 132
149 373
149 66
149 24
149 96
149 417
150 164
150 439
150 28
150 231
150 51
151 142
151 285
151 100
151 98
151 339
152 274
152 158
152 127
152 147
152 90
153 339
153 434
153 489
153 84
153 426
154 66
154 176
154 292
154 87
154 435
155 87
155 283
155 80
155 138
155 24
156 424
156 74
156 248
156 85
156 451
157 368
157 131
157 94
157 295
157 88
158 62
158 398
158 86
158 315
158 112
159 87
159 282
159 412
159 304
159 123
160 291
160 295
160 278
160 152
160 259
161 47
161 465
161 295
161 164
161 88
162 331
162 322
162 228
162 251
162 284
163 353
163 184
163 152
163 68
163 108
164 227
164 108
164 218
164 321
164 380
165 299
165 476
165 116
165 73
165 220
166 268
166 437
166 475
166 224
166 88
167 307
167 406
167 496
167 495
167 193
168 10
168 463
168 397
168 5
168 349
169 465
169 498
169 163
169 242
169 160
170 259
170 260
170 266
170 148
170 90
171 483
171 301
171 353
171 236
171 186
172 263
172 149
172 18
172 404
172 394
173 372
173 86
173 492
173 23
173 13
174 218
174 131
174 157
174 119
174 21
175 333
175 54
175 308
175 447
175 176
176 45
176 316
176 454
176 33
176 258
177 125
177 100
177 433
177 273
177 172
178 105
178 187
178 496
178 133
178 476
179 113
179 377
179 115
179 104
179 38
180 127
180 356
180 486
180 170
180 101
181 110
181 232
181 41
181 113
181 15
182 42
182 280
182 417
182 195
182 155
183 190
183 314
183 186
183 200
183 467
184 430
184 450
184 114
184 419
184 343
185 76
185 252
185 380
185 436
185 79
186 475
186 438
186 411
186 321
186 185
187 261
187 340
187 22
187 229
187 52
188 358
188 356
188 389
188 25
188 343
189 60
189 261
189 165
189 262
189 146
190 411
190 301
190 439
190 131
190 437
191 313
191 178
191 110
191 288
191 89
192 313
192 143
192 393
192 326
192 7
193 445
193 484
193 50
193 136
193 420
194 138
194 213
194 96
194 324
194 471
195 352
195 470
195 273
195 286
195 35
196 206
196 298
196 369
196 8
196 195
197 491
197 92
197 277
197 195
197 100
198 124
198 382
198 336
198 43
198 222
199 454
199 96
199 192
199 282
199 342
200 378
200 362
200 375
200 157
200 422
201 363
201 468
201 196
201 263
201 480
202 123
202 487
202 373
202 58
202 99
203 392
203 426
203 142
203 211
203 279
204 356
204 337
204 119
204 117
204 160
205 203
205 367
205 355
205 222
205 312
206 159
206 311
206 35
206 81
206 34
207 47
207 88
207 161
207 160
207 9
208 76
208 28
208 429
208 21
208 390
209 110
209 89
209 59
209 210
209 237
210 229
210 121
210 22
210 60
210 319
211 17
211 142
211 212
211 459
211 16
212 273
212 80
212 269
212 34
212 199
213 33
213 324
213 20
213 435
213 282
214 271
214 161
214 242
214 440
214 163
215 418
215 40
215 246
215 122
215 210
216 387
216 377
216 54
216 159
216 110
217 20
217 33
217 216
217 123
217 75
218 371
218 94
218 117
218 458
218 51
219 33
219 292
219 202
219 199
219 364
220 299
220 27
220 19
220 446
220 243
221 420
221 467
221 27
221 186
221 484
222 346
222 335
222 334
222 317
222 349
223 54
223 80
223 477
223 61
223 306
224 21
224 272
224 188
224 353
224 65
225 191
225 412
225 377
225 11
225 333
226 144
226 139
226 19
226 229
226 250
227 147
227 0
227 359
227 389
227 356
228 134
228 5
228 372
228 100
228 177
229 236
229 63
229 174
229 14
229 150
230 29
230 410
230 2
230 417
230 415
231 291
231 450
231 452
231 188
231 170
232 329
232 104
232 443
232 340
232 455
233 151
233 247
233 389
233 472
233 336
234 81
234 219
234 273
234 212
234 277
235 265
235 498
235 242
235 475
235 185
236 224
236 157
236 422
236 256
236 166
237 425
237 141
237 136
237 139
237 495
238 334
238 473
238 260
238 142
238 397
239 182
239 269
239 488
239 279
239 338
240 138
240 277
240 459
240 292
240 470
241 358
241 398
241 127
241 367
241 252
242 344
242 117
242 414
242 437
242 267
243 362
243 402
243 3
243 49
243 348
244 497
244 226
244 357
244 59
244 388
245 85
245 361
245 422
245 36
245 439
246 383
246 388
246 52
246 15
246 136
247 367
247 274
247 275
247 147
247 315
248 301
248 436
248 224
248 368
248 184
249 113
249 7
249 38
249 407
249 232
250 391
250 14
250 416
250 378
250 478
251 396
251 456
251 83
251 23
251 86
252 289
252 460
252 359
252 30
252 251
253 339
253 461
253 317
253 126
253 12
254 351
254 428
254 278
254 252
254 323
255 88
255 353
255 161
255 93
255 483
256 421
256 88
256 108
256 351
256 437
257 106
257 244
257 308
257 89
257 454
258 144
258 250
258 19
258 340
258 115
259 456
259 10
259 339
259 452
259 30
260 350
260 346
260 182
260 397
260 43
261 440
261 74
261 190
261 379
261 391
262 446
262 130
262 49
262 200
262 44
263 423
263 213
263 176
263 363
263 56
264 205
264 266
264 168
264 260
264 336
265 185
265 439
265 464
265 69
265 131
266 260
266 457
266 426
266 173
266 345
267 109
267 300
267 278
267 170
267 180
268 389
268 152
268 204
268 390
268 428
269 159
269 305
269 42
269 223
269 290
270 366
270 215
270 82
270 333
270 357
271 93
271 453
271 233
271 241
271 64
272 103
272 102
272 64
272 452
272 371
273 35
273 270
273 4
273 330
273 308
274 168
274 294
274 315
274 153
274 91
275 260
275 172
275 43
275 211
275 382
276 174
276 248
276 36
276 108
276 26
277 417
277 283
277 423
277 263
277 444
278 129
278 147
278 356
278 359
278 90
279 459
279 182
279 134
279 392
279 352
280 53
280 42
280 306
280 199
280 330
281 187
281 221
281 261
281 39
281 348
282 120
282 167
282 40
282 333
282 140
283 303
283 191
283 179
283 381
283 33
284 382
284 153
284 112
284 124
284 101
285 463
285 395
285 1
285 172
285 349
286 257
286 468
286 176
286 480
286 18
287 50
287 376
287 60
287 402
287 413
288 388
288 73
288 193
288 243
288 120
289 43
289 396
289 10
289 153
289 346
290 213
290 138
290 216
290 364
290 370
291 430
291 102
291 233
291 356
291 48
292 11
292 209
292 282
292 38
292 494
293 196
293 1
293 212
293 230
293 485
294 234
294 382
294 91
294 486
294 196
295 365
295 384
295 247
295 148
295 198
296 14
296 27
296 39
296 299
296 375
297 141
297 250
297 299
297 15
297 340
298 435
298 81
298 330
298 480
298 471
299 130
299 416
299 483
299 52
299 156
300 158
300 30
300 151
300 238
300 162
301 464
301 353
301 450
301 453
301 185
302 417
302 352
302 470
302 155
302 87
303 189
303 418
303 167
303 121
303 226
304 329
304 120
304 232
304 316
304 140
305 435
305 273
305 330
305 217
305 363
306 53
306 479
306 303
306 373
306 387
307 60
307 496
307 348
307 287
307 262
308 58
308 326
308 181
308 357
308 325
309 161
309 408
309 68
309 63
309 69
310 139
310 156
310 39
310 276
310 187
311 381
311 292
311 24
311 34
311 387
312 223
312 196
312 457
312 212
312 352
313 366
313 246
313 482
313 113
313 258
314 157
314 332
314 32
314 163
314 85
315 266
315 197
315 10
315 239
315 222
316 377
316 406
316 287
316 494
316 22
317 372
317 8
317 195
317 285
317 277
318 190
318 185
318 131
318 174
318 411
319 32
319 128
319 391
319 139
319 137
320 74
320 413
320 169
320 416
320 183
321 65
321 380
321 68
321 337
321 88
322 350
322 294
322 126
322 16
322 317
323 456
323 331
323 30
323 472
323 460
324 249
324 454
324 11
324 38
324 494
325 146
325 455
325 481
325 178
325 113
326 189
326 89
326 246
326 167
326 407
327 263
327 471
327 462
327 335
327 277
328 90
328 77
328 170
328 386
328 427
329 413
329 237
329 221
329 19
329 250
330 490
330 232
330 325
330 215
330 54
331 355
331 197
331 486
331 205
331 275
332 161
332 190
332 321
332 254
332 130
333 407
333 310
333 143
333 482
333 122
334 457
334 491
334 338
334 426
334 142
335 286
335 199
335 37
335 18
335 489
336 339
336 205
336 486
336 279
336 367
337 398
337 109
337 12
337 367
337 275
338 230
338 433
338 206
338 462
338 100
339 492
339 327
339 491
339 485
339 403
340 55
340 236
340 52
340 44
340 72
341 438
341 295
341 436
341 498
341 26
342 412
342 45
342 288
342 66
342 191
343 359
343 62
343 486
343 266
343 253
344 251
344 83
344 158
344 331
344 275
345 338
345 201
345 196
345 394
345 1
346 434
346 492
346 142
346 317
346 293
347 291
347 371
347 284
347 356
347 428
348 72
348 413
348 299
348 14
348 420
349 223
349 4
349 311
349 363
349 18
350 98
350 16
350 491
350 17
350 206
351 247
351 268
351 93
351 295
351 428
352 176
352 292
352 123
352 354
352 34
353 117
353 185
353 21
353 65
353 204
354 202
354 33
354 477
354 54
354 324
355 317
355 173
355 134
355 238
355 397
356 102
356 266
356 427
356 238
356 252
357 70
357 59
357 210
357 122
357 340
358 382
358 222
358 153
358 10
358 126
359 382
359 30
359 384
359 203
359 43
360 117
360 408
360 65
360 185
360 51
361 247
361 291
361 389
361 160
361 114
362 51
362 440
362 108
362 207
362 321
363 410
363 454
363 11
363 447
363 225
364 123
364 66
364 466
364 82
364 373
365 264
365 30
365 386
365 460
365 90
366 288
366 262
366 210
366 220
366 455
367 126
367 92
367 17
367 201
367 426
368 0
368 103
368 170
368 227
368 452
369 149
369 199
369 354
369 20
369 80
370 87
370 213
370 58
370 24
370 33
371 419
371 90
371 129
371 452
371 358
372 177
372 269
372 273
372 433
372 290
373 45
373 481
373 38
373 189
373 7
374 73
374 49
374 116
374 137
374 186
375 318
375 265
375 451
375 276
375 207
376 69
376 362
376 72
376 408
376 32
377 481
377 366
377 348
377 496
377 210
378 465
378 174
378 74
378 236
378 131
379 483
379 391
379 332
379 166
379 156
380 251
380 396
380 442
380 247
380 458
381 89
381 288
381 377
381 494
381 296
382 285
382 222
382 457
382 397
382 182
383 431
383 214
383 169
383 276
383 174
384 222
384 48
384 78
384 173
384 0
385 170
385 358
385 247
385 390
385 356
386 275
386 399
386 222
386 293
386 294
387 7
387 316
387 494
387 296
387 143
388 314
388 115
388 116
388 478
388 122
389 251
389 48
389 331
389 355
389 398
390 460
390 442
390 83
390 101
390 90
391 255
391 44
391 424
391 63
391 449
392 298
392 352
392 415
392 57
392 37
393 191
393 66
393 104
393 45
393 209
394 216
394 462
394 107
394 80
394 305
395 392
395 444
395 485
395 410
395 462
396 456
396 346
396 17
396 101
396 315
397 444
397 6
397 269
397 290
397 81
398 112
398 239
398 182
398 78
398 177
399 125
399 138
399 462
399 426
399 352
400 95
400 262
400 19
400 478
400 383
401 435
401 412
401 191
401 479
401 82
402 31
402 200
402 255
402 63
402 139
403 35
403 302
403 468
403 18
403 273
404 447
404 99
404 454
404 304
404 393
405 425
405 495
405 299
405 144
405 476
406 187
406 39
406 44
406 171
406 118
407 105
407 262
407 113
407 121
407 146
408 254
408 231
408 436
408 361
408 65
409 28
409 190
409 63
409 224
409 150
410 304
410 66
410 364
410 477
410 454
411 380
411 150
411 85
411 224
411 69
412 287
412 407
412 307
412 104
412 325
413 44
413 318
413 74
413 31
413 150
414 427
414 259
414 233
414 241
414 358
415 311
415 199
415 454
415 435
415 213
416 420
416 207
416 411
416 235
416 32
417 34
417 330
417 225
417 202
417 61
418 413
418 425
418 237
418 319
418 118
419 367
419 126
419 12
419 358
419 10
420 207
420 236
420 72
420 31
420 190
421 253
421 365
421 264
421 241
421 0
422 204
422 51
422 351
422 161
422 411
423 303
423 215
423 393
423 412
423 282
424 368
424 351
424 430
424 301
424 94
425 446
425 229
425 440
425 416
425 319
426 293
426 395
426 81
426 195
426 2
427 260
427 173
427 486
427 111
427 0
428 83
428 101
428 452
428 77
428 264
429 233
429 21
429 64
429 430
429 152
430 275
430 356
430 452
430 427
430 12
431 408
431 85
431 255
431 318
431 268
432 439
432 130
432 465
432 150
432 169
433 212
433 199
433 138
433 395
433 493
434 206
434 263
434 459
434 269
434 81
435 324
435 176
435 20
435 209
435 487
436 441
436 450
436 356
436 343
436 109
437 458
437 93
437 28
437 188
437 185
438 272
438 184
438 103
438 385
438 430
439 421
439 28
439 162
439 450
439 254
440 267
440 160
440 341
440 79
440 93
441 253
441 336
441 274
441 97
441 264
442 367
442 371
442 427
442 275
442 264
443 67
443 187
443 310
443 121
443 60
444 417
444 280
444 87
444 480
444 404
445 416
445 420
445 73
445 171
445 309
446 332
446 141
446 402
446 44
446 139
447 41
447 178
447 487
447 59
447 333
448 26
448 314
448 375
448 378
448 420
449 451
449 108
449 255
449 36
449 474
450 275
450 111
450 252
450 356
450 64
451 440
451 268
451 474
451 498
451 208
452 238
452 197
452 91
452 397
452 126
453 356
453 119
453 390
453 328
453 79
454 249
454 209
454 393
454 54
454 215
455 296
455 418
455 237
455 70
455 481
456 399
456 457
456 327
456 78
456 92
457 57
457 212
457 206
457 155
457 2
458 328
458 94
458 170
458 247
458 227
459 462
459 81
459 330
459 444
459 107
460 203
460 427
460 211
460 173
460 78
461 277
461 349
461 1
461 491
461 493
462 468
462 354
462 277
462 149
462 283
463 415
463 349
463 404
463 471
463 155
464 233
464 160
464 227
464 441
464 429
465 499
465 208
465 188
465 385
465 163
466 122
466 377
466 140
466 215
466 67
467 9
467 255
467 65
467 166
467 131
468 219
468 159
468 352
468 454
468 280
469 77
469 456
469 359
469 197
469 198
470 454
470 175
470 56
470 7
470 249
471 311
471 219
471 306
471 46
471 487
472 0
472 127
472 266
472 275
472 153
473 172
473 394
473 196
473 399
473 8
474 47
474 267
474 498
474 437
474 68
475 453
475 233
475 185
475 380
475 64
476 375
476 116
476 448
476 146
476 236
477 373
477 33
477 330
477 257
477 87
478 156
478 200
478 376
478 36
478 116
479 53
479 121
479 66
479 209
479 143
480 202
480 61
480 96
480 393
480 435
481 261
481 52
481 141
481 320
481 221
482 309
482 383
482 116
482 31
482 95
483 204
483 436
483 361
483 268
483 157
484 431
484 161
484 85
484 174
484 465
485 459
485 213
485 6
485 298
485 462
486 86
486 126
486 78
486 234
486 168
487 113
487 407
487 405
487 333
487 388
488 462
488 159
488 34
488 37
488 370
489 462
489 37
489 290
489 219
489 394
490 120
490 115
490 121
490 333
490 329
491 369
491 269
491 194
491 277
491 286
492 212
492 154
492 277
492 149
492 404
493 176
493 96
493 354
493 35
493 34
494 146
494 366
494 104
494 105
494 187
495 146
495 425
495 319
495 299
495 413
496 141
496 348
496 122
496 95
496 425
497 115
497 494
497 122
497 405
497 481
498 267
498 380
498 160
498 390
498 162
499 259
499 278
499 97
499 368
499 441
