1000 10000
0 118
0 442
0 71
0 435
0 724
0 42
0 177
0 217
0 483
0 189
1 808
1 319
1 359
1 168
1 672
1 647
1 374
1 302
1 203
1 961
2 961
2 263
2 115
2 607
2 497
2 712
2 816
2 786
2 213
2 70
3 556
3 362
3 514
3 410
3 17
3 975
3 863
3 12
3 454
3 66
4 883
4 615
4 673
4 864
4 356
4 124
4 21
4 533
4 65
4 152
5 106
5 264
5 281
5 751
5 2
5 591
5 157
5 911
5 472
5 855
6 928
6 78
6 435
6 757
6 369
6 287
6 597
6 575
6 292
6 733
7 646
7 887
7 630
7 548
7 29
7 557
7 91
7 65
7 877
7 780
8 530
8 922
8 588
8 131
8 822
8 382
8 166
8 708
8 587
8 491
9 445
9 81
9 910
9 111
9 683
9 182
9 69
9 1
9 96
9 452
10 334
10 760
10 882
10 582
10 640
10 139
10 302
10 749
10 986
10 644
11 252
11 35
11 872
11 266
11 285
11 838
11 510
11 223
11 395
11 898
12 190
12 66
12 513
12 514
12 267
12 428
12 239
12 341
12 473
12 722
13 307
13 49
13 871
13 339
13 559
13 806
13 340
13 642
13 32
13 633
14 905
14 884
14 57
14 963
14 4
14 868
14 615
14 947
14 296
14 361
15 333
15 179
15 280
15 354
15 965
15 358
15 322
15 563
15 28
15 542
16 264
16 956
16 172
16 727
16 997
16 2
16 712
16 290
16 938
16 462
17 19
17 205
17 894
17 891
17 199
17 717
17 863
17 362
17 646
17 242
18 403
18 755
18 217
18 707
18 570
18 409
18 58
18 892
18 72
18 772
19 549
19 329
19 11
19 985
19 624
19 977
19 785
19 110
19 90
19 244
20 811
20 882
20 851
20 96
20 154
20 106
20 231
20 279
20 2
20 765
21 247
21 169
21 3
21 314
21 706
21 780
21 17
21 864
21 47
21 533
22 658
22 803
22 969
22 58
22 429
22 537
22 92
22 107
22 814
22 270
23 801
23 912
23 173
23 164
23 836
23 187
23 838
23 420
23 872
23 378
24 145
24 610
24 745
24 429
24 476
24 892
24 585
24 699
24 399
24 409
25 813
25 33
25 920
25 507
25 115
25 518
25 766
25 407
25 69
25 700
26 65
26 421
26 310
26 917
26 52
26 867
26 404
26 780
26 200
26 526
27 449
27 802
27 570
27 544
27 576
27 140
27 425
27 337
27 756
27 830
28 918
28 322
28 588
28 530
28 87
28 965
28 471
28 618
28 674
28 907
29 362
29 151
29 324
29 64
29 719
29 258
29 17
29 304
29 211
29 484
30 10
30 688
30 264
30 592
30 9
30 439
30 367
30 230
30 281
30 445
31 809
31 783
31 600
31 269
31 845
31 417
31 400
31 424
31 890
31 609
32 827
32 92
32 686
32 561
32 301
32 658
32 836
32 406
32 327
32 453
33 102
33 317
33 57
33 845
33 589
33 713
33 81
33 786
33 31
33 525
34 671
34 545
34 967
34 746
34 167
34 442
34 547
34 745
34 767
34 75
35 236
35 13
35 750
35 216
35 360
35 183
35 948
35 651
35 61
35 209
36 303
36 330
36 405
36 562
36 866
36 725
36 269
36 729
36 152
36 400
37 312
37 194
37 969
37 270
37 220
37 164
37 838
37 161
37 881
37 926
38 159
38 276
38 697
38 994
38 900
38 795
38 581
38 446
38 875
38 665
39 756
39 544
39 378
39 969
39 425
39 140
39 79
39 236
39 561
39 739
40 207
40 98
40 16
40 662
40 234
40 941
40 861
40 997
40 89
40 811
41 565
41 669
41 233
41 472
41 497
41 275
41 846
41 70
41 730
41 231
42 994
42 468
42 295
42 665
42 782
42 874
42 276
42 297
42 435
42 795
43 392
43 63
43 815
43 742
43 20
43 790
43 136
43 103
43 554
43 730
44 4
44 600
44 629
44 14
44 729
44 193
44 210
44 809
44 21
44 589
45 101
45 725
45 379
45 519
45 351
45 914
45 152
45 26
45 628
45 905
46 679
46 135
46 331
46 537
46 667
46 739
46 171
46 460
46 983
46 969
47 12
47 509
47 864
47 526
47 706
47 975
47 419
47 357
47 48
47 440
48 222
48 865
48 891
48 785
48 833
48 180
48 239
48 368
48 995
48 253
49 202
49 449
49 584
49 389
49 88
49 301
49 832
49 140
49 871
49 224
50 238
50 17
50 621
50 557
50 379
50 504
50 860
50 797
50 440
50 314
51 732
51 296
51 629
51 945
51 673
51 31
51 884
51 936
51 845
51 461
52 987
52 586
52 258
52 774
52 863
52 184
52 245
52 386
52 114
52 514
53 825
53 873
53 925
53 403
53 495
53 620
53 832
53 309
53 212
53 477
54 523
54 48
54 496
54 247
54 454
54 526
54 100
54 348
54 780
54 272
55 344
55 401
55 278
55 812
55 295
55 325
55 240
55 781
55 393
55 805
56 177
56 745
56 928
56 389
56 442
56 859
56 248
56 620
56 597
56 784
57 404
57 324
57 533
57 888
57 548
57 643
57 269
57 615
57 557
57 356
58 967
58 950
58 143
58 959
58 0
58 406
58 746
58 426
58 650
58 466
59 236
59 931
59 561
59 337
59 976
59 529
59 216
59 686
59 926
59 39
60 546
60 813
60 831
60 44
60 334
60 374
60 807
60 808
60 760
60 193
61 395
61 670
61 244
61 482
61 116
61 944
61 524
61 235
61 265
61 676
62 920
62 956
62 231
62 2
62 452
62 603
62 81
62 264
62 281
62 306
63 711
63 716
63 941
63 712
63 507
63 910
63 882
63 233
63 302
63 367
64 364
64 271
64 758
64 552
64 586
64 974
64 863
64 736
64 328
64 769
65 48
65 19
65 245
65 90
65 897
65 93
65 205
65 940
65 151
65 227
66 473
66 341
66 144
66 955
66 598
66 494
66 717
66 583
66 987
66 923
67 342
67 195
67 136
67 498
67 962
67 792
67 907
67 618
67 981
67 219
68 381
68 195
68 573
68 536
68 696
68 375
68 792
68 708
68 964
68 684
69 488
69 904
69 148
69 102
69 644
69 878
69 831
69 607
69 819
69 840
70 518
70 165
70 808
70 910
70 388
70 916
70 10
70 306
70 971
70 749
71 777
71 547
71 839
71 857
71 237
71 382
71 762
71 710
71 900
71 132
72 505
72 874
72 654
72 834
72 167
72 483
72 968
72 847
72 795
72 97
73 623
73 634
73 708
73 471
73 861
73 246
73 166
73 843
73 103
73 530
74 521
74 209
74 149
74 204
74 691
74 769
74 178
74 499
74 35
74 837
75 973
75 788
75 960
75 675
75 433
75 527
75 994
75 531
75 965
75 921
76 107
76 464
76 403
76 229
76 22
76 313
76 270
76 309
76 224
76 871
77 260
77 878
77 797
77 424
77 629
77 461
77 817
77 713
77 525
77 193
78 459
78 112
78 468
78 147
78 176
78 734
78 442
78 781
78 385
78 456
79 332
79 161
79 420
79 187
79 380
79 871
79 107
79 373
79 492
79 535
80 558
80 791
80 236
80 187
80 992
80 653
80 510
80 266
80 113
80 137
81 508
81 51
81 713
81 518
81 193
81 709
81 845
81 102
81 644
81 488
82 821
82 204
82 99
82 35
82 144
82 668
82 736
82 328
82 397
82 376
83 947
83 615
83 210
83 622
83 330
83 155
83 461
83 635
83 303
83 101
84 131
84 103
84 381
84 901
84 623
84 698
84 347
84 86
84 822
84 885
85 84
85 455
85 87
85 879
85 794
85 626
85 335
85 752
85 491
85 812
86 474
86 444
86 136
86 512
86 415
86 323
86 290
86 254
86 828
86 366
87 669
87 534
87 617
87 846
87 5
87 506
87 657
87 929
87 342
87 981
88 6
88 141
88 143
88 212
88 606
88 292
88 232
88 538
88 229
88 492
89 607
89 911
89 648
89 880
89 69
89 956
89 452
89 25
89 115
89 81
90 985
90 930
90 144
90 552
90 934
90 583
90 722
90 183
90 995
90 239
91 569
91 419
91 65
91 421
91 958
91 993
91 523
91 877
91 628
91 259
92 107
92 171
92 606
92 332
92 517
92 959
92 88
92 827
92 701
92 535
93 930
93 549
93 829
93 341
93 863
93 977
93 736
93 862
93 199
93 397
94 104
94 23
94 787
94 209
94 108
94 74
94 252
94 436
94 35
94 932
95 573
95 349
95 714
95 764
95 684
95 869
95 120
95 498
95 822
95 895
96 81
96 703
96 102
96 963
96 904
96 735
96 672
96 371
96 607
96 589
97 237
97 276
97 459
97 841
97 85
97 991
97 162
97 297
97 875
97 273
98 507
98 263
98 592
98 920
98 62
98 811
98 230
98 842
98 605
98 688
99 397
99 184
99 549
99 346
99 209
99 924
99 244
99 651
99 183
99 110
100 680
100 199
100 397
100 722
100 293
100 396
100 769
100 475
100 144
100 170
101 569
101 579
101 523
101 883
101 152
101 643
101 21
101 556
101 29
101 206
102 947
102 257
102 628
102 377
102 206
102 361
102 370
102 629
102 883
102 508
103 843
103 372
103 851
103 909
103 811
103 712
103 497
103 855
103 997
103 407
104 469
104 221
104 216
104 931
104 220
104 666
104 61
104 277
104 691
104 307
105 406
105 425
105 22
105 88
105 46
105 161
105 667
105 537
105 79
105 431
106 760
106 275
106 712
106 910
106 507
106 603
106 115
106 279
106 33
106 789
107 192
107 543
107 350
107 416
107 153
107 560
107 733
107 262
107 442
107 218
108 235
108 178
108 750
108 453
108 183
108 898
108 521
108 988
108 810
108 164
109 184
109 494
109 668
109 995
109 774
109 736
109 99
109 267
109 353
109 222
110 976
110 590
110 312
110 988
110 666
110 952
110 558
110 676
110 750
110 954
111 709
111 979
111 525
111 424
111 826
111 319
111 725
111 939
111 501
111 155
112 481
112 459
112 671
112 834
112 773
112 237
112 297
112 162
112 627
112 276
113 676
113 235
113 220
113 307
113 656
113 266
113 49
113 482
113 187
113 105
114 934
114 61
114 110
114 467
114 174
114 853
114 932
114 721
114 552
114 94
115 783
115 866
115 338
115 83
115 370
115 203
115 808
115 508
115 845
115 589
116 954
116 935
116 633
116 676
116 898
116 391
116 559
116 980
116 373
116 27
117 245
117 494
117 267
117 48
117 93
117 532
117 652
117 850
117 958
117 336
118 998
118 159
118 320
118 478
118 325
118 447
118 459
118 574
118 480
118 805
119 653
119 194
119 420
119 529
119 642
119 679
119 187
119 39
119 173
119 27
120 720
120 84
120 578
120 243
120 982
120 366
120 550
120 506
120 289
120 915
121 973
121 922
121 181
121 849
121 796
121 550
121 515
121 522
121 794
121 485
122 557
122 567
122 17
122 362
122 854
122 864
122 454
122 726
122 999
122 643
123 920
123 816
123 712
123 306
123 439
123 700
123 115
123 882
123 168
123 407
124 833
124 454
124 663
124 324
124 611
124 958
124 504
124 357
124 643
124 185
125 347
125 907
125 723
125 73
125 142
125 474
125 349
125 489
125 770
125 506
126 124
126 878
126 800
126 732
126 7
126 156
126 887
126 45
126 47
126 206
127 751
127 62
127 462
127 323
127 623
127 727
127 103
127 40
127 191
127 886
128 416
128 18
128 232
128 6
128 409
128 625
128 830
128 902
128 403
128 0
129 170
129 876
129 324
129 643
129 504
129 706
129 894
129 3
129 863
129 864
130 366
130 215
130 8
130 616
130 960
130 618
130 219
130 354
130 637
130 503
131 372
131 230
131 375
131 982
131 231
131 634
131 855
131 554
131 506
131 906
132 382
132 246
132 87
132 918
132 95
132 474
132 708
132 754
132 981
132 68
133 681
133 340
133 810
133 912
133 183
133 59
133 558
133 687
133 806
133 976
134 572
134 208
134 121
134 805
134 539
134 879
134 796
134 522
134 67
134 778
135 570
135 757
135 143
135 309
135 248
135 466
135 34
135 287
135 217
135 650
136 198
136 30
136 9
136 234
136 123
136 16
136 997
136 906
136 893
136 751
137 983
137 88
137 802
137 926
137 58
137 756
137 806
137 477
137 631
137 803
138 185
138 404
138 630
138 29
138 504
138 124
138 905
138 50
138 519
138 169
139 629
139 83
139 819
139 589
139 306
139 102
139 488
139 525
139 729
139 69
140 650
140 814
140 327
140 53
140 6
140 309
140 431
140 679
140 171
140 460
141 619
141 394
141 42
141 825
141 435
141 192
141 950
141 399
141 733
141 841
142 720
142 349
142 471
142 40
142 131
142 322
142 366
142 127
142 770
142 333
143 597
143 902
143 466
143 620
143 437
143 755
143 423
143 740
143 443
143 757
144 277
144 321
144 552
144 23
144 346
144 970
144 837
144 397
144 896
144 74
145 516
145 480
145 577
145 38
145 481
145 879
145 295
145 390
145 325
145 689
146 545
146 38
146 577
146 145
146 344
146 42
146 401
146 308
146 295
146 665
147 297
147 762
147 179
147 480
147 344
147 28
147 775
147 240
147 365
147 132
148 251
148 589
148 461
148 338
148 400
148 966
148 317
148 418
148 14
148 488
149 970
149 666
149 80
149 469
149 791
149 768
149 391
149 178
149 976
149 235
150 863
150 611
150 494
150 362
150 227
150 995
150 598
150 664
150 486
150 199
151 470
151 353
151 549
151 94
151 271
151 436
151 184
151 943
151 61
151 396
152 621
152 3
152 256
152 348
152 569
152 630
152 523
152 718
152 883
152 726
153 575
153 212
153 402
153 399
153 350
153 112
153 288
153 950
153 118
153 479
154 493
154 286
154 250
154 807
154 813
154 316
154 804
154 591
154 182
154 111
155 594
155 557
155 29
155 860
155 509
155 864
155 26
155 185
155 303
155 887
156 888
156 729
156 57
156 509
156 939
156 615
156 877
156 966
156 404
156 884
157 566
157 213
157 512
157 815
157 593
157 910
157 997
157 25
157 861
157 414
158 642
158 113
158 898
158 974
158 680
158 691
158 110
158 653
158 178
158 787
159 968
159 320
159 728
159 572
159 344
159 879
159 665
159 455
159 782
159 796
160 828
160 550
160 166
160 618
160 274
160 195
160 136
160 43
160 578
160 657
161 753
161 570
161 693
161 416
161 313
161 969
161 301
161 667
161 135
161 292
162 614
162 637
162 522
162 794
162 960
162 581
162 130
162 692
162 297
162 480
163 807
163 96
163 603
163 448
163 497
163 961
163 971
163 302
163 760
163 306
164 747
164 656
164 313
164 477
164 694
164 992
164 871
164 756
164 27
164 687
165 359
165 400
165 990
165 186
165 408
165 412
165 562
165 77
165 936
165 831
166 846
166 982
166 578
166 885
166 929
166 851
166 41
166 261
166 63
166 462
167 782
167 162
167 468
167 849
167 547
167 159
167 692
167 276
167 900
167 857
168 966
168 525
168 228
168 604
168 77
168 165
168 186
168 241
168 306
168 986
169 253
169 567
169 357
169 532
169 52
169 513
169 109
169 569
169 205
169 602
170 661
170 763
170 974
170 863
170 977
170 722
170 376
170 829
170 897
170 74
171 477
171 389
171 737
171 852
171 460
171 218
171 620
171 107
171 479
171 58
172 439
172 919
172 766
172 9
172 275
172 123
172 1
172 592
172 168
172 264
173 576
173 559
173 463
173 53
173 835
173 464
173 337
173 570
173 801
173 380
174 144
174 252
174 223
174 110
174 500
174 329
174 670
174 702
174 977
174 974
175 835
175 871
175 969
175 6
175 802
175 332
175 561
175 92
175 331
175 107
176 162
176 134
176 201
176 857
176 344
176 665
176 478
176 446
176 240
176 637
177 874
177 689
177 167
177 134
177 97
177 767
177 176
177 318
177 483
177 147
178 187
178 976
178 307
178 216
178 656
178 32
178 926
178 952
178 645
178 658
179 601
179 474
179 965
179 794
179 580
179 527
179 849
179 142
179 563
179 95
180 341
180 158
180 787
180 346
180 328
180 223
180 944
180 221
180 722
180 104
181 550
181 491
181 844
181 822
181 723
181 823
181 455
181 777
181 788
181 776
182 647
182 936
182 51
182 115
182 203
182 786
182 316
182 83
182 946
182 260
183 105
183 970
183 482
183 642
183 46
183 510
183 676
183 175
183 363
183 933
184 715
184 583
184 482
184 469
184 23
184 11
184 768
184 391
184 265
184 133
185 567
185 150
185 428
185 66
185 652
185 52
185 513
185 894
185 48
185 850
186 562
186 649
186 14
186 947
186 36
186 748
186 703
186 800
186 732
186 303
187 690
187 143
187 403
187 801
187 229
187 107
187 814
187 517
187 739
187 431
188 770
188 498
188 335
188 381
188 714
188 120
188 208
188 957
188 73
188 254
189 545
189 994
189 978
189 240
189 900
189 903
189 344
189 365
189 132
189 459
190 736
190 467
190 110
190 932
190 853
190 500
190 271
190 205
190 438
190 624
191 607
191 25
191 997
191 275
191 910
191 882
191 264
191 163
191 956
191 716
192 112
192 505
192 273
192 481
192 442
192 689
192 671
192 697
192 781
192 547
193 206
193 54
193 122
193 562
193 400
193 945
193 718
193 732
193 800
193 440
194 803
194 690
194 737
194 830
194 584
194 128
194 739
194 403
194 429
194 197
195 822
195 441
195 136
195 358
195 506
195 366
195 511
195 515
195 616
195 828
196 652
196 532
196 304
196 169
196 758
196 66
196 267
196 975
196 771
196 114
197 908
197 701
197 88
197 859
197 740
197 538
197 693
197 873
197 937
197 950
198 407
198 115
198 716
198 613
198 231
198 605
198 766
198 811
198 592
198 815
199 722
199 500
199 661
199 763
199 521
199 467
199 110
199 108
199 364
199 74
200 410
200 93
200 897
200 798
200 196
200 771
200 299
200 975
200 555
200 3
201 870
201 85
201 121
201 805
201 659
201 754
201 618
201 181
201 588
201 879
202 610
202 538
202 537
202 394
202 852
202 402
202 248
202 403
202 460
202 427
203 251
203 635
203 388
203 809
203 979
203 424
203 604
203 878
203 408
203 31
204 529
204 223
204 715
204 500
204 80
204 944
204 763
204 13
204 133
204 934
205 750
205 104
205 204
205 722
205 853
205 470
205 948
205 977
205 360
205 932
206 17
206 404
206 196
206 748
206 864
206 256
206 300
206 484
206 351
206 630
207 44
207 688
207 919
207 989
207 488
207 525
207 589
207 647
207 603
207 115
208 964
208 844
208 215
208 869
208 957
208 618
208 375
208 366
208 358
208 322
209 912
209 820
209 312
209 223
209 954
209 972
209 521
209 642
209 935
209 948
210 315
210 26
210 196
210 419
210 124
210 594
210 917
210 726
210 361
210 150
211 114
211 668
211 94
211 583
211 717
211 721
211 109
211 293
211 932
211 787
212 443
212 574
212 34
212 577
212 38
212 724
212 350
212 608
212 505
212 426
213 316
213 789
213 919
213 766
213 448
213 502
213 250
213 816
213 591
213 640
214 229
214 739
214 107
214 327
214 835
214 690
214 873
214 983
214 980
214 460
215 885
215 243
215 698
215 5
215 506
215 290
215 333
215 398
215 381
215 40
216 49
216 46
216 656
216 658
216 337
216 140
216 571
216 339
216 666
216 743
217 189
217 55
217 167
217 118
217 297
217 733
217 560
217 42
217 177
217 767
218 825
218 610
218 369
218 740
218 402
218 852
218 724
218 784
218 746
218 423
219 366
219 893
219 372
219 345
219 284
219 261
219 996
219 30
219 311
219 790
220 694
220 666
220 339
220 173
220 969
220 307
220 449
220 801
220 425
220 340
221 872
221 681
221 896
221 312
221 178
221 183
221 791
221 952
221 931
221 976
222 397
222 715
222 204
222 467
222 110
222 944
222 328
222 974
222 837
222 731
223 810
223 79
223 236
223 521
223 898
223 76
223 183
223 838
223 46
223 32
224 535
224 141
224 543
224 784
224 383
224 229
224 34
224 538
224 479
224 847
225 401
225 671
225 834
225 984
225 134
225 75
225 639
225 456
225 85
225 384
226 42
226 75
226 399
226 824
226 857
226 781
226 325
226 627
226 654
226 147
227 894
227 853
227 624
227 205
227 923
227 949
227 93
227 470
227 222
227 661
228 783
228 404
228 615
228 725
228 866
228 817
228 206
228 102
228 568
228 936
229 560
229 318
229 757
229 745
229 385
229 740
229 383
229 892
229 72
229 575
230 213
230 33
230 1
230 355
230 115
230 911
230 439
230 182
230 591
230 89
231 593
231 374
231 956
231 566
231 203
231 233
231 89
231 407
231 640
231 414
232 141
232 457
232 825
232 248
232 409
232 620
232 262
232 902
232 745
232 427
233 986
233 804
233 374
233 688
233 111
233 412
233 228
233 641
233 241
233 387
234 407
234 742
234 956
234 749
234 70
234 640
234 938
234 284
234 815
234 290
235 422
235 337
235 633
235 576
235 872
235 453
235 236
235 912
235 561
235 270
236 570
236 737
236 806
236 76
236 818
236 214
236 425
236 460
236 309
236 517
237 28
237 849
237 792
237 125
237 455
237 382
237 67
237 485
237 870
237 84
238 621
238 548
238 247
238 883
238 726
238 780
238 800
238 272
238 152
238 562
239 104
239 61
239 829
239 352
239 178
239 184
239 436
239 438
239 94
239 972
240 95
240 677
240 125
240 160
240 28
240 856
240 812
240 280
240 626
240 799
241 156
241 808
241 319
241 635
241 102
241 296
241 36
241 709
241 186
241 461
242 664
242 396
242 661
242 82
242 199
242 494
242 227
242 144
242 833
242 798
243 207
243 234
243 398
243 906
243 929
243 1
243 392
243 613
243 198
243 712
244 178
244 46
244 329
244 660
244 164
244 540
244 666
244 395
244 235
244 277
245 190
245 352
245 170
245 940
245 494
245 853
245 487
245 267
245 271
245 11
246 885
246 742
246 274
246 5
246 951
246 534
246 41
246 20
246 938
246 157
247 695
247 245
247 343
247 569
247 48
247 386
247 267
247 864
247 454
247 865
248 476
248 72
248 38
248 466
248 443
248 42
248 824
248 218
248 608
248 585
249 817
249 979
249 783
249 963
249 840
249 14
249 45
249 945
249 412
249 101
250 807
250 45
250 424
250 168
250 306
250 678
250 33
250 635
250 452
250 488
251 377
251 31
251 461
251 817
251 404
251 868
251 594
251 126
251 947
251 840
252 954
252 436
252 183
252 499
252 571
252 469
252 395
252 116
252 216
252 529
253 583
253 271
253 987
253 717
253 821
253 341
253 180
253 848
253 222
253 763
254 727
254 506
254 127
254 375
254 634
254 462
254 906
254 191
254 444
254 489
255 798
255 894
255 555
255 150
255 200
255 52
255 109
255 129
255 283
255 348
256 876
256 569
256 17
256 357
256 598
256 428
256 253
256 865
256 299
256 586
257 993
257 652
257 509
257 695
257 646
257 630
257 914
257 169
257 348
257 298
258 924
258 222
258 94
258 199
258 862
258 865
258 64
258 853
258 74
258 680
259 196
259 17
259 504
259 579
259 865
259 169
259 52
259 548
259 695
259 556
260 371
260 126
260 800
260 917
260 26
260 966
260 858
260 748
260 732
260 296
261 497
261 843
261 172
261 10
261 5
261 231
261 106
261 372
261 929
261 997
262 627
262 294
262 575
262 383
262 595
262 326
262 55
262 852
262 38
262 465
263 359
263 69
263 920
263 430
263 709
263 36
263 251
263 990
263 678
263 789
264 700
264 961
264 317
264 10
264 355
264 941
264 374
264 407
264 607
264 591
265 976
265 633
265 972
265 571
265 590
265 761
265 360
265 676
265 469
265 436
266 756
266 49
266 216
266 926
266 694
266 194
266 872
266 32
266 827
266 806
267 985
267 336
267 715
267 104
267 932
267 94
267 82
267 829
267 955
267 863
268 844
268 28
268 160
268 675
268 354
268 68
268 471
268 84
268 73
268 723
269 594
269 54
269 298
269 47
269 523
269 533
269 888
269 628
269 259
269 351
270 814
270 107
270 737
270 313
270 701
270 292
270 431
270 495
270 49
270 803
271 178
271 307
271 763
271 638
271 731
271 119
271 59
271 558
271 469
271 110
272 310
272 52
272 652
272 864
272 291
272 664
272 376
272 117
272 567
272 396
273 15
273 710
273 382
273 505
273 799
273 468
273 545
273 875
273 276
273 268
274 751
274 40
274 612
274 163
274 290
274 472
274 578
274 41
274 996
274 243
275 742
275 789
275 749
275 89
275 407
275 599
275 445
275 302
275 916
275 507
276 130
276 773
276 121
276 953
276 28
276 179
276 527
276 531
276 15
276 805
277 236
277 482
277 524
277 750
277 13
277 363
277 653
277 954
277 37
277 285
278 773
278 812
278 276
278 799
278 953
278 978
278 689
278 697
278 320
278 595
279 920
279 69
279 168
279 81
279 370
279 355
279 448
279 33
279 688
279 807
280 474
280 554
280 215
280 84
280 73
280 792
280 708
280 907
280 444
280 714
281 647
281 502
281 910
281 9
281 241
281 115
281 919
281 430
281 683
281 334
282 8
282 179
282 382
282 788
282 665
282 875
282 320
282 572
282 994
282 485
283 473
283 253
283 598
283 267
283 923
283 19
283 211
283 100
283 774
283 353
284 448
284 688
284 593
284 493
284 25
284 168
284 591
284 279
284 69
284 916
285 307
285 340
285 175
285 363
285 312
285 561
285 666
285 332
285 420
285 756
286 193
286 488
286 525
286 518
286 126
286 786
286 546
286 182
286 139
286 647
287 326
287 655
287 913
287 167
287 443
287 767
287 75
287 596
287 318
287 781
288 697
288 639
288 812
288 201
288 308
288 626
288 15
288 953
288 240
288 637
289 231
289 20
289 512
289 398
289 439
289 233
289 683
289 811
289 997
289 89
290 816
290 497
290 804
290 263
290 941
290 139
290 414
290 916
290 851
290 281
291 245
291 736
291 717
291 328
291 862
291 239
291 341
291 470
291 386
291 930
292 305
292 619
292 597
292 902
292 389
292 177
292 385
292 350
292 755
292 476
293 661
293 19
293 90
293 149
293 467
293 932
293 360
293 436
293 329
293 469
294 282
294 326
294 953
294 147
294 710
294 547
294 805
294 799
294 968
294 121
295 799
295 728
295 181
295 201
295 456
295 447
295 627
295 834
295 563
295 167
296 783
296 868
296 259
296 947
296 609
296 122
296 562
296 379
296 519
296 7
297 8
297 762
297 994
297 788
297 201
297 240
297 770
297 276
297 921
297 752
298 555
298 258
298 865
298 169
298 598
298 487
298 64
298 410
298 222
298 567
299 736
299 987
299 899
299 958
299 940
299 785
299 222
299 949
299 74
299 532
300 611
300 324
300 255
300 259
300 741
300 914
300 706
300 632
300 247
300 496
301 427
301 699
301 908
301 383
301 584
301 465
301 411
301 292
301 835
301 34
302 370
302 936
302 319
302 31
302 186
302 501
302 45
302 629
302 518
302 296
303 854
303 867
303 185
303 484
303 548
303 914
303 557
303 122
303 887
303 259
304 934
304 90
304 271
304 598
304 638
304 763
304 144
304 61
304 974
304 265
305 443
305 273
305 481
305 585
305 176
305 34
305 795
305 145
305 318
305 968
306 809
306 866
306 334
306 817
306 525
306 156
306 316
306 388
306 568
306 148
307 171
307 202
307 779
307 871
307 818
307 53
307 806
307 980
307 449
307 173
308 856
308 978
308 505
308 665
308 778
308 516
308 268
308 159
308 627
308 130
309 411
309 740
309 383
309 538
309 967
309 575
309 141
309 287
309 959
309 409
310 93
310 170
310 362
310 12
310 180
310 299
310 293
310 664
310 486
310 923
311 20
311 790
311 233
311 207
311 662
311 997
311 407
311 25
311 472
311 727
312 571
312 761
312 161
312 224
312 194
312 576
312 983
312 544
312 690
312 694
313 224
313 466
313 908
313 402
313 427
313 969
313 479
313 107
313 232
313 423
314 410
314 343
314 726
314 556
314 486
314 196
314 129
314 421
314 66
314 200
315 21
315 632
315 523
315 3
315 348
315 706
315 300
315 259
315 324
315 91
316 387
316 83
316 868
316 808
316 408
316 417
316 840
316 786
316 936
316 238
317 260
317 126
317 458
317 986
317 408
317 156
317 501
317 963
317 635
317 400
318 38
318 282
318 483
318 134
318 457
318 574
318 560
318 545
318 531
318 71
319 809
319 819
319 387
319 945
319 338
319 50
319 44
319 155
319 644
319 568
320 812
320 614
320 921
320 978
320 788
320 542
320 142
320 849
320 208
320 991
321 266
321 810
321 363
321 133
321 529
321 221
321 763
321 791
321 164
321 912
322 462
322 415
322 657
322 929
322 246
322 62
322 617
322 472
322 727
322 685
323 157
323 564
323 599
323 578
323 89
323 929
323 885
323 281
323 511
323 345
324 211
324 771
324 598
324 428
324 421
324 117
324 475
324 169
324 532
324 487
325 297
325 773
325 775
325 268
325 447
325 839
325 991
325 849
325 994
325 527
326 447
326 812
326 121
326 577
326 85
326 857
326 308
326 805
326 369
326 728
327 892
327 517
327 466
327 460
327 690
327 818
327 141
327 570
327 24
327 88
328 935
328 395
328 467
328 820
328 271
328 436
328 321
328 221
328 119
328 668
329 676
329 976
329 702
329 285
329 221
329 432
329 79
329 970
329 510
329 838
330 200
330 300
330 256
330 646
330 704
330 523
330 548
330 636
330 867
330 632
331 141
331 429
331 699
331 409
331 466
331 212
331 135
331 755
331 495
331 460
332 925
332 389
332 128
332 313
332 784
332 873
332 197
332 141
332 584
332 908
333 634
333 564
333 601
333 843
333 616
333 511
333 957
333 198
333 441
333 375
334 45
334 126
334 986
334 744
334 156
334 546
334 568
334 904
334 725
334 817
335 86
335 16
335 506
335 5
335 103
335 685
335 136
335 43
335 564
335 323
336 178
336 668
336 768
336 974
336 149
336 682
336 174
336 184
336 972
336 94
337 437
337 537
337 739
337 693
337 803
337 429
337 332
337 409
337 925
337 6
338 519
338 26
338 845
338 4
338 632
338 673
338 649
338 744
338 947
338 888
339 576
339 270
339 881
339 429
339 313
339 327
339 49
339 535
339 686
339 699
340 561
340 737
340 779
340 881
340 128
340 76
340 814
340 173
340 537
340 88
341 651
341 432
341 252
341 482
341 266
341 61
341 80
341 668
341 829
341 970
342 843
342 497
342 886
342 669
342 106
342 593
342 765
342 16
342 911
342 766
343 304
343 362
343 975
343 999
343 865
343 169
343 283
343 475
343 117
343 484
344 85
344 522
344 901
344 268
344 960
344 15
344 991
344 677
344 984
344 788
345 472
345 605
345 284
345 843
345 2
345 290
345 712
345 25
345 89
345 198
346 821
346 898
346 931
346 209
346 35
346 499
346 178
346 935
346 948
346 244
347 906
347 322
347 506
347 909
347 612
347 16
347 530
347 444
347 790
347 311
348 117
348 475
348 299
348 336
348 514
348 722
348 473
348 741
348 894
348 899
349 515
349 215
349 136
349 623
349 506
349 942
349 358
349 86
349 166
349 246
350 468
350 134
350 639
350 778
350 71
350 928
350 159
350 834
350 545
350 478
351 914
351 602
351 298
351 211
351 357
351 528
351 169
351 780
351 636
351 864
352 271
352 216
352 235
352 178
352 912
352 244
352 209
352 820
352 307
352 768
353 469
353 397
353 651
353 702
353 924
353 204
353 987
353 265
353 972
353 178
354 219
354 188
354 335
354 981
354 915
354 87
354 530
354 918
354 95
354 358
355 786
355 412
355 228
355 417
355 296
355 57
355 370
355 138
355 725
355 518
356 555
356 227
356 267
356 850
356 484
356 299
356 211
356 434
356 272
356 428
357 528
357 304
357 833
357 940
357 48
357 999
357 719
357 473
357 771
357 706
358 530
358 623
358 727
358 243
358 512
358 511
358 5
358 441
358 381
358 909
359 729
359 600
359 206
359 370
359 703
359 568
359 718
359 412
359 840
359 945
360 13
360 912
360 670
360 27
360 187
360 223
360 183
360 898
360 810
360 571
361 528
361 504
361 523
361 362
361 29
361 555
361 12
361 356
361 357
361 124
362 199
362 549
362 736
362 930
362 514
362 583
362 785
362 949
362 114
362 850
363 79
363 753
363 743
363 803
363 307
363 76
363 161
363 171
363 801
363 422
364 731
364 482
364 691
364 395
364 39
364 209
364 992
364 972
364 113
364 183
365 895
365 335
365 901
365 674
365 626
365 491
365 677
365 587
365 142
365 770
366 708
366 929
366 474
366 554
366 40
366 284
366 503
366 172
366 843
366 444
367 316
367 96
367 961
367 501
367 703
367 648
367 165
367 334
367 69
367 359
368 467
368 397
368 944
368 199
368 321
368 940
368 549
368 346
368 638
368 763
369 282
369 162
369 297
369 401
369 393
369 994
369 998
369 671
369 841
369 856
370 800
370 351
370 783
370 562
370 568
370 238
370 257
370 408
370 45
370 629
371 155
371 296
371 338
371 303
371 858
371 370
371 800
371 508
371 424
371 26
372 846
372 234
372 123
372 669
372 811
372 472
372 766
372 512
372 880
372 284
373 873
373 301
373 881
373 477
373 270
373 743
373 818
373 492
373 248
373 378
374 493
374 703
374 568
374 709
374 629
374 518
374 678
374 359
374 424
374 607
375 345
375 342
375 893
375 669
375 566
375 41
375 5
375 290
375 243
375 106
376 352
376 432
376 158
376 61
376 821
376 955
376 180
376 223
376 668
376 364
377 7
377 405
377 890
377 54
377 509
377 206
377 866
377 673
377 440
377 809
378 625
378 406
378 313
378 477
378 740
378 301
378 784
378 332
378 53
378 802
379 211
379 291
379 854
379 533
379 357
379 419
379 555
379 780
379 283
379 509
380 411
380 56
380 383
380 492
380 6
380 852
380 755
380 476
380 733
380 426
381 163
381 323
381 342
381 662
381 511
381 398
381 444
381 851
381 281
381 951
382 754
382 127
382 375
382 601
382 84
382 188
382 43
382 536
382 349
382 160
383 767
383 745
383 483
383 762
383 505
383 297
383 282
383 710
383 78
383 903
384 159
384 365
384 968
384 577
384 390
384 710
384 849
384 903
384 994
384 15
385 545
385 325
385 447
385 320
385 953
385 55
385 531
385 393
385 451
385 778
386 245
386 151
386 227
386 205
386 352
386 487
386 829
386 341
386 204
386 267
387 26
387 458
387 858
387 890
387 338
387 845
387 744
387 904
387 732
387 45
388 57
388 418
388 251
388 359
388 729
388 155
388 979
388 562
388 800
388 990
389 145
389 852
389 318
389 483
389 625
389 913
389 55
389 585
389 218
389 620
390 8
390 796
390 208
390 268
390 125
390 812
390 839
390 531
390 614
390 953
391 642
391 544
391 561
391 164
391 220
391 173
391 161
391 46
391 558
391 656
392 281
392 909
392 997
392 566
392 63
392 711
392 62
392 106
392 971
392 198
393 384
393 710
393 734
393 968
393 130
393 627
393 857
393 162
393 459
393 953
394 147
394 705
394 112
394 841
394 545
394 295
394 162
394 192
394 456
394 654
395 571
395 561
395 970
395 980
395 806
395 339
395 660
395 453
395 926
395 687
396 99
396 955
396 722
396 583
396 668
396 328
396 977
396 930
396 174
396 553
397 691
397 252
397 13
397 821
397 266
397 470
397 178
397 11
397 80
397 209
398 233
398 414
398 439
398 688
398 730
398 191
398 592
398 230
398 789
398 811
399 697
399 574
399 710
399 655
399 225
399 42
399 273
399 841
399 762
399 78
400 259
400 557
400 854
400 206
400 50
400 185
400 124
400 780
400 718
400 883
401 15
401 181
401 478
401 775
401 344
401 900
401 208
401 121
401 812
401 447
402 383
402 847
402 34
402 781
402 950
402 456
402 399
402 928
402 295
402 145
403 153
403 913
403 442
403 584
403 625
403 305
403 141
403 402
403 383
403 457
404 421
404 509
404 357
404 999
404 663
404 310
404 150
404 899
404 883
404 523
405 579
405 247
405 594
405 917
405 47
405 315
405 379
405 255
405 330
405 257
406 301
406 620
406 431
406 141
406 707
406 610
406 399
406 403
406 72
406 229
407 760
407 186
407 735
407 51
407 603
407 182
407 546
407 804
407 989
407 111
408 303
408 817
408 993
408 622
408 914
408 21
408 748
408 557
408 122
408 868
409 705
409 226
409 689
409 443
409 177
409 733
409 620
409 212
409 596
409 655
410 899
410 174
410 52
410 180
410 267
410 93
410 897
410 336
410 151
410 386
411 55
411 608
411 733
411 423
411 825
411 385
411 38
411 305
411 262
411 457
412 562
412 649
412 568
412 155
412 800
412 703
412 826
412 718
412 840
412 609
413 375
413 289
413 290
413 323
413 261
413 62
413 997
413 657
413 828
413 765
414 641
414 33
414 882
414 941
414 990
414 607
414 228
414 250
414 716
414 412
415 374
415 711
415 815
415 367
415 938
415 264
415 281
415 9
415 279
415 591
416 759
416 913
416 287
416 435
416 427
416 305
416 212
416 217
416 902
416 852
417 315
417 867
417 155
417 405
417 887
417 649
417 509
417 206
417 47
417 628
418 568
418 152
418 890
418 83
418 947
418 819
418 673
418 50
418 138
418 315
419 486
419 602
419 299
419 621
419 514
419 247
419 343
419 48
419 386
419 3
420 232
420 53
420 197
420 403
420 576
420 477
420 610
420 570
420 88
420 431
421 741
421 496
421 109
421 899
421 100
421 283
421 798
421 256
421 291
421 553
422 818
422 747
422 466
422 313
422 309
422 693
422 403
422 171
422 202
422 58
423 639
423 384
423 757
423 305
423 596
423 426
423 273
423 724
423 145
423 71
424 635
424 417
424 732
424 361
424 939
424 461
424 905
424 890
424 860
424 193
425 92
425 881
425 76
425 301
425 517
425 332
425 693
425 22
425 832
425 658
426 967
426 318
426 781
426 385
426 483
426 294
426 217
426 350
426 597
426 824
427 608
427 465
427 141
427 383
427 225
427 757
427 841
427 967
427 610
427 457
428 721
428 336
428 624
428 180
428 470
428 891
428 769
428 513
428 104
428 715
429 457
429 466
429 479
429 738
429 55
429 699
429 409
429 538
429 442
429 689
430 182
430 260
430 286
430 703
430 241
430 251
430 760
430 963
430 102
430 168
431 560
431 443
431 759
431 738
431 350
431 495
431 610
431 772
431 746
431 733
432 970
432 453
432 791
432 22
432 137
432 992
432 339
432 806
432 285
432 164
433 86
433 195
433 413
433 127
433 550
433 166
433 714
433 160
433 674
433 754
434 850
434 726
434 3
434 555
434 291
434 652
434 100
434 486
434 357
434 643
435 320
435 574
435 459
435 516
435 273
435 446
435 856
435 308
435 201
435 857
436 175
436 872
436 432
436 214
436 178
436 183
436 558
436 976
436 235
436 948
437 759
437 707
437 705
437 825
437 560
437 740
437 423
437 746
437 745
437 145
438 590
438 935
438 896
438 13
438 676
438 221
438 976
438 364
438 119
438 820
439 165
439 749
439 842
439 716
439 920
439 139
439 880
439 882
439 786
439 452
440 65
440 854
440 48
440 556
440 557
440 17
440 621
440 514
440 242
440 245
441 444
441 657
441 962
441 764
441 472
441 554
441 951
441 98
441 489
441 790
442 782
442 145
442 799
442 97
442 773
442 984
442 812
442 447
442 692
442 574
443 857
443 597
443 505
443 38
443 928
443 775
443 78
443 42
443 97
443 531
444 742
444 25
444 815
444 290
444 685
444 764
444 98
444 730
444 439
444 213
445 518
445 502
445 412
445 735
445 370
445 635
445 424
445 520
445 644
445 102
446 181
446 382
446 344
446 84
446 68
446 240
446 401
446 201
446 754
446 451
447 901
447 839
447 125
447 522
447 844
447 856
447 849
447 451
447 723
447 480
448 882
448 546
448 604
448 678
448 808
448 493
448 961
448 36
448 647
448 629
449 937
449 141
449 537
449 427
449 881
449 477
449 476
449 107
449 332
449 202
450 37
450 13
450 791
450 642
450 926
450 221
450 164
450 220
450 691
450 490
451 542
451 889
451 485
451 839
451 539
451 208
451 587
451 572
451 68
451 637
452 359
452 249
452 417
452 165
452 418
452 819
452 990
452 904
452 334
452 725
453 747
453 535
453 803
453 983
453 425
453 161
453 214
453 756
453 830
453 173
454 891
454 486
454 949
454 798
454 293
454 12
454 611
454 205
454 299
454 549
455 73
455 580
455 964
455 68
455 960
455 618
455 536
455 550
455 179
455 120
456 478
456 595
456 710
456 268
456 531
456 614
456 839
456 134
456 953
456 991
457 385
457 781
457 282
457 225
457 903
457 393
457 162
457 738
457 278
457 968
458 890
458 594
458 421
458 533
458 615
458 238
458 748
458 797
458 196
458 129
459 659
459 349
459 960
459 994
459 965
459 67
459 812
459 762
459 677
459 984
460 218
460 667
460 747
460 0
460 24
460 606
460 740
460 431
460 437
460 937
461 840
461 917
461 946
461 609
461 890
461 526
461 704
461 732
461 914
461 351
462 941
462 275
462 711
462 641
462 811
462 191
462 106
462 749
462 815
462 593
463 655
463 465
463 738
463 118
463 937
463 225
463 217
463 950
463 146
463 389
464 294
464 399
464 287
464 389
464 784
464 248
464 575
464 442
464 262
464 824
465 874
465 297
465 545
465 705
465 401
465 71
465 42
465 531
465 97
465 773
466 72
466 610
466 707
466 427
466 784
466 745
466 625
466 781
466 746
466 42
467 521
467 948
467 666
467 529
467 364
467 838
467 244
467 220
467 702
467 312
468 778
468 401
468 320
468 870
468 208
468 8
468 446
468 85
468 522
468 734
469 221
469 116
469 235
469 137
469 872
469 59
469 80
469 670
469 702
469 931
470 438
470 307
470 183
470 178
470 110
470 220
470 104
470 529
470 321
470 540
471 957
471 322
471 617
471 613
471 127
471 828
471 565
471 234
471 381
471 444
472 123
472 811
472 213
472 60
472 813
472 683
472 374
472 497
472 997
472 407
473 265
473 853
473 397
473 934
473 863
473 470
473 862
473 204
473 368
473 995
474 727
474 708
474 996
474 554
474 415
474 684
474 5
474 98
474 657
474 886
475 11
475 930
475 450
475 221
475 174
475 691
475 469
475 329
475 722
475 376
476 574
476 393
476 287
476 146
476 399
476 72
476 597
476 192
476 654
476 456
477 466
477 538
477 383
477 908
477 625
477 88
477 153
477 226
477 218
477 309
478 181
478 754
478 455
478 142
478 67
478 563
478 637
478 433
478 984
478 120
479 0
479 442
479 824
479 575
479 78
479 759
479 620
479 326
479 305
479 596
480 354
480 915
480 777
480 455
480 85
480 15
480 67
480 179
480 563
480 794
481 675
481 921
481 121
481 799
481 455
481 485
481 539
481 280
481 547
481 15
482 820
482 422
482 27
482 896
482 312
482 761
482 529
482 22
482 307
482 976
483 38
483 456
483 435
483 585
483 385
483 671
483 308
483 468
483 344
483 55
484 170
484 267
484 199
484 863
484 368
484 410
484 222
484 283
484 109
484 64
485 580
485 322
485 366
485 573
485 515
485 696
485 347
485 889
485 246
485 981
486 583
486 158
486 151
486 894
486 598
486 549
486 376
486 253
486 211
486 19
487 995
487 244
487 336
487 500
487 346
487 598
487 144
487 19
487 265
487 74
488 888
488 783
488 866
488 296
488 412
488 387
488 884
488 77
488 50
488 193
489 284
489 275
489 846
489 669
489 231
489 886
489 191
489 565
489 342
489 662
490 590
490 694
490 92
490 363
490 631
490 541
490 660
490 658
490 540
490 332
491 311
491 885
491 511
491 612
491 489
491 534
491 103
491 942
491 40
491 358
492 950
492 560
492 620
492 847
492 483
492 759
492 463
492 305
492 72
492 755
493 126
493 672
493 966
493 156
493 31
493 44
493 635
493 193
493 786
493 501
494 328
494 934
494 144
494 184
494 829
494 668
494 731
494 985
494 853
494 680
495 399
495 0
495 192
495 740
495 225
495 383
495 538
495 426
495 262
495 689
496 291
496 376
496 410
496 891
496 353
496 532
496 93
496 850
496 475
496 833
497 716
497 880
497 961
497 986
497 989
497 302
497 387
497 430
497 452
497 33
498 901
498 515
498 714
498 323
498 696
498 601
498 981
498 274
498 413
498 698
499 881
499 761
499 173
499 898
499 679
499 838
499 739
499 561
499 656
499 983
500 183
500 898
500 395
500 277
500 137
500 510
500 23
500 638
500 558
500 653
501 945
501 888
501 600
501 831
501 57
501 51
501 315
501 866
501 238
501 269
502 648
502 126
502 45
502 501
502 418
502 845
502 417
502 735
502 904
502 525
503 909
503 861
503 333
503 5
503 885
503 929
503 942
503 261
503 612
503 534
504 362
504 211
504 514
504 975
504 272
504 150
504 664
504 253
504 475
504 65
505 794
505 468
505 572
505 8
505 451
505 978
505 973
505 581
505 900
505 130
506 311
506 685
506 612
506 828
506 289
506 885
506 855
506 40
506 942
506 698
507 182
507 582
507 139
507 789
507 518
507 407
507 168
507 264
507 786
507 203
508 50
508 840
508 993
508 883
508 21
508 54
508 947
508 867
508 628
508 405
509 567
509 833
509 357
509 343
509 169
509 356
509 196
509 428
509 579
509 555
510 561
510 187
510 559
510 983
510 544
510 449
510 687
510 140
510 681
510 79
511 906
511 766
511 63
511 599
511 198
511 231
511 765
511 16
511 398
511 605
512 880
512 230
512 407
512 997
512 929
512 198
512 742
512 910
512 1
512 842
513 199
513 897
513 368
513 494
513 114
513 174
513 252
513 271
513 470
513 110
514 66
514 64
514 227
514 987
514 876
514 583
514 205
514 624
514 428
514 661
515 41
515 578
515 73
515 909
515 530
515 684
515 506
515 616
515 790
515 274
516 778
516 297
516 15
516 879
516 237
516 991
516 734
516 459
516 953
516 446
517 248
517 402
517 218
517 537
517 908
517 141
517 784
517 107
517 479
517 814
518 57
518 819
518 418
518 424
518 36
518 241
518 14
518 866
518 927
518 868
519 695
519 379
519 454
519 621
519 196
519 185
519 632
519 706
519 348
519 526
520 725
520 418
520 783
520 319
520 306
520 936
520 990
520 713
520 786
520 228
521 76
521 980
521 761
521 642
521 676
521 339
521 656
521 161
521 119
521 79
522 489
522 433
522 347
522 441
522 215
522 792
522 708
522 166
522 962
522 335
523 548
523 356
523 421
523 771
523 82
523 48
523 704
523 602
523 652
523 200
524 656
524 339
524 988
524 561
524 270
524 79
524 164
524 285
524 46
524 37
525 809
525 644
525 845
525 568
525 945
525 152
525 979
525 884
525 609
525 36
526 348
526 899
526 865
526 567
526 410
526 579
526 569
526 253
526 29
526 486
527 84
527 915
527 907
527 788
527 160
527 962
527 8
527 777
527 246
527 166
528 19
528 348
528 975
528 48
528 245
528 253
528 473
528 291
528 150
528 242
529 540
529 666
529 656
529 197
529 653
529 37
529 164
529 881
529 105
529 270
530 375
530 951
530 20
530 106
530 617
530 63
530 5
530 669
530 198
530 372
531 799
531 762
531 754
531 451
531 728
531 160
531 788
531 879
531 770
531 782
532 376
532 486
532 736
532 19
532 924
532 758
532 368
532 341
532 549
532 428
533 473
533 245
533 865
533 434
533 29
533 272
533 348
533 291
533 64
533 695
534 861
534 886
534 231
534 20
534 290
534 5
534 511
534 25
534 885
534 685
535 492
535 852
535 483
535 740
535 608
535 118
535 429
535 967
535 610
535 654
536 127
536 254
536 471
536 40
536 846
536 131
536 657
536 893
536 885
536 503
537 625
537 755
537 6
537 427
537 431
537 153
537 825
537 746
537 835
537 248
538 0
538 759
538 318
538 443
538 225
538 892
538 145
538 746
538 437
538 738
539 684
539 87
539 828
539 375
539 708
539 844
539 907
539 219
539 623
539 503
540 818
540 32
540 313
540 988
540 164
540 541
540 980
540 331
540 76
540 544
541 859
541 402
541 699
541 650
541 466
541 535
541 262
541 814
541 143
541 756
542 195
542 696
542 764
542 333
542 962
542 311
542 982
542 659
542 246
542 349
543 757
543 443
543 824
543 278
543 402
543 167
543 705
543 112
543 34
543 325
544 197
544 818
544 6
544 803
544 830
544 538
544 88
544 779
544 753
544 881
545 480
545 857
545 365
545 637
545 240
545 522
545 478
545 762
545 382
545 179
546 866
546 725
546 165
546 678
546 269
546 77
546 238
546 808
546 878
546 50
547 8
547 201
547 734
547 637
547 675
547 953
547 856
547 522
547 433
547 723
548 864
548 454
548 357
548 190
548 82
548 833
548 475
548 774
548 169
548 496
549 397
549 638
549 821
549 510
549 244
549 364
549 277
549 651
549 116
549 932
550 684
550 261
550 617
550 243
550 573
550 345
550 618
550 489
550 503
550 708
551 880
551 286
551 213
551 374
551 605
551 711
551 971
551 123
551 230
551 811
552 108
552 119
552 838
552 829
552 39
552 110
552 490
552 934
552 731
552 252
553 341
553 829
553 949
553 722
553 821
553 736
553 974
553 158
553 785
553 199
554 885
554 345
554 398
554 861
554 342
554 956
554 613
554 284
554 566
554 886
555 428
555 706
555 923
555 487
555 454
555 205
555 362
555 940
555 293
555 310
556 52
556 864
556 717
556 833
556 940
556 267
556 975
556 528
556 117
556 475
557 602
557 611
557 833
557 362
557 343
557 245
557 283
557 272
557 298
557 356
558 739
558 22
558 422
558 801
558 140
558 827
558 313
558 53
558 992
558 164
559 58
559 332
559 495
559 389
559 818
559 827
559 464
559 535
559 693
559 477
560 134
560 994
560 401
560 778
560 874
560 654
560 147
560 903
560 145
560 733
561 389
561 827
561 92
561 403
561 140
561 801
561 49
561 339
561 871
561 818
562 259
562 854
562 315
562 440
562 646
562 622
562 421
562 272
562 404
562 129
563 889
563 614
563 73
563 588
563 752
563 960
563 515
563 616
563 869
563 601
564 815
564 662
564 511
564 472
564 63
564 20
564 951
564 275
564 264
564 885
565 392
565 956
565 191
565 98
565 472
565 63
565 861
565 846
565 342
565 790
566 77
566 207
566 316
566 592
566 111
566 672
566 497
566 520
566 961
566 807
567 876
567 205
567 719
567 514
567 376
567 722
567 227
567 785
567 211
567 19
568 600
568 519
568 621
568 744
568 917
568 868
568 303
568 845
568 269
568 330
569 611
569 876
569 897
569 894
569 646
569 475
569 304
569 513
569 955
569 348
570 287
570 437
570 724
570 466
570 292
570 431
570 218
570 262
570 619
570 248
571 232
571 687
571 954
571 313
571 537
571 135
571 753
571 761
571 832
571 270
572 918
572 349
572 901
572 381
572 68
572 433
572 254
572 73
572 960
572 515
573 730
573 996
573 634
573 751
573 512
573 742
573 885
573 957
573 462
573 345
574 273
574 276
574 516
574 799
574 596
574 478
574 393
574 710
574 795
574 773
575 42
575 585
575 134
575 665
575 294
575 745
575 192
575 383
575 147
575 118
576 309
576 427
576 747
576 755
576 292
576 543
576 224
576 832
576 814
576 620
577 179
577 978
577 320
577 28
577 132
577 459
577 297
577 95
577 468
577 614
578 956
578 63
578 855
578 861
578 243
578 345
578 623
578 472
578 191
578 886
579 421
579 555
579 386
579 3
579 862
579 602
579 396
579 64
579 636
579 741
580 843
580 982
580 5
580 234
580 657
580 578
580 698
580 886
580 727
580 564
581 794
581 580
581 614
581 675
581 503
581 823
581 752
581 527
581 849
581 142
582 804
582 640
582 808
582 986
582 203
582 316
582 33
582 927
582 807
582 115
583 853
583 490
583 499
583 223
583 74
583 149
583 285
583 397
583 820
583 61
584 389
584 294
584 225
584 42
584 78
584 699
584 560
584 435
584 824
584 689
585 795
585 874
585 468
585 294
585 176
585 308
585 201
585 71
585 75
585 781
586 930
586 199
586 934
586 736
586 271
586 341
586 829
586 487
586 549
586 346
587 915
587 503
587 918
587 157
587 323
587 601
587 342
587 822
587 885
587 909
588 68
588 195
588 696
588 657
588 578
588 764
588 375
588 131
588 918
588 289
589 858
589 884
589 604
589 783
589 138
589 519
589 251
589 269
589 748
589 946
590 926
590 743
590 694
590 529
590 235
590 660
590 969
590 872
590 676
590 658
591 388
591 700
591 520
591 648
591 430
591 452
591 916
591 445
591 989
591 302
592 264
592 786
592 507
592 317
592 735
592 880
592 648
592 139
592 640
592 77
593 786
593 808
593 317
593 115
593 520
593 233
593 760
593 241
593 25
593 735
594 419
594 330
594 150
594 351
594 611
594 636
594 299
594 726
594 622
594 860
595 788
595 697
595 870
595 268
595 320
595 665
595 433
595 446
595 85
595 121
596 162
596 626
596 968
596 481
596 130
596 276
596 446
596 856
596 545
596 85
597 778
597 627
597 874
597 459
597 308
597 795
597 435
597 225
597 903
597 468
598 721
598 923
598 995
598 985
598 553
598 624
598 955
598 144
598 470
598 436
599 123
599 711
599 920
599 69
599 493
599 488
599 910
599 742
599 919
599 789
600 152
600 324
600 945
600 718
600 649
600 509
600 298
600 303
600 914
600 877
601 191
601 727
601 444
601 290
601 885
601 893
601 154
601 790
601 982
601 573
602 222
602 758
602 150
602 242
602 64
602 865
602 258
602 611
602 267
602 199
603 644
603 678
603 165
603 604
603 700
603 249
603 589
603 139
603 316
603 963
604 732
604 845
604 269
604 947
604 858
604 878
604 156
604 600
604 729
604 400
605 647
605 306
605 916
605 716
605 688
605 989
605 808
605 25
605 488
605 766
606 619
606 824
606 575
606 24
606 625
606 34
606 746
606 301
606 177
606 287
607 884
607 148
607 424
607 927
607 678
607 83
607 203
607 111
607 14
607 840
608 176
608 795
608 118
608 217
608 705
608 112
608 0
608 134
608 465
608 318
609 817
609 314
609 206
609 780
609 877
609 155
609 643
609 255
609 419
609 622
610 294
610 176
610 724
610 689
610 38
610 772
610 97
610 287
610 841
610 738
611 396
611 19
611 304
611 598
611 717
611 862
611 932
611 48
611 180
611 100
612 123
612 846
612 815
612 163
612 765
612 727
612 941
612 855
612 909
612 956
613 70
613 742
613 711
613 62
613 593
613 10
613 302
613 789
613 766
613 275
614 530
614 515
614 844
614 498
614 274
614 601
614 659
614 366
614 127
614 752
615 29
615 780
615 858
615 185
615 259
615 548
615 523
615 65
615 324
615 314
616 166
616 578
616 345
616 511
616 698
616 565
616 30
616 669
616 714
616 727
617 730
617 30
617 472
617 893
617 566
617 751
617 311
617 612
617 16
617 815
618 311
618 885
618 511
618 708
618 215
618 565
618 322
618 131
618 612
618 534
619 468
619 857
619 671
619 762
619 547
619 167
619 162
619 369
619 97
619 189
620 192
620 443
620 72
620 998
620 38
620 318
620 112
620 167
620 55
620 0
621 267
621 741
621 646
621 833
621 602
621 258
621 548
621 298
621 526
621 52
622 646
622 419
622 864
622 272
622 310
622 150
622 611
622 29
622 523
622 117
623 669
623 764
623 154
623 929
623 843
623 20
623 231
623 612
623 261
623 815
624 682
624 521
624 11
624 642
624 952
624 37
624 244
624 653
624 133
624 750
625 226
625 610
625 928
625 278
625 325
625 847
625 385
625 574
625 724
625 733
626 922
626 73
626 637
626 900
626 354
626 823
626 856
626 839
626 8
626 358
627 637
627 697
627 973
627 752
627 796
627 15
627 531
627 365
627 581
627 960
628 975
628 12
628 548
628 695
628 704
628 314
628 310
628 379
628 664
628 17
629 21
629 622
629 440
629 729
629 155
629 947
629 615
629 508
629 858
629 458
630 636
630 410
630 999
630 419
630 256
630 523
630 611
630 283
630 428
630 109
631 422
631 79
631 161
631 832
631 693
631 173
631 667
631 959
631 814
631 53
632 258
632 975
632 12
632 528
632 3
632 48
632 117
632 242
632 548
632 17
633 881
633 171
633 425
633 791
633 544
633 453
633 645
633 558
633 810
633 517
634 62
634 372
634 157
634 551
634 612
634 613
634 712
634 284
634 243
634 790
635 793
635 101
635 945
635 296
635 868
635 330
635 800
635 458
635 303
635 315
636 199
636 227
636 353
636 211
636 663
636 109
636 180
636 454
636 66
636 865
637 188
637 723
637 601
637 542
637 522
637 433
637 684
637 333
637 347
637 84
638 631
638 453
638 164
638 558
638 499
638 137
638 266
638 46
638 277
638 490
639 805
639 384
639 268
639 15
639 325
639 121
639 762
639 147
639 734
639 516
640 387
640 678
640 165
640 249
640 241
640 709
640 430
640 168
640 979
640 546
641 96
641 501
641 910
641 51
641 334
641 700
641 367
641 111
641 317
641 789
642 743
642 307
642 658
642 827
642 739
642 105
642 161
642 541
642 976
642 558
643 741
643 227
643 170
643 652
643 65
643 117
643 211
643 567
643 876
643 258
644 826
644 315
644 594
644 946
644 508
644 206
644 568
644 713
644 338
644 744
645 58
645 229
645 701
645 389
645 667
645 830
645 835
645 24
645 406
645 495
646 19
646 267
646 894
646 663
646 362
646 242
646 291
646 553
646 180
646 283
647 990
647 840
647 783
647 609
647 241
647 604
647 946
647 417
647 81
647 786
648 990
648 408
648 31
648 260
648 678
648 845
648 77
648 417
648 102
648 50
649 206
649 259
649 858
649 632
649 993
649 523
649 621
649 272
649 780
649 504
650 495
650 248
650 463
650 479
650 620
650 457
650 301
650 852
650 262
650 824
651 173
651 373
651 540
651 194
651 161
651 954
651 22
651 216
651 631
651 529
652 151
652 958
652 428
652 771
652 721
652 184
652 722
652 975
652 396
652 494
653 236
653 49
653 164
653 337
653 926
653 687
653 976
653 559
653 694
653 422
654 692
654 85
654 480
654 775
654 393
654 97
654 857
654 282
654 875
654 278
655 778
655 401
655 78
655 841
655 288
655 276
655 273
655 481
655 297
655 146
656 541
656 18
656 658
656 88
656 135
656 403
656 422
656 232
656 538
656 292
657 157
657 662
657 40
657 163
657 790
657 311
657 634
657 191
657 565
657 698
658 202
658 248
658 747
658 779
658 18
658 464
658 6
658 153
658 737
658 570
659 957
659 634
659 342
659 491
659 822
659 347
659 474
659 536
659 166
659 41
660 187
660 836
660 835
660 270
660 380
660 881
660 449
660 420
660 46
660 686
661 590
661 837
661 252
661 952
661 974
661 13
661 680
661 490
661 438
661 277
662 374
662 760
662 96
662 430
662 493
662 813
662 439
662 566
662 9
662 497
663 245
663 598
663 19
663 785
663 341
663 475
663 897
663 99
663 396
663 975
664 94
664 513
664 949
664 267
664 923
664 336
664 624
664 876
664 487
664 863
665 626
665 879
665 539
665 531
665 723
665 480
665 344
665 965
665 637
665 240
666 339
666 236
666 187
666 202
666 449
666 340
666 171
666 761
666 331
666 791
667 707
667 852
667 427
667 492
667 755
667 394
667 143
667 606
667 292
667 426
668 11
668 985
668 943
668 35
668 221
668 787
668 271
668 935
668 470
668 500
669 730
669 507
669 1
669 683
669 96
669 9
669 263
669 760
669 30
669 951
670 872
670 194
670 836
670 838
670 499
670 214
670 27
670 645
670 926
670 676
671 276
671 639
671 856
671 857
671 973
671 237
671 15
671 282
671 176
671 516
672 412
672 203
672 36
672 33
672 878
672 966
672 317
672 387
672 359
672 156
673 379
673 504
673 548
673 914
673 47
673 421
673 129
673 999
673 54
673 621
674 714
674 103
674 727
674 506
674 254
674 828
674 512
674 685
674 764
674 87
675 770
675 444
675 471
675 381
675 634
675 698
675 347
675 498
675 86
675 657
676 173
676 756
676 88
676 992
676 818
676 224
676 686
676 378
676 814
676 969
677 215
677 95
677 471
677 794
677 618
677 960
677 822
677 73
677 723
677 922
678 635
678 831
678 44
678 26
678 947
678 193
678 461
678 629
678 138
678 866
679 479
679 218
679 803
679 313
679 301
679 784
679 739
679 389
679 753
679 492
680 933
680 985
680 590
680 80
680 820
680 23
680 11
680 943
680 670
680 221
681 140
681 340
681 743
681 76
681 499
681 670
681 285
681 529
681 980
681 571
682 943
682 933
682 252
682 432
682 985
682 37
682 223
682 838
682 935
682 395
683 678
683 807
683 334
683 355
683 430
683 647
683 33
683 910
683 990
683 448
684 413
684 284
684 530
684 861
684 996
684 62
684 415
684 16
684 662
684 564
685 605
685 855
685 507
685 842
685 929
685 25
685 439
685 804
685 811
685 231
686 873
686 779
686 88
686 431
686 832
686 141
686 224
686 959
686 53
686 690
687 88
687 46
687 756
687 337
687 779
687 561
687 309
687 232
687 690
687 926
688 186
688 920
688 370
688 249
688 648
688 334
688 374
688 904
688 760
688 709
689 134
689 162
689 805
689 159
689 516
689 778
689 795
689 325
689 295
689 478
690 423
690 58
690 406
690 584
690 737
690 610
690 34
690 492
690 693
690 832
691 836
691 307
691 952
691 558
691 926
691 137
691 113
691 912
691 490
691 651
692 344
692 777
692 547
692 665
692 527
692 856
692 75
692 823
692 968
692 121
693 584
693 859
693 177
693 835
693 292
693 699
693 226
693 824
693 24
693 950
694 803
694 835
694 959
694 416
694 58
694 753
694 492
694 756
694 625
694 537
695 958
695 190
695 864
695 64
695 304
695 513
695 169
695 368
695 899
695 528
696 322
696 246
696 333
696 289
696 103
696 708
696 503
696 720
696 612
696 243
697 455
697 778
697 849
697 968
697 527
697 879
697 665
697 978
697 401
697 723
698 551
698 564
698 289
698 861
698 711
698 929
698 281
698 30
698 942
698 662
699 318
699 913
699 560
699 781
699 852
699 457
699 442
699 226
699 146
699 608
700 808
700 546
700 418
700 678
700 963
700 44
700 589
700 568
700 904
700 138
701 431
701 740
701 737
701 463
701 143
701 218
701 724
701 784
701 416
701 135
702 980
702 339
702 137
702 872
702 820
702 561
702 931
702 827
702 32
702 27
703 458
703 461
703 917
703 26
703 152
703 887
703 732
703 122
703 866
703 405
704 664
704 636
704 93
704 324
704 899
704 100
704 64
704 428
704 258
704 396
705 132
705 994
705 531
705 839
705 984
705 481
705 875
705 516
705 189
705 85
706 514
706 190
706 267
706 987
706 473
706 376
706 242
706 553
706 567
706 299
707 639
707 655
707 411
707 394
707 78
707 42
707 225
707 383
707 55
707 705
708 861
708 730
708 136
708 98
708 698
708 929
708 657
708 163
708 154
708 530
709 819
709 303
709 840
709 945
709 186
709 600
709 678
709 732
709 878
709 405
710 208
710 401
710 276
710 965
710 782
710 433
710 268
710 28
710 581
710 459
711 582
711 880
711 250
711 182
711 591
711 241
711 709
711 920
711 302
711 367
712 96
712 302
712 566
712 716
712 641
712 203
712 789
712 813
712 33
712 316
713 138
713 748
713 622
713 508
713 330
713 819
713 404
713 979
713 408
713 673
714 5
714 534
714 131
714 617
714 929
714 462
714 172
714 613
714 20
714 311
715 391
715 670
715 23
715 638
715 829
715 37
715 13
715 731
715 590
715 934
716 979
716 493
716 418
716 644
716 518
716 36
716 703
716 502
716 286
716 647
717 680
717 352
717 930
717 853
717 469
717 368
717 829
717 785
717 552
717 221
718 247
718 421
718 356
718 21
718 300
718 3
718 883
718 860
718 557
718 122
719 144
719 853
719 293
719 271
719 829
719 11
719 180
719 850
719 876
719 205
720 131
720 462
720 957
720 511
720 573
720 289
720 564
720 727
720 685
720 444
721 104
721 209
721 61
721 438
721 583
721 510
721 223
721 436
721 395
721 931
722 651
722 104
722 549
722 470
722 341
722 948
722 510
722 223
722 244
722 221
723 684
723 254
723 792
723 776
723 349
723 274
723 822
723 87
723 601
723 491
724 627
724 847
724 325
724 597
724 577
724 465
724 308
724 824
724 297
724 189
725 840
725 800
725 609
725 152
725 269
725 797
725 622
725 905
725 356
725 600
726 475
726 975
726 598
726 151
726 362
726 473
726 774
726 876
726 863
726 169
727 414
727 711
727 172
727 855
727 911
727 20
727 997
727 89
727 742
727 882
728 498
728 788
728 179
728 901
728 823
728 120
728 539
728 856
728 844
728 675
729 7
729 868
729 57
729 858
729 419
729 748
729 26
729 400
729 905
729 877
730 493
730 182
730 163
730 9
730 367
730 566
730 302
730 683
730 507
730 250
731 266
731 838
731 687
731 633
731 187
731 214
731 178
731 363
731 590
731 970
732 797
732 26
732 914
732 947
732 883
732 523
732 440
732 643
732 405
732 780
733 665
733 928
733 478
733 201
733 547
733 697
733 531
733 734
733 225
733 369
734 527
734 659
734 889
734 823
734 626
734 794
734 922
734 588
734 587
734 480
735 238
735 405
735 319
735 904
735 370
735 600
735 525
735 629
735 840
735 946
736 524
736 763
736 436
736 271
736 943
736 702
736 116
736 321
736 768
736 183
737 476
737 409
737 667
737 423
737 537
737 34
737 479
737 6
737 873
737 852
738 874
738 71
738 857
738 705
738 547
738 697
738 799
738 297
738 481
738 665
739 197
739 409
739 309
739 690
739 53
739 779
739 56
739 737
739 802
739 755
740 112
740 847
740 928
740 212
740 262
740 71
740 34
740 825
740 435
740 724
741 475
741 473
741 706
741 151
741 144
741 52
741 924
741 719
741 258
741 99
742 407
742 546
742 941
742 507
742 911
742 920
742 367
742 203
742 263
742 842
743 699
743 937
743 873
743 679
743 466
743 437
743 802
743 389
743 427
743 431
744 533
744 300
744 269
744 579
744 356
744 509
744 946
744 632
744 315
744 259
745 273
745 456
745 585
745 162
745 176
745 189
745 442
745 145
745 147
745 577
746 192
746 834
746 639
746 369
746 772
746 217
746 847
746 325
746 710
746 575
747 759
747 575
747 610
747 287
747 429
747 177
747 34
747 143
747 757
747 107
748 26
748 3
748 440
748 887
748 272
748 496
748 257
748 864
748 695
748 255
749 359
749 735
749 374
749 520
749 961
749 355
749 387
749 916
749 412
749 14
750 676
750 27
750 92
750 872
750 656
750 558
750 39
750 651
750 980
750 976
751 507
751 591
751 497
751 198
751 742
751 233
751 213
751 281
751 9
751 929
752 918
752 215
752 675
752 254
752 246
752 160
752 530
752 536
752 869
752 323
753 852
753 56
753 128
753 34
753 892
753 406
753 479
753 437
753 287
753 226
754 617
754 542
754 345
754 587
754 792
754 623
754 219
754 889
754 68
754 127
755 78
755 772
755 145
755 118
755 825
755 543
755 443
755 112
755 167
755 176
756 753
756 959
756 667
756 429
756 6
756 859
756 701
756 427
756 423
756 292
757 597
757 697
757 465
757 442
757 689
757 585
757 112
757 55
757 399
757 192
758 436
758 691
758 661
758 222
758 821
758 469
758 837
758 494
758 265
758 897
759 383
759 639
759 350
759 112
759 596
759 574
759 97
759 950
759 671
759 824
760 250
760 808
760 51
760 813
760 77
760 83
760 370
760 102
760 520
760 193
761 449
761 194
761 667
761 687
761 537
761 881
761 175
761 340
761 801
761 140
762 563
762 550
762 201
762 659
762 85
762 614
762 723
762 382
762 900
762 280
763 432
763 252
763 499
763 558
763 768
763 13
763 133
763 265
763 731
763 972
764 398
764 790
764 851
764 415
764 462
764 89
764 906
764 886
764 617
764 711
765 439
765 592
765 593
765 207
765 154
765 89
765 712
765 497
765 275
765 507
766 168
766 286
766 488
766 525
766 355
766 412
766 249
766 816
766 683
766 520
767 921
767 839
767 563
767 857
767 451
767 778
767 637
767 614
767 994
767 522
768 450
768 235
768 651
768 791
768 952
768 37
768 970
768 810
768 23
768 329
769 829
769 682
769 265
769 149
769 221
769 395
769 467
769 670
769 61
769 787
770 587
770 392
770 889
770 166
770 981
770 942
770 901
770 347
770 573
770 580
771 862
771 787
771 586
771 190
771 583
771 624
771 487
771 304
771 955
771 821
772 671
772 276
772 71
772 42
772 767
772 457
772 547
772 781
772 655
772 710
773 268
773 895
773 889
773 849
773 964
773 984
773 965
773 723
773 181
773 73
774 932
774 829
774 114
774 923
774 987
774 862
774 253
774 376
774 771
774 293
775 8
775 581
775 953
775 879
775 875
775 965
775 478
775 572
775 812
775 978
776 843
776 246
776 372
776 219
776 16
776 261
776 534
776 616
776 20
776 982
777 870
777 375
777 708
777 335
777 506
777 588
777 530
777 657
777 578
777 996
778 451
778 120
778 812
778 485
778 130
778 918
778 626
778 960
778 542
778 522
779 925
779 740
779 959
779 212
779 143
779 757
779 88
779 416
779 784
779 576
780 741
780 704
780 291
780 66
780 774
780 484
780 643
780 255
780 357
780 999
781 294
781 796
781 446
781 85
781 480
781 288
781 435
781 773
781 112
781 167
782 84
782 188
782 382
782 527
782 433
782 618
782 95
782 455
782 799
782 778
783 860
783 673
783 50
783 458
783 152
783 91
783 854
783 54
783 419
783 269
784 755
784 824
784 308
784 574
784 745
784 733
784 42
784 505
784 639
784 671
785 524
785 934
785 61
785 209
785 360
785 924
785 521
785 178
785 470
785 341
786 155
786 990
786 868
786 251
786 947
786 725
786 31
786 228
786 412
786 45
787 312
787 37
787 633
787 912
787 934
787 521
787 529
787 183
787 985
787 848
788 125
788 215
788 413
788 895
788 382
788 195
788 542
788 616
788 770
788 433
789 919
789 317
789 916
789 367
789 501
789 546
789 807
789 51
789 808
789 448
790 213
790 716
790 603
790 712
790 407
790 599
790 711
790 414
790 855
790 263
791 802
791 693
791 173
791 980
791 32
791 232
791 571
791 58
791 406
791 171
792 333
792 342
792 254
792 957
792 243
792 87
792 489
792 444
792 261
792 219
793 48
793 555
793 876
793 117
793 528
793 899
793 514
793 343
793 864
793 454
794 573
794 274
794 349
794 536
794 539
794 915
794 503
794 335
794 752
794 254
795 978
795 856
795 903
795 295
795 778
795 728
795 627
795 796
795 637
795 710
796 614
796 73
796 723
796 84
796 792
796 188
796 921
796 788
796 696
796 382
797 890
797 152
797 748
797 643
797 419
797 883
797 945
797 300
797 206
797 47
798 682
798 624
798 586
798 11
798 769
798 787
798 151
798 785
798 487
798 668
799 991
799 125
799 965
799 142
799 447
799 626
799 856
799 870
799 84
799 539
800 91
800 129
800 314
800 519
800 556
800 646
800 704
800 348
800 643
800 124
801 650
801 6
801 576
801 827
801 403
801 171
801 495
801 463
801 431
801 49
802 141
802 543
802 232
802 784
802 937
802 427
802 226
802 950
802 913
802 699
803 212
803 737
803 24
803 937
803 426
803 832
803 141
803 699
803 650
803 171
804 102
804 156
804 807
804 139
804 936
804 186
804 418
804 316
804 388
804 33
805 770
805 677
805 515
805 28
805 788
805 637
805 215
805 792
805 280
805 918
806 140
806 801
806 836
806 814
806 175
806 197
806 660
806 229
806 747
806 779
807 165
807 260
807 316
807 377
807 418
807 31
807 408
807 306
807 713
807 203
808 713
808 359
808 589
808 51
808 800
808 249
808 45
808 83
808 939
808 155
809 615
809 238
809 419
809 379
809 405
809 504
809 185
809 101
809 883
809 726
810 803
810 339
810 171
810 337
810 656
810 660
810 161
810 420
810 881
810 236
811 882
811 711
811 445
811 641
811 941
811 9
811 302
811 493
811 488
811 672
812 822
812 522
812 142
812 471
812 723
812 614
812 870
812 347
812 84
812 915
813 648
813 520
813 979
813 338
813 963
813 251
813 115
813 387
813 568
813 647
814 824
814 847
814 287
814 177
814 543
814 937
814 34
814 757
814 908
814 394
815 766
815 264
815 816
815 941
815 263
815 106
815 842
815 69
815 582
815 593
816 279
816 910
816 14
816 819
816 77
816 589
816 165
816 388
816 60
816 51
817 298
817 21
817 361
817 867
817 562
817 315
817 793
817 704
817 579
817 519
818 937
818 248
818 479
818 171
818 699
818 477
818 537
818 756
818 830
818 153
819 404
819 122
819 405
819 156
819 461
819 917
819 57
819 417
819 361
819 296
820 743
820 453
820 992
820 561
820 810
820 363
820 161
820 541
820 976
820 980
821 837
821 252
821 119
821 524
821 391
821 499
821 209
821 482
821 529
821 220
822 87
822 942
822 444
822 982
822 471
822 534
822 219
822 696
822 392
822 962
823 246
823 349
823 776
823 333
823 565
823 68
823 828
823 127
823 474
823 792
824 767
824 159
824 201
824 596
824 240
824 595
824 276
824 627
824 112
824 134
825 72
825 118
825 399
825 874
825 465
825 639
825 724
825 733
825 745
825 384
826 361
826 419
826 330
826 152
826 883
826 484
826 129
826 247
826 50
826 29
827 58
827 606
827 538
827 270
827 337
827 331
827 667
827 753
827 194
827 576
828 106
828 311
828 9
828 40
828 855
828 730
828 261
828 938
828 289
828 5
829 943
829 653
829 500
829 39
829 750
829 642
829 837
829 438
829 252
829 540
830 576
830 757
830 464
830 411
830 212
830 229
830 0
830 495
830 403
830 746
831 609
831 508
831 405
831 57
831 939
831 417
831 732
831 156
831 408
831 845
832 784
832 476
832 224
832 287
832 537
832 437
832 232
832 212
832 463
832 747
833 932
833 341
833 475
833 586
833 668
833 661
833 222
833 211
833 376
833 245
834 778
834 320
834 268
834 459
834 162
834 455
834 900
834 382
834 677
834 15
835 483
835 192
835 859
835 495
835 847
835 492
835 394
835 6
835 465
835 466
836 802
836 107
836 460
836 339
836 477
836 53
836 229
836 576
836 656
836 301
837 820
837 954
837 660
837 360
837 363
837 933
837 482
837 490
837 432
837 436
838 517
838 331
838 332
838 58
838 576
838 161
838 46
838 224
838 912
838 666
839 28
839 215
839 498
839 822
839 86
839 776
839 349
839 539
839 889
839 895
840 122
840 888
840 630
840 314
840 185
840 780
840 330
840 419
840 238
840 21
841 805
841 237
841 596
841 728
841 167
841 282
841 775
841 545
841 856
841 595
842 488
842 60
842 355
842 367
842 816
842 672
842 640
842 77
842 882
842 927
843 742
843 997
843 855
843 398
843 942
843 230
843 207
843 815
843 951
843 712
844 131
844 634
844 335
844 274
844 828
844 907
844 103
844 776
844 708
844 506
845 434
845 419
845 725
845 884
845 101
845 914
845 300
845 57
845 247
845 673
846 592
846 10
846 462
846 789
846 414
846 599
846 263
846 275
846 880
846 712
847 225
847 167
847 55
847 217
847 547
847 767
847 118
847 841
847 738
847 278
848 633
848 571
848 872
848 524
848 59
848 687
848 912
848 499
848 277
848 806
849 366
849 601
849 870
849 68
849 381
849 471
849 965
849 901
849 754
849 889
850 949
850 876
850 204
850 682
850 715
850 293
850 940
850 487
850 829
850 473
851 207
851 919
851 997
851 760
851 445
851 961
851 231
851 286
851 250
851 842
852 671
852 619
852 318
852 733
852 145
852 639
852 585
852 967
852 0
852 217
853 285
853 820
853 510
853 931
853 35
853 821
853 266
853 397
853 149
853 750
854 958
854 646
854 652
854 169
854 129
854 643
854 975
854 556
854 3
854 48
855 231
855 507
855 502
855 69
855 518
855 766
855 70
855 807
855 96
855 493
856 964
856 960
856 73
856 15
856 347
856 441
856 870
856 587
856 280
856 179
857 677
857 159
857 960
857 796
857 401
857 85
857 849
857 447
857 485
857 637
858 122
858 185
858 860
858 793
858 356
858 594
858 555
858 780
858 504
858 726
859 78
859 394
859 295
859 852
859 97
859 543
859 655
859 226
859 740
859 595
860 100
860 719
860 636
860 256
860 630
860 356
860 272
860 283
860 211
860 298
861 605
861 472
861 30
861 172
861 938
861 290
861 207
861 98
861 448
861 591
862 90
862 598
862 736
862 99
862 450
862 985
862 987
862 336
862 934
862 624
863 837
863 668
863 341
863 475
863 149
863 438
863 144
863 717
863 977
863 736
864 64
864 117
864 897
864 949
864 664
864 741
864 555
864 304
864 410
864 940
865 771
865 769
865 19
865 467
865 293
865 930
865 149
865 949
865 863
865 717
866 296
866 361
866 917
866 860
866 673
866 259
866 533
866 152
866 300
866 508
867 528
867 958
867 434
867 211
867 343
867 706
867 569
867 227
867 798
867 636
868 579
868 887
868 797
868 858
868 257
868 748
868 238
868 7
868 405
868 780
869 261
869 674
869 720
869 444
869 195
869 764
869 587
869 708
869 366
869 657
870 889
870 616
870 844
870 550
870 444
870 86
870 67
870 601
870 120
870 323
871 779
871 667
871 143
871 537
871 694
871 835
871 135
871 331
871 570
871 707
872 576
872 645
872 18
872 871
872 197
872 976
872 881
872 954
872 838
872 161
873 389
873 56
873 177
873 107
873 479
873 437
873 217
873 403
873 0
873 859
874 451
874 984
874 505
874 365
874 75
874 577
874 38
874 762
874 710
874 795
875 734
875 142
875 280
875 515
875 900
875 354
875 539
875 777
875 889
875 922
876 624
876 974
876 923
876 252
876 368
876 787
876 932
876 955
876 346
876 222
877 419
877 557
877 602
877 579
877 410
877 150
877 636
877 185
877 200
877 528
878 809
878 860
878 888
878 600
878 303
878 330
878 247
878 883
878 101
878 615
879 770
879 823
879 73
879 659
879 889
879 856
879 542
879 28
879 130
879 618
880 919
880 448
880 989
880 316
880 604
880 445
880 306
880 688
880 735
880 148
881 737
881 460
881 859
881 892
881 141
881 818
881 969
881 694
881 538
881 202
882 452
882 501
882 813
882 251
882 355
882 518
882 786
882 629
882 927
882 126
883 557
883 52
883 652
883 526
883 310
883 12
883 621
883 434
883 298
883 65
884 101
884 50
884 330
884 809
884 914
884 91
884 632
884 434
884 54
884 185
885 9
885 997
885 198
885 398
885 70
885 512
885 669
885 1
885 123
885 593
886 716
886 106
886 263
886 290
886 662
886 89
886 605
886 63
886 281
886 123
887 404
887 914
887 899
887 860
887 611
887 29
887 557
887 523
887 484
887 999
888 421
888 780
888 883
888 185
888 440
888 257
888 695
888 860
888 704
888 632
889 942
889 964
889 219
889 41
889 907
889 573
889 86
889 511
889 720
889 375
890 247
890 548
890 555
890 579
890 526
890 523
890 17
890 704
890 129
890 867
891 944
891 74
891 436
891 90
891 948
891 977
891 987
891 469
891 19
891 763
892 585
892 78
892 384
892 442
892 308
892 874
892 411
892 655
892 435
892 859
893 507
893 956
893 566
893 398
893 372
893 592
893 5
893 712
893 2
893 612
894 321
894 549
894 715
894 104
894 144
894 99
894 74
894 661
894 19
894 668
895 347
895 918
895 335
895 889
895 491
895 68
895 657
895 618
895 981
895 776
896 992
896 806
896 363
896 378
896 898
896 838
896 420
896 743
896 422
896 801
897 769
897 450
897 321
897 108
897 328
897 438
897 94
897 271
897 239
897 682
898 756
898 49
898 517
898 912
898 76
898 658
898 779
898 836
898 743
898 656
899 205
899 668
899 923
899 717
899 721
899 664
899 376
899 386
899 833
899 158
900 498
900 160
900 536
900 515
900 208
900 869
900 268
900 618
900 870
900 823
901 885
901 776
901 764
901 366
901 554
901 534
901 503
901 333
901 246
901 166
902 824
902 772
902 318
902 437
902 24
902 72
902 619
902 248
902 112
902 755
903 773
903 134
903 132
903 451
903 130
903 527
903 879
903 516
903 796
903 71
904 83
904 946
904 866
904 562
904 800
904 673
904 458
904 152
904 732
904 296
905 883
905 621
905 356
905 440
905 887
905 877
905 706
905 780
905 150
905 630
906 25
906 96
906 613
906 916
906 290
906 60
906 275
906 789
906 20
906 749
907 578
907 669
907 776
907 996
907 246
907 843
907 166
907 392
907 40
907 554
908 859
908 442
908 97
908 543
908 746
908 937
908 326
908 118
908 78
908 212
909 154
909 497
909 472
909 669
909 507
909 688
909 941
909 439
909 599
909 711
910 111
910 919
910 77
910 986
910 979
910 882
910 603
910 735
910 927
910 709
911 819
911 525
911 412
911 989
911 713
911 910
911 582
911 388
911 716
911 319
912 802
912 791
912 779
912 79
912 980
912 128
912 830
912 425
912 645
912 992
913 145
913 998
913 282
913 305
913 654
913 55
913 167
913 824
913 781
913 394
914 283
914 695
914 454
914 484
914 299
914 514
914 611
914 48
914 386
914 310
915 957
915 751
915 398
915 372
915 530
915 612
915 580
915 623
915 157
915 861
916 709
916 388
916 961
916 102
916 51
916 866
916 493
916 69
916 672
916 919
917 706
917 621
917 496
917 3
917 864
917 704
917 533
917 652
917 200
917 899
918 828
918 413
918 491
918 982
918 289
918 471
918 40
918 274
918 708
918 366
919 111
919 44
919 709
919 445
919 51
919 904
919 729
919 77
919 568
919 986
920 936
920 709
920 904
920 882
920 786
920 168
920 186
920 338
920 355
920 819
921 333
921 960
921 889
921 8
921 637
921 95
921 515
921 160
921 776
921 870
922 580
922 372
922 634
922 131
922 166
922 41
922 822
922 696
922 289
922 381
923 321
923 763
923 328
923 494
923 174
923 35
923 184
923 223
923 61
923 470
924 158
924 23
924 680
924 149
924 691
924 223
924 221
924 183
924 346
924 469
925 292
925 411
925 852
925 724
925 625
925 479
925 409
925 699
925 217
925 476
926 175
926 980
926 492
926 229
926 802
926 327
926 406
926 667
926 224
926 187
927 649
927 251
927 138
927 206
927 884
927 26
927 359
927 729
927 644
927 296
928 297
928 984
928 665
928 782
928 841
928 767
928 762
928 320
928 834
928 159
929 683
929 367
929 279
929 213
929 551
929 766
929 997
929 430
929 493
929 96
930 624
930 944
930 184
930 61
930 680
930 853
930 244
930 223
930 395
930 108
931 194
931 173
931 235
931 952
931 453
931 896
931 529
931 270
931 810
931 571
932 244
932 108
932 970
932 853
932 467
932 499
932 769
932 144
932 787
932 661
933 743
933 988
933 449
933 113
933 105
933 810
933 631
933 653
933 820
933 327
934 731
934 27
934 39
934 948
934 490
934 469
934 108
934 768
934 307
934 687
935 658
935 544
935 266
935 660
935 571
935 561
935 140
935 499
935 235
935 694
936 47
936 193
936 138
936 800
936 405
936 45
936 840
936 361
936 905
936 371
937 350
937 409
937 619
937 967
937 192
937 733
937 212
937 305
937 97
937 574
938 672
938 96
938 264
938 842
938 989
938 281
938 213
938 123
938 916
938 10
939 206
939 877
939 122
939 562
939 296
939 238
939 649
939 594
939 729
939 533
940 768
940 848
940 624
940 376
940 837
940 174
940 769
940 158
940 948
940 221
941 388
941 808
941 374
941 644
941 603
941 546
941 418
941 319
941 700
941 228
942 414
942 20
942 407
942 880
942 281
942 233
942 730
942 70
942 439
942 765
943 571
943 898
943 524
943 676
943 363
943 838
943 510
943 285
943 39
943 79
944 499
944 187
944 666
944 872
944 702
944 216
944 631
944 79
944 838
944 510
945 421
945 905
945 122
945 621
945 636
945 300
945 594
945 748
945 883
945 555
946 615
946 917
946 343
946 704
946 351
946 255
946 504
946 129
946 858
946 458
947 748
947 780
947 206
947 421
947 646
947 440
947 298
947 562
947 379
947 303
948 838
948 653
948 79
948 872
948 116
948 926
948 820
948 952
948 590
948 651
949 722
949 721
949 158
949 848
949 99
949 682
949 821
949 955
949 329
949 552
950 781
950 308
950 903
950 369
950 692
950 874
950 42
950 325
950 34
950 834
951 106
951 60
951 1
951 25
951 10
951 448
951 765
951 804
951 911
951 919
952 216
952 633
952 53
952 373
952 912
952 161
952 76
952 827
952 140
952 872
953 320
953 659
953 539
953 365
953 588
953 921
953 142
953 637
953 195
953 68
954 881
954 871
954 818
954 544
954 327
954 453
954 537
954 830
954 832
954 576
955 74
955 722
955 329
955 549
955 158
955 395
955 768
955 244
955 94
955 943
956 111
956 497
956 250
956 716
956 735
956 941
956 688
956 33
956 593
956 445
957 198
957 742
957 398
957 415
957 811
957 157
957 230
957 997
957 231
957 9
958 974
958 552
958 473
958 253
958 494
958 850
958 180
958 785
958 170
958 222
959 757
959 465
959 967
959 724
959 226
959 902
959 141
959 892
959 225
959 479
960 776
960 347
960 498
960 471
960 188
960 618
960 674
960 634
960 515
960 659
961 203
961 866
961 607
961 989
961 186
961 786
961 387
961 139
961 508
961 502
962 815
962 489
962 765
962 131
962 261
962 157
962 564
962 30
962 103
962 415
963 45
963 966
963 609
963 351
963 878
963 519
963 57
963 568
963 725
963 904
964 471
964 16
964 127
964 254
964 87
964 996
964 634
964 20
964 616
964 5
965 918
965 893
965 792
965 515
965 907
965 73
965 720
965 68
965 489
965 43
966 509
966 917
966 817
966 622
966 210
966 673
966 238
966 748
966 993
966 840
967 619
967 456
967 78
967 596
967 577
967 71
967 308
967 350
967 733
967 481
968 614
968 965
968 188
968 675
968 637
968 132
968 572
968 237
968 433
968 268
969 212
969 380
969 959
969 197
969 937
969 693
969 690
969 538
969 232
969 908
970 340
970 391
970 27
970 312
970 761
970 216
970 214
970 912
970 499
970 980
971 317
971 430
971 607
971 302
971 713
971 168
971 786
971 882
971 81
971 760
972 836
972 453
972 116
972 214
972 499
972 970
972 926
972 46
972 838
972 235
973 572
973 754
973 901
973 527
973 195
973 354
973 542
973 844
973 28
973 87
974 510
974 810
974 642
974 363
974 750
974 178
974 450
974 670
974 329
974 266
975 717
975 930
975 346
975 74
975 205
975 82
975 567
975 353
975 199
975 267
976 969
976 18
976 830
976 537
976 803
976 22
976 761
976 340
976 701
976 827
977 691
977 391
977 521
977 178
977 59
977 970
977 510
977 364
977 848
977 943
978 365
978 754
978 86
978 770
978 563
978 572
978 142
978 869
978 536
978 455
979 124
979 269
979 904
979 947
979 351
979 303
979 370
979 858
979 156
979 840
980 694
980 194
980 309
980 570
980 173
980 871
980 128
980 606
980 58
980 645
981 906
981 613
981 957
981 284
981 765
981 191
981 40
981 851
981 601
981 623
982 62
982 234
982 727
982 564
982 765
982 846
982 163
982 906
982 929
982 698
983 747
983 753
983 779
983 406
983 187
983 835
983 576
983 606
983 464
983 830
984 358
984 776
984 788
984 626
984 752
984 796
984 879
984 539
984 498
984 347
985 469
985 988
985 164
985 976
985 436
985 510
985 116
985 363
985 391
985 183
986 936
986 635
986 206
986 927
986 604
986 678
986 990
986 703
986 840
986 713
987 670
987 116
987 144
987 974
987 133
987 680
987 731
987 985
987 244
987 510
988 756
988 743
988 46
988 420
988 801
988 373
988 779
988 558
988 912
988 214
989 306
989 629
989 840
989 57
989 388
989 165
989 418
989 370
989 884
989 525
990 826
990 904
990 501
990 371
990 858
990 594
990 946
990 649
990 412
990 296
991 455
991 879
991 215
991 696
991 219
991 522
991 536
991 788
991 142
991 849
992 814
992 76
992 337
992 92
992 606
992 378
992 49
992 779
992 175
992 194
993 514
993 532
993 556
993 386
993 117
993 484
993 850
993 196
993 17
993 865
994 572
994 844
994 614
994 588
994 73
994 195
994 773
994 895
994 8
994 498
995 113
995 848
995 450
995 499
995 252
995 583
995 482
995 321
995 204
995 183
996 886
996 472
996 62
996 462
996 415
996 951
996 846
996 5
996 855
996 444
997 919
997 520
997 2
997 493
997 33
997 813
997 275
997 599
997 139
997 683
998 8
998 132
998 626
998 921
998 782
998 547
998 179
998 723
998 812
998 130
999 741
999 514
999 598
999 283
999 199
999 850
999 180
999 239
999 190
999 487
