250 5000
0 221
0 68
0 178
0 98
0 154
0 52
0 50
0 237
0 166
0 28
0 105
0 245
0 115
0 196
0 7
0 226
0 165
0 60
0 181
0 121
1 173
1 200
1 207
1 220
1 140
1 183
1 108
1 70
1 9
1 190
1 85
1 61
1 151
1 212
1 180
1 12
1 46
1 40
1 230
1 73
2 143
2 35
2 159
2 174
2 91
2 39
2 193
2 6
2 69
2 155
2 27
2 144
2 100
2 49
2 104
2 226
2 165
2 83
2 14
2 28
3 160
3 5
3 118
3 138
3 120
3 48
3 93
3 80
3 76
3 197
3 84
3 20
3 141
3 223
3 116
3 238
3 189
3 247
3 24
3 150
4 173
4 87
4 86
4 133
4 30
4 146
4 106
4 180
4 85
4 218
4 244
4 108
4 36
4 12
4 216
4 128
4 46
4 1
4 179
4 117
5 88
5 51
5 136
5 233
5 138
5 187
5 242
5 167
5 225
5 116
5 99
5 160
5 189
5 84
5 135
5 24
5 182
5 197
5 122
5 150
6 233
6 125
6 58
6 121
6 65
6 235
6 187
6 64
6 98
6 114
6 99
6 76
6 122
6 51
6 102
6 116
6 3
6 110
6 248
6 42
7 68
7 6
7 237
7 28
7 226
7 26
7 35
7 181
7 96
7 159
7 32
7 83
7 14
7 174
7 3
7 53
7 154
7 184
7 27
7 82
8 160
8 247
8 130
8 121
8 48
8 15
8 13
8 16
8 105
8 29
8 97
8 235
8 80
8 122
8 215
8 57
8 176
8 249
8 248
8 58
9 47
9 183
9 169
9 245
9 139
9 34
9 178
9 82
9 168
9 55
9 165
9 184
9 39
9 44
9 19
9 148
9 71
9 91
9 7
9 35
10 209
10 86
10 67
10 126
10 56
10 12
10 214
10 234
10 38
10 117
10 212
10 244
10 211
10 236
10 77
10 128
10 21
10 108
10 198
10 163
11 163
11 38
11 164
11 135
11 37
11 234
11 77
11 94
11 157
11 41
11 211
11 21
11 10
11 75
11 202
11 133
11 246
11 73
11 204
11 153
12 134
12 140
12 163
12 40
12 87
12 73
12 230
12 190
12 61
12 119
12 126
12 244
12 169
12 44
12 36
12 124
12 156
12 108
12 70
12 142
13 215
13 122
13 247
13 249
13 188
13 92
13 24
13 15
13 80
13 42
13 118
13 99
13 107
13 206
13 203
13 176
13 187
13 84
13 141
13 223
14 42
14 29
14 130
14 8
14 105
14 28
14 217
14 229
14 226
14 78
14 35
14 26
14 98
14 15
14 13
14 161
14 206
14 143
14 116
14 201
15 182
15 33
15 135
15 138
15 64
15 94
15 48
15 225
15 149
15 194
15 136
15 150
15 122
15 233
15 84
15 107
15 238
15 202
15 10
15 112
16 235
16 189
16 84
16 120
16 187
16 160
16 105
16 29
16 138
16 116
16 65
16 64
16 110
16 24
16 191
16 114
16 42
16 80
16 225
16 248
17 198
17 224
17 219
17 167
17 177
17 136
17 147
17 48
17 191
17 76
17 197
17 202
17 149
17 33
17 20
17 84
17 248
17 187
17 206
17 203
18 108
18 186
18 73
18 117
18 205
18 124
18 25
18 244
18 59
18 12
18 228
18 231
18 106
18 128
18 46
18 101
18 36
18 163
18 142
18 111
19 245
19 129
19 148
19 74
19 196
19 28
19 32
19 195
19 83
19 100
19 54
19 170
19 144
19 155
19 55
19 27
19 172
19 96
19 159
19 63
20 219
20 238
20 99
20 110
20 242
20 88
20 236
20 203
20 160
20 136
20 194
20 33
20 122
20 225
20 120
20 94
20 93
20 191
20 185
20 48
21 37
21 101
21 117
21 145
21 106
21 46
21 75
21 126
21 124
21 157
21 200
21 56
21 140
21 192
21 133
21 87
21 72
21 30
21 246
21 86
22 30
22 72
22 186
22 200
22 85
22 86
22 145
22 204
22 23
22 108
22 246
22 192
22 1
22 211
22 244
22 156
22 73
22 190
22 171
22 218
23 81
23 145
23 207
23 124
23 186
23 168
23 54
23 85
23 195
23 218
23 183
23 170
23 9
23 7
23 25
23 106
23 61
23 79
23 111
23 227
24 210
24 93
24 125
24 182
24 236
24 11
24 177
24 45
24 77
24 150
24 84
24 219
24 62
24 135
24 164
24 141
24 94
24 64
24 185
24 112
25 54
25 79
25 132
25 91
25 207
25 55
25 172
25 205
25 52
25 237
25 63
25 14
25 166
25 151
25 95
25 19
25 181
25 148
25 82
25 74
26 233
26 92
26 112
26 118
26 48
26 65
26 15
26 125
26 138
26 84
26 51
26 42
26 213
26 191
26 189
26 161
26 225
26 99
26 194
26 110
27 15
27 42
27 99
27 223
27 6
27 57
27 28
27 96
27 143
27 191
27 102
27 122
27 58
27 53
27 161
27 120
27 68
27 26
27 235
27 226
28 29
28 15
28 98
28 58
28 161
28 13
28 226
28 217
28 229
28 189
28 120
28 57
28 24
28 191
28 249
28 201
28 208
28 104
28 223
28 141
29 187
29 130
29 225
29 150
29 203
29 107
29 120
29 92
29 51
29 176
29 223
29 188
29 161
29 65
29 197
29 84
29 20
29 147
29 17
29 138
30 220
30 151
30 158
30 87
30 119
30 54
30 106
30 173
30 134
30 25
30 111
30 23
30 69
30 66
30 101
30 142
30 218
30 71
30 31
30 86
31 7
31 14
31 205
31 148
31 123
31 181
31 166
31 221
31 193
31 142
31 69
31 183
31 49
31 54
31 55
31 155
31 196
31 2
31 174
31 40
32 201
32 80
32 110
32 233
32 99
32 130
32 208
32 16
32 92
32 68
32 15
32 215
32 249
32 229
32 24
32 57
32 118
32 29
32 114
32 191
33 162
33 127
33 67
33 146
33 72
33 219
33 128
33 246
33 214
33 4
33 204
33 135
33 12
33 152
33 182
33 38
33 117
33 202
33 133
33 149
34 121
34 49
34 165
34 6
34 53
34 55
34 29
34 58
34 104
34 114
34 96
34 47
34 129
34 39
34 50
34 78
34 35
34 166
34 208
34 115
35 65
35 129
35 20
35 32
35 191
35 114
35 98
35 8
35 116
35 58
35 5
35 27
35 201
35 206
35 3
35 235
35 13
35 83
35 217
35 57
36 184
36 169
36 25
36 2
36 50
36 35
36 151
36 100
36 9
36 14
36 144
36 55
36 155
36 196
36 148
36 172
36 183
36 181
36 63
36 34
37 54
37 169
37 179
37 244
37 231
37 2
37 218
37 186
37 108
37 131
37 31
37 173
37 36
37 212
37 66
37 19
37 207
37 200
37 71
37 230
38 211
38 23
38 106
38 18
38 62
38 12
38 103
38 145
38 146
38 192
38 133
38 243
38 239
38 200
38 87
38 72
38 212
38 75
38 37
38 152
39 8
39 114
39 65
39 226
39 235
39 35
39 50
39 82
39 143
39 166
39 121
39 104
39 181
39 29
39 105
39 245
39 83
39 132
39 91
39 217
40 148
40 49
40 82
40 2
40 178
40 170
40 91
40 32
40 144
40 227
40 154
40 155
40 83
40 79
40 35
40 90
40 100
40 115
40 226
40 237
41 103
41 239
41 1
41 175
41 190
41 38
41 117
41 106
41 85
41 46
41 61
41 137
41 243
41 157
41 126
41 127
41 67
41 152
41 212
41 75
42 5
42 187
42 99
42 161
42 64
42 15
42 249
42 92
42 233
42 136
42 194
42 203
42 17
42 138
42 141
42 223
42 33
42 191
42 51
42 130
43 48
43 57
43 42
43 213
43 105
43 225
43 26
43 233
43 191
43 114
43 92
43 176
43 112
43 125
43 121
43 84
43 20
43 161
43 187
43 97
44 148
44 115
44 113
44 159
44 63
44 165
44 28
44 50
44 0
44 193
44 27
44 90
44 178
44 49
44 54
44 221
44 39
44 32
44 96
44 183
45 41
45 232
45 86
45 171
45 89
45 236
45 72
45 152
45 37
45 210
45 21
45 243
45 214
45 164
45 30
45 88
45 75
45 146
45 234
45 127
46 59
46 139
46 227
46 195
46 230
46 173
46 0
46 36
46 231
46 207
46 54
46 166
46 179
46 74
46 113
46 81
46 79
46 169
46 205
46 218
47 53
47 122
47 29
47 208
47 102
47 226
47 110
47 143
47 26
47 96
47 48
47 8
47 98
47 58
47 27
47 201
47 229
47 217
47 189
47 68
48 89
48 214
48 107
48 188
48 33
48 153
48 209
48 182
48 112
48 10
48 51
48 210
48 198
48 125
48 84
48 147
48 242
48 219
48 202
48 238
49 178
49 53
49 28
49 176
49 132
49 80
49 60
49 221
49 245
49 35
49 201
49 27
49 6
49 95
49 114
49 3
49 82
49 143
49 116
49 217
50 5
50 42
50 13
50 95
50 57
50 3
50 235
50 121
50 159
50 184
50 68
50 49
50 201
50 27
50 53
50 8
50 100
50 172
50 249
50 174
51 162
51 67
51 88
51 62
51 149
51 21
51 103
51 234
51 11
51 243
51 242
51 239
51 185
51 164
51 177
51 153
51 209
51 194
51 236
51 167
52 26
52 65
52 215
52 114
52 110
52 161
52 6
52 206
52 121
52 78
52 5
52 116
52 53
52 76
52 223
52 98
52 32
52 189
52 68
52 57
53 150
53 48
53 80
53 138
53 20
53 201
53 33
53 213
53 191
53 229
53 64
53 141
53 112
53 219
53 29
53 147
53 249
53 248
53 235
53 97
54 50
54 7
54 148
54 123
54 168
54 52
54 154
54 100
54 90
54 165
54 143
54 227
54 159
54 69
54 178
54 166
54 195
54 79
54 35
54 39
55 80
55 235
55 121
55 53
55 132
55 20
55 47
55 35
55 184
55 92
55 95
55 98
55 96
55 249
55 68
55 189
55 178
55 102
55 208
55 27
56 157
56 18
56 240
56 163
56 230
56 73
56 133
56 119
56 126
56 101
56 212
56 75
56 200
56 109
56 146
56 164
56 30
56 211
56 244
56 179
57 84
57 187
57 99
57 107
57 64
57 213
57 206
57 203
57 176
57 194
57 191
57 225
57 80
57 242
57 125
57 219
57 118
57 130
57 138
57 223
58 248
58 191
58 20
58 116
58 76
58 42
58 229
58 125
58 176
58 112
58 138
58 13
58 102
58 51
58 136
58 16
58 189
58 110
58 3
58 29
59 196
59 82
59 165
59 166
59 178
59 81
59 231
59 158
59 170
59 195
59 31
59 154
59 113
59 54
59 50
59 193
59 207
59 34
59 7
59 169
60 92
60 16
60 122
60 187
60 223
60 125
60 229
60 17
60 235
60 161
60 15
60 191
60 114
60 206
60 65
60 48
60 57
60 213
60 42
60 99
61 144
61 19
61 237
61 36
61 74
61 145
61 148
61 218
61 63
61 231
61 81
61 90
61 39
61 71
61 230
61 139
61 170
61 2
61 142
61 25
62 86
62 240
62 127
62 212
62 186
62 66
62 22
62 30
62 164
62 134
62 133
62 192
62 190
62 1
62 4
62 101
62 146
62 61
62 199
62 12
63 165
63 174
63 104
63 68
63 52
63 53
63 50
63 115
63 215
63 114
63 159
63 29
63 3
63 221
63 13
63 83
63 27
63 201
63 143
63 82
64 107
64 162
64 185
64 182
64 211
64 103
64 153
64 242
64 38
64 138
64 93
64 21
64 203
64 67
64 149
64 22
64 11
64 164
64 240
64 204
65 99
65 5
65 64
65 194
65 138
65 185
65 141
65 57
65 167
65 150
65 249
65 248
65 176
65 206
65 203
65 219
65 51
65 102
65 229
65 125
66 237
66 31
66 44
66 50
66 79
66 111
66 183
66 70
66 230
66 220
66 216
66 90
66 81
66 173
66 170
66 151
66 49
66 193
66 222
66 227
67 4
67 56
67 140
67 171
67 211
67 164
67 241
67 128
67 73
67 134
67 109
67 62
67 157
67 127
67 131
67 1
67 61
67 146
67 240
67 86
68 92
68 161
68 248
68 20
68 58
68 187
68 118
68 80
68 125
68 217
68 208
68 143
68 238
68 176
68 112
68 24
68 48
68 99
68 233
68 160
69 35
69 132
69 178
69 32
69 96
69 50
69 78
69 34
69 159
69 60
69 49
69 68
69 237
69 129
69 196
69 221
69 83
69 95
69 195
69 28
70 181
70 193
70 170
70 25
70 183
70 169
70 205
70 173
70 165
70 40
70 91
70 148
70 142
70 222
70 184
70 100
70 113
70 2
70 174
70 144
71 168
71 154
71 123
71 132
71 8
71 39
71 96
71 226
71 217
71 91
71 159
71 63
71 237
71 83
71 7
71 68
71 79
71 35
71 221
71 170
72 23
72 124
72 134
72 179
72 101
72 171
72 85
72 199
72 230
72 61
72 146
72 180
72 200
72 106
72 37
72 86
72 31
72 117
72 127
72 158
73 61
73 151
73 44
73 163
73 183
73 218
73 244
73 59
73 140
73 108
73 200
73 173
73 134
73 222
73 131
73 207
73 205
73 158
73 190
73 9
74 14
74 245
74 55
74 178
74 172
74 226
74 170
74 144
74 104
74 60
74 193
74 47
74 123
74 148
74 95
74 143
74 82
74 78
74 184
74 227
75 156
75 216
75 12
75 175
75 140
75 106
75 200
75 70
75 61
75 59
75 85
75 190
75 101
75 199
75 137
75 127
75 31
75 240
75 86
75 131
76 242
76 203
76 67
76 182
76 103
76 194
76 160
76 210
76 48
76 135
76 236
76 64
76 198
76 125
76 107
76 234
76 188
76 248
76 77
76 10
77 61
77 73
77 12
77 103
77 4
77 67
77 157
77 23
77 134
77 246
77 211
77 87
77 140
77 56
77 212
77 163
77 190
77 171
77 21
77 131
78 80
78 76
78 98
78 213
78 42
78 102
78 43
78 97
78 235
78 143
78 16
78 160
78 92
78 248
78 229
78 130
78 176
78 112
78 99
78 3
79 132
79 78
79 6
79 115
79 105
79 83
79 193
79 47
79 58
79 184
79 166
79 159
79 26
79 60
79 53
79 52
79 34
79 39
79 96
79 98
80 238
80 120
80 206
80 15
80 33
80 48
80 160
80 93
80 51
80 24
80 197
80 110
80 248
80 225
80 224
80 149
80 141
80 161
80 147
80 233
81 44
81 196
81 74
81 55
81 155
81 226
81 165
81 168
81 178
81 95
81 100
81 227
81 34
81 27
81 32
81 129
81 96
81 183
81 104
81 90
82 235
82 121
82 29
82 159
82 65
82 129
82 35
82 176
82 96
82 249
82 68
82 13
82 116
82 92
82 32
82 229
82 115
82 201
82 52
82 53
83 28
83 92
83 58
83 213
83 42
83 60
83 20
83 43
83 129
83 159
83 229
83 217
83 96
83 249
83 98
83 102
83 53
83 76
83 121
83 206
84 10
84 204
84 203
84 202
84 133
84 234
84 232
84 89
84 194
84 241
84 239
84 153
84 162
84 103
84 197
84 219
84 152
84 157
84 94
84 243
85 2
85 113
85 148
85 179
85 151
85 196
85 36
85 227
85 158
85 7
85 25
85 231
85 66
85 46
85 44
85 154
85 205
85 195
85 142
85 31
86 186
86 23
86 2
86 220
86 106
86 207
86 113
86 145
86 40
86 0
86 134
86 158
86 119
86 54
86 131
86 190
86 222
86 180
86 69
86 85
87 124
87 113
87 111
87 23
87 54
87 216
87 183
87 61
87 151
87 69
87 142
87 81
87 200
87 2
87 44
87 145
87 134
87 155
87 168
87 31
88 21
88 86
88 246
88 73
88 18
88 175
88 241
88 56
88 12
88 199
88 77
88 126
88 224
88 87
88 72
88 163
88 232
88 171
88 89
88 37
89 73
89 211
89 18
89 163
89 72
89 175
89 171
89 77
89 240
89 86
89 30
89 212
89 199
89 108
89 146
89 234
89 209
89 241
89 134
89 1
90 29
90 115
90 52
90 123
90 6
90 57
90 95
90 3
90 83
90 223
90 100
90 208
90 121
90 50
90 78
90 201
90 27
90 35
90 98
90 55
91 114
91 95
91 55
91 26
91 65
91 13
91 43
91 229
91 217
91 80
91 3
91 47
91 223
91 102
91 5
91 78
91 121
91 82
91 215
91 249
92 229
92 99
92 120
92 206
92 249
92 248
92 64
92 136
92 141
92 48
92 185
92 147
92 242
92 225
92 57
92 188
92 161
92 11
92 235
92 97
93 77
93 89
93 167
93 75
93 103
93 56
93 11
93 224
93 240
93 117
93 246
93 33
93 67
93 133
93 21
93 182
93 214
93 234
93 242
93 149
94 109
94 37
94 86
94 243
94 239
94 134
94 175
94 23
94 56
94 72
94 106
94 4
94 101
94 126
94 211
94 163
94 146
94 234
94 157
94 22
95 58
95 80
95 26
95 35
95 223
95 65
95 226
95 122
95 215
95 16
95 136
95 29
95 68
95 20
95 78
95 217
95 13
95 201
95 92
95 176
96 68
96 16
96 143
96 42
96 98
96 223
96 3
96 161
96 191
96 20
96 43
96 248
96 233
96 121
96 92
96 208
96 24
96 235
96 97
96 215
97 94
97 62
97 88
97 242
97 225
97 141
97 164
97 188
97 203
97 89
97 152
97 56
97 147
97 209
97 198
97 211
97 10
97 112
97 167
97 232
98 116
98 191
98 141
98 64
98 26
98 138
98 187
98 121
98 213
98 84
98 161
98 13
98 48
98 76
98 176
98 51
98 102
98 235
98 5
98 16
99 162
99 248
99 77
99 203
99 177
99 93
99 94
99 97
99 89
99 138
99 238
99 160
99 45
99 247
99 236
99 41
99 188
99 120
99 107
99 135
100 115
100 5
100 221
100 176
100 26
100 35
100 132
100 223
100 184
100 98
100 55
100 208
100 6
100 32
100 95
100 114
100 68
100 189
100 16
100 91
101 151
101 54
101 40
101 69
101 220
101 9
101 70
101 113
101 170
101 0
101 124
101 186
101 19
101 66
101 59
101 74
101 207
101 137
101 230
101 23
102 141
102 206
102 177
102 107
102 88
102 120
102 122
102 150
102 161
102 51
102 125
102 219
102 191
102 17
102 112
102 15
102 94
102 64
102 247
102 236
103 218
103 4
103 106
103 192
103 86
103 117
103 232
103 146
103 126
103 164
103 175
103 204
103 23
103 137
103 108
103 243
103 156
103 66
103 140
103 56
104 116
104 17
104 161
104 24
104 105
104 215
104 122
104 176
104 110
104 98
104 15
104 233
104 65
104 16
104 97
104 235
104 5
104 78
104 191
104 213
105 225
105 3
105 161
105 229
105 136
105 92
105 57
105 29
105 177
105 99
105 93
105 191
105 48
105 76
105 189
105 249
105 203
105 206
105 42
105 213
106 69
106 158
106 155
106 144
106 2
106 71
106 36
106 145
106 151
106 61
106 154
106 227
106 222
106 186
106 25
106 40
106 46
106 231
106 228
106 113
107 240
107 21
107 175
107 219
107 246
107 234
107 72
107 45
107 67
107 199
107 128
107 77
107 135
107 133
107 56
107 109
107 94
107 242
107 209
107 241
108 155
108 158
108 119
108 30
108 124
108 111
108 106
108 44
108 230
108 113
108 228
108 137
108 192
108 19
108 244
108 25
108 179
108 74
108 169
108 85
109 222
109 73
109 180
109 31
109 157
109 205
109 128
109 241
109 216
109 1
109 146
109 140
109 218
109 59
109 9
109 87
109 66
109 163
109 228
109 111
110 198
110 210
110 243
110 242
110 209
110 177
110 153
110 62
110 219
110 118
110 33
110 88
110 112
110 120
110 167
110 202
110 141
110 182
110 239
110 185
111 91
111 196
111 139
111 49
111 195
111 40
111 184
111 52
111 81
111 35
111 50
111 44
111 69
111 7
111 83
111 82
111 172
111 123
111 113
111 100
112 149
112 51
112 247
112 236
112 224
112 103
112 239
112 56
112 45
112 232
112 94
112 93
112 243
112 242
112 214
112 177
112 182
112 10
112 240
112 107
113 195
113 8
113 148
113 115
113 0
113 245
113 174
113 39
113 27
113 104
113 226
113 165
113 79
113 178
113 68
113 54
113 49
113 74
113 63
113 159
114 102
114 235
114 188
114 48
114 136
114 160
114 5
114 120
114 116
114 107
114 187
114 3
114 24
114 191
114 93
114 249
114 64
114 80
114 225
114 53
115 15
115 47
115 92
115 95
115 102
115 83
115 161
115 223
115 104
115 16
115 65
115 57
115 235
115 8
115 78
115 5
115 29
115 122
115 215
115 116
116 135
116 93
116 202
116 149
116 125
116 118
116 51
116 76
116 15
116 24
116 182
116 99
116 136
116 138
116 120
116 11
116 185
116 110
116 112
116 177
117 23
117 231
117 230
117 127
117 87
117 205
117 124
117 61
117 113
117 12
117 137
117 30
117 222
117 108
117 59
117 66
117 40
117 46
117 101
117 36
118 97
118 45
118 194
118 162
118 203
118 198
118 219
118 242
118 94
118 33
118 153
118 188
118 187
118 224
118 225
118 141
118 197
118 182
118 120
118 167
119 169
119 196
119 59
119 195
119 173
119 220
119 193
119 9
119 227
119 180
119 230
119 71
119 91
119 207
119 216
119 172
119 155
119 166
119 111
119 34
120 38
120 225
120 224
120 209
120 197
120 141
120 51
120 177
120 153
120 56
120 24
120 182
120 21
120 93
120 138
120 202
120 238
120 150
120 22
120 97
121 116
121 130
121 161
121 223
121 203
121 42
121 24
121 53
121 17
121 215
121 122
121 229
121 118
121 29
121 3
121 235
121 97
121 92
121 187
121 189
122 160
122 167
122 236
122 138
122 112
122 153
122 177
122 219
122 213
122 33
122 202
122 238
122 198
122 125
122 242
122 110
122 150
122 182
122 149
122 248
123 235
123 130
123 6
123 184
123 104
123 92
123 3
123 53
123 129
123 121
123 14
123 217
123 102
123 201
123 16
123 5
123 42
123 249
123 245
123 43
124 111
124 137
124 113
124 85
124 222
124 231
124 183
124 31
124 2
124 70
124 190
124 9
124 173
124 142
124 195
124 179
124 74
124 139
124 186
124 66
125 103
125 153
125 72
125 224
125 234
125 21
125 93
125 211
125 238
125 4
125 185
125 239
125 214
125 149
125 22
125 33
125 75
125 204
125 62
125 150
126 85
126 218
126 108
126 124
126 134
126 173
126 36
126 101
126 111
126 66
126 216
126 212
126 139
126 186
126 87
126 158
126 244
126 9
126 71
126 230
127 230
127 134
127 23
127 44
127 163
127 158
127 86
127 31
127 36
127 200
127 108
127 70
127 66
127 207
127 137
127 231
127 180
127 113
127 228
127 179
128 145
128 40
128 126
128 207
128 220
128 127
128 70
128 25
128 85
128 169
128 59
128 12
128 134
128 142
128 111
128 81
128 131
128 158
128 73
128 230
129 15
129 60
129 76
129 121
129 6
129 65
129 48
129 217
129 161
129 58
129 17
129 99
129 8
129 78
129 208
129 120
129 27
129 201
129 96
129 249
130 198
130 182
130 197
130 206
130 213
130 242
130 247
130 88
130 161
130 187
130 150
130 120
130 94
130 136
130 194
130 149
130 97
130 185
130 210
130 51
131 25
131 44
131 155
131 111
131 195
131 158
131 0
131 218
131 63
131 216
131 59
131 165
131 40
131 169
131 193
131 2
131 39
131 207
131 205
131 54
132 235
132 5
132 208
132 102
132 104
132 223
132 53
132 178
132 249
132 96
132 29
132 35
132 221
132 80
132 215
132 115
132 176
132 105
132 114
132 14
133 222
133 134
133 173
133 204
133 111
133 36
133 12
133 37
133 31
133 241
133 25
133 109
133 137
133 199
133 59
133 145
133 186
133 175
133 126
133 230
134 111
134 151
134 180
134 227
134 205
134 54
134 158
134 170
134 59
134 106
134 81
134 131
134 148
134 195
134 2
134 220
134 137
134 196
134 71
134 74
135 246
135 45
135 1
135 162
135 37
135 73
135 109
135 103
135 157
135 94
135 67
135 199
135 89
135 108
135 77
135 175
135 62
135 224
135 88
135 240
136 45
136 162
136 135
136 149
136 238
136 202
136 197
136 187
136 120
136 191
136 198
136 225
136 224
136 194
136 177
136 153
136 233
136 242
136 236
136 247
137 196
137 36
137 165
137 40
137 63
137 31
137 228
137 61
137 237
137 169
137 44
137 220
137 2
137 222
137 79
137 59
137 230
137 19
137 119
137 193
138 210
138 164
138 107
138 198
138 202
138 133
138 109
138 240
138 56
138 72
138 171
138 89
138 152
138 147
138 239
138 162
138 77
138 150
138 219
138 246
139 34
139 132
139 144
139 123
139 151
139 49
139 63
139 159
139 35
139 174
139 32
139 91
139 71
139 172
139 154
139 196
139 245
139 165
139 100
139 113
140 108
140 37
140 222
140 44
140 218
140 151
140 40
140 46
140 134
140 59
140 142
140 205
140 207
140 137
140 71
140 230
140 139
140 113
140 169
140 85
141 138
141 209
141 197
141 45
141 243
141 152
141 94
141 232
141 88
141 62
141 203
141 22
141 239
141 177
141 153
141 247
141 67
141 147
141 125
141 238
142 14
142 95
142 82
142 35
142 49
142 39
142 123
142 148
142 40
142 165
142 193
142 0
142 174
142 19
142 169
142 237
142 144
142 7
142 172
142 183
143 105
143 187
143 249
143 58
143 118
143 15
143 57
143 51
143 3
143 5
143 213
143 130
143 177
143 136
143 16
143 247
143 97
143 26
143 176
143 125
144 7
144 100
144 8
144 196
144 52
144 174
144 82
144 121
144 14
144 193
144 104
144 96
144 0
144 68
144 63
144 181
144 69
144 16
144 178
144 226
145 70
145 154
145 25
145 81
145 71
145 172
145 218
145 169
145 54
145 113
145 216
145 39
145 207
145 59
145 144
145 31
145 74
145 179
145 173
145 0
146 220
146 86
146 179
146 108
146 70
146 156
146 137
146 124
146 46
146 128
146 126
146 131
146 1
146 216
146 37
146 192
146 106
146 231
146 12
146 85
147 149
147 133
147 4
147 33
147 67
147 246
147 236
147 234
147 146
147 128
147 18
147 162
147 182
147 241
147 209
147 157
147 72
147 199
147 41
147 38
148 123
148 172
148 104
148 174
148 196
148 35
148 79
148 28
148 129
148 193
148 0
148 14
148 184
148 58
148 69
148 165
148 49
148 68
148 154
148 52
149 108
149 239
149 72
149 146
149 204
149 77
149 103
149 133
149 240
149 117
149 232
149 209
149 88
149 243
149 140
149 135
149 30
149 157
149 162
149 246
150 4
150 1
150 135
150 41
150 199
150 153
150 182
150 62
150 246
150 146
150 175
150 210
150 204
150 75
150 239
150 10
150 240
150 157
150 117
150 38
151 115
151 166
151 49
151 159
151 35
151 144
151 178
151 40
151 226
151 165
151 34
151 27
151 19
151 104
151 52
151 154
151 129
151 237
151 55
151 123
152 156
152 246
152 200
152 22
152 70
152 12
152 241
152 230
152 46
152 128
152 30
152 244
152 117
152 87
152 119
152 106
152 157
152 124
152 86
152 220
153 204
153 72
153 243
153 12
153 239
153 1
153 22
153 89
153 240
153 86
153 128
153 146
153 4
153 244
153 199
153 41
153 62
153 163
153 38
153 117
154 129
154 226
154 96
154 181
154 114
154 8
154 43
154 115
154 91
154 16
154 184
154 14
154 52
154 53
154 105
154 245
154 55
154 104
154 90
154 42
155 14
155 174
155 208
155 193
155 132
155 143
155 82
155 39
155 129
155 6
155 123
155 98
155 52
155 35
155 79
155 78
155 50
155 28
155 166
155 245
156 145
156 142
156 131
156 61
156 207
156 111
156 85
156 59
156 186
156 86
156 87
156 106
156 190
156 9
156 218
156 66
156 179
156 46
156 70
156 220
157 146
157 230
157 241
157 25
157 244
157 36
157 216
157 111
157 23
157 228
157 163
157 46
157 192
157 186
157 175
157 173
157 212
157 9
157 222
157 119
158 227
158 49
158 172
158 168
158 205
158 231
158 165
158 40
158 79
158 245
158 132
158 144
158 34
158 170
158 19
158 81
158 115
158 36
158 113
158 74
159 249
159 60
159 143
159 189
159 226
159 217
159 121
159 206
159 43
159 176
159 129
159 187
159 98
159 29
159 42
159 99
159 26
159 233
159 13
159 76
160 22
160 75
160 162
160 185
160 239
160 41
160 21
160 93
160 125
160 203
160 214
160 238
160 64
160 211
160 194
160 209
160 225
160 67
160 112
160 240
161 187
161 76
161 45
161 248
161 213
161 33
161 112
161 247
161 51
161 120
161 48
161 162
161 84
161 177
161 125
161 198
161 191
161 93
161 118
161 194
162 157
162 109
162 175
162 108
162 75
162 73
162 72
162 18
162 152
162 209
162 103
162 244
162 211
162 23
162 156
162 38
162 117
162 77
162 192
162 133
163 218
163 119
163 101
163 244
163 37
163 158
163 87
163 131
163 231
163 46
163 86
163 173
163 85
163 222
163 145
163 9
163 228
163 192
163 137
163 71
164 220
164 109
164 199
164 108
164 124
164 75
164 117
164 86
164 146
164 171
164 119
164 131
164 30
164 73
164 246
164 228
164 59
164 244
164 127
164 18
165 35
165 172
165 159
165 6
165 91
165 57
165 129
165 16
165 68
165 49
165 143
165 82
165 58
165 184
165 42
165 83
165 121
165 14
165 174
165 208
166 95
166 245
166 178
166 115
166 221
166 226
166 174
166 3
166 8
166 53
166 52
166 159
166 29
166 42
166 83
166 14
166 121
166 96
166 172
166 90
167 224
167 157
167 21
167 56
167 73
167 156
167 214
167 109
167 163
167 171
167 241
167 209
167 117
167 234
167 182
167 37
167 164
167 162
167 22
167 127
168 50
168 221
168 98
168 55
168 178
168 63
168 121
168 83
168 100
168 123
168 39
168 60
168 68
168 195
168 0
168 174
168 208
168 27
168 34
168 91
169 207
169 193
169 227
169 50
169 221
169 74
169 69
169 237
169 165
169 7
169 123
169 81
169 49
169 54
169 172
169 183
169 63
169 132
169 196
169 115
170 165
170 245
170 27
170 78
170 43
170 60
170 47
170 98
170 55
170 143
170 7
170 221
170 104
170 90
170 63
170 196
170 91
170 100
170 79
170 95
171 1
171 86
171 244
171 220
171 163
171 145
171 87
171 70
171 106
171 25
171 200
171 190
171 169
171 212
171 140
171 179
171 127
171 23
171 111
171 126
172 226
172 129
172 208
172 176
172 100
172 201
172 96
172 217
172 5
172 78
172 26
172 35
172 16
172 29
172 98
172 55
172 6
172 123
172 49
172 83
173 90
173 181
173 55
173 91
173 196
173 245
173 0
173 168
173 7
173 54
173 74
173 34
173 148
173 113
173 221
173 170
173 195
173 193
173 183
173 39
174 95
174 129
174 13
174 249
174 55
174 15
174 3
174 178
174 35
174 130
174 6
174 123
174 116
174 32
174 104
174 60
174 159
174 42
174 43
174 132
175 222
175 216
175 119
175 111
175 186
175 200
175 146
175 134
175 173
175 85
175 145
175 228
175 127
175 230
175 86
175 156
175 101
175 220
175 59
175 70
176 225
176 224
176 80
176 213
176 219
176 187
176 48
176 167
176 116
176 84
176 160
176 17
176 161
176 206
176 10
176 242
176 182
176 24
176 197
176 76
177 198
177 162
177 210
177 45
177 202
177 239
177 10
177 153
177 214
177 203
177 182
177 75
177 246
177 33
177 21
177 93
177 77
177 234
177 147
177 38
178 208
178 102
178 215
178 96
178 176
178 32
178 226
178 68
178 28
178 20
178 129
178 65
178 14
178 143
178 116
178 217
178 245
178 3
178 83
178 161
179 54
179 154
179 69
179 39
179 207
179 100
179 31
179 155
179 59
179 216
179 123
179 227
179 195
179 172
179 91
179 50
179 44
179 170
179 63
179 231
180 50
180 81
180 142
180 207
180 39
180 148
180 181
180 166
180 2
180 91
180 63
180 227
180 184
180 165
180 82
180 196
180 54
180 49
180 169
180 237
181 215
181 80
181 65
181 143
181 52
181 13
181 32
181 8
181 245
181 83
181 159
181 178
181 16
181 249
181 96
181 132
181 68
181 95
181 114
181 6
182 94
182 38
182 126
182 224
182 128
182 67
182 241
182 209
182 243
182 204
182 135
182 164
182 30
182 240
182 22
182 108
182 236
182 88
182 214
182 146
183 78
183 96
183 34
183 196
183 237
183 132
183 144
183 14
183 226
183 90
183 245
183 19
183 60
183 123
183 174
183 193
183 195
183 95
183 35
183 79
184 104
184 80
184 17
184 105
184 189
184 32
184 221
184 3
184 129
184 27
184 114
184 159
184 29
184 143
184 116
184 130
184 83
184 43
184 136
184 16
185 75
185 38
185 241
185 182
185 204
185 243
185 156
185 246
185 67
185 62
185 199
185 41
185 72
185 234
185 171
185 89
185 94
185 45
185 198
185 4
186 39
186 19
186 79
186 61
186 166
186 2
186 220
186 222
186 227
186 170
186 7
186 25
186 46
186 70
186 154
186 205
186 34
186 139
186 193
186 9
187 67
187 162
187 214
187 38
187 10
187 234
187 93
187 209
187 232
187 51
187 210
187 153
187 177
187 236
187 219
187 125
187 94
187 64
187 239
187 185
188 199
188 4
188 56
188 10
188 93
188 109
188 88
188 149
188 22
188 38
188 89
188 67
188 94
188 167
188 232
188 152
188 242
188 243
188 204
188 210
189 213
189 99
189 150
189 225
189 247
189 229
189 10
189 116
189 20
189 191
189 11
189 248
189 97
189 149
189 242
189 64
189 120
189 102
189 206
189 203
190 74
190 158
190 151
190 79
190 113
190 7
190 25
190 44
190 196
190 173
190 0
190 220
190 31
190 222
190 227
190 131
190 40
190 46
190 154
190 54
191 234
191 224
191 236
191 149
191 187
191 11
191 194
191 67
191 89
191 138
191 88
191 64
191 147
191 167
191 51
191 210
191 135
191 141
191 202
191 84
192 137
192 168
192 59
192 142
192 155
192 124
192 196
192 216
192 148
192 44
192 230
192 119
192 74
192 0
192 23
192 19
192 66
192 131
192 170
192 69
193 47
193 53
193 181
193 100
193 28
193 226
193 68
193 35
193 123
193 143
193 105
193 32
193 215
193 221
193 98
193 178
193 217
193 14
193 42
193 63
194 185
194 199
194 41
194 164
194 18
194 38
194 75
194 204
194 210
194 109
194 21
194 45
194 240
194 10
194 150
194 133
194 243
194 242
194 22
194 149
195 215
195 91
195 79
195 129
195 32
195 39
195 132
195 184
195 159
195 8
195 165
195 27
195 96
195 105
195 245
195 50
195 78
195 121
195 14
195 181
196 90
196 47
196 79
196 55
196 132
196 123
196 16
196 14
196 226
196 105
196 52
196 78
196 174
196 32
196 129
196 237
196 82
196 114
196 181
196 100
197 236
197 67
197 126
197 211
197 77
197 152
197 171
197 103
197 240
197 10
197 185
197 239
197 242
197 156
197 243
197 18
197 11
197 21
197 4
197 198
198 117
198 146
198 240
198 126
198 108
198 164
198 244
198 211
198 212
198 163
198 232
198 209
198 241
198 94
198 157
198 4
198 109
198 202
198 1
198 21
199 87
199 140
199 139
199 146
199 218
199 212
199 180
199 222
199 66
199 228
199 46
199 134
199 216
199 37
199 85
199 205
199 190
199 137
199 142
199 192
200 111
200 36
200 196
200 207
200 139
200 193
200 119
200 54
200 69
200 218
200 195
200 124
200 70
200 168
200 2
200 71
200 44
200 19
200 106
200 231
201 130
201 247
201 194
201 136
201 187
201 233
201 93
201 223
201 116
201 213
201 161
201 48
201 76
201 197
201 203
201 167
201 120
201 5
201 84
201 229
202 243
202 199
202 22
202 152
202 37
202 1
202 56
202 67
202 87
202 94
202 146
202 30
202 126
202 18
202 73
202 23
202 101
202 109
202 200
202 240
203 93
203 149
203 38
203 211
203 18
203 107
203 157
203 239
203 185
203 75
203 88
203 72
203 224
203 232
203 62
203 199
203 41
203 109
203 67
203 33
204 66
204 157
204 1
204 230
204 241
204 228
204 192
204 36
204 101
204 31
204 86
204 126
204 216
204 127
204 173
204 108
204 179
204 140
204 128
204 111
205 2
205 170
205 132
205 139
205 63
205 159
205 39
205 169
205 172
205 74
205 196
205 69
205 14
205 71
205 166
205 151
205 227
205 35
205 79
205 83
206 167
206 248
206 198
206 160
206 76
206 233
206 247
206 202
206 213
206 99
206 234
206 162
206 185
206 48
206 41
206 188
206 11
206 219
206 97
206 209
207 90
207 159
207 245
207 227
207 183
207 148
207 123
207 50
207 221
207 35
207 34
207 27
207 55
207 100
207 71
207 74
207 14
207 168
207 166
207 237
208 121
208 64
208 53
208 51
208 43
208 229
208 249
208 238
208 3
208 141
208 215
208 122
208 105
208 99
208 136
208 57
208 177
208 130
208 80
208 161
209 23
209 12
209 101
209 239
209 246
209 38
209 37
209 18
209 199
209 163
209 234
209 124
209 157
209 186
209 244
209 211
209 72
209 87
209 192
209 133
210 209
210 56
210 200
210 153
210 103
210 243
210 22
210 175
210 204
210 23
210 126
210 62
210 67
210 72
210 87
210 157
210 211
210 41
210 199
210 212
211 157
211 212
211 66
211 156
211 18
211 106
211 146
211 61
211 192
211 72
211 200
211 109
211 137
211 199
211 179
211 37
211 222
211 4
211 126
211 119
212 66
212 148
212 86
212 183
212 111
212 23
212 119
212 169
212 85
212 207
212 25
212 131
212 231
212 144
212 220
212 101
212 36
212 179
212 190
212 9
213 248
213 24
213 238
213 110
213 242
213 138
213 203
213 93
213 135
213 118
213 219
213 64
213 48
213 167
213 210
213 51
213 41
213 188
213 147
213 38
214 175
214 4
214 108
214 212
214 21
214 211
214 23
214 204
214 37
214 103
214 192
214 72
214 109
214 200
214 190
214 106
214 41
214 30
214 117
214 85
215 203
215 122
215 120
215 102
215 138
215 238
215 116
215 97
215 189
215 176
215 225
215 147
215 114
215 191
215 15
215 160
215 5
215 223
215 107
215 99
216 237
216 44
216 154
216 90
216 144
216 91
216 168
216 151
216 155
216 100
216 54
216 195
216 40
216 165
216 7
216 2
216 174
216 148
216 172
216 158
217 26
217 233
217 98
217 110
217 189
217 130
217 223
217 248
217 16
217 121
217 201
217 20
217 208
217 51
217 65
217 122
217 215
217 53
217 120
217 17
218 34
218 63
218 195
218 170
218 119
218 144
218 196
218 222
218 44
218 154
218 19
218 220
218 7
218 79
218 179
218 90
218 31
218 168
218 100
218 113
219 89
219 232
219 236
219 246
219 146
219 202
219 133
219 41
219 199
219 209
219 128
219 77
219 135
219 240
219 182
219 152
219 156
219 243
219 126
219 62
220 2
220 40
220 44
220 193
220 166
220 181
220 90
220 196
220 172
220 148
220 113
220 7
220 155
220 173
220 49
220 54
220 111
220 79
220 39
220 207
221 83
221 102
221 143
221 223
221 235
221 114
221 28
221 130
221 6
221 249
221 80
221 60
221 129
221 65
221 115
221 215
221 58
221 17
221 206
221 20
222 207
222 174
222 178
222 173
222 148
222 55
222 196
222 36
222 132
222 169
222 193
222 54
222 25
222 166
222 151
222 111
222 79
222 158
222 82
222 74
223 197
223 219
223 110
223 102
223 187
223 147
223 149
223 80
223 225
223 17
223 238
223 150
223 33
223 247
223 125
223 99
223 107
223 48
223 185
223 182
224 128
224 108
224 1
224 21
224 18
224 4
224 202
224 117
224 38
224 171
224 152
224 37
224 239
224 41
224 199
224 211
224 153
224 109
224 163
224 243
225 41
225 33
225 10
225 21
225 103
225 177
225 153
225 94
225 62
225 22
225 194
225 211
225 4
225 125
225 198
225 138
225 89
225 164
225 84
225 162
226 110
226 141
226 114
226 42
226 13
226 187
226 201
226 16
226 136
226 189
226 26
226 120
226 92
226 116
226 105
226 8
226 58
226 17
226 5
226 97
227 143
227 6
227 63
227 184
227 39
227 129
227 226
227 170
227 193
227 115
227 208
227 104
227 132
227 43
227 79
227 172
227 100
227 245
227 0
227 181
228 100
228 220
228 59
228 151
228 9
228 193
228 172
228 231
228 19
228 66
228 139
228 230
228 7
228 25
228 195
228 142
228 216
228 148
228 155
228 165
229 99
229 110
229 88
229 225
229 198
229 20
229 84
229 185
229 194
229 136
229 135
229 167
229 33
229 147
229 233
229 112
229 197
229 76
229 161
229 149
230 91
230 168
230 74
230 179
230 237
230 169
230 180
230 59
230 144
230 170
230 195
230 183
230 100
230 155
230 227
230 222
230 79
230 44
230 90
230 9
231 95
231 245
231 7
231 74
231 166
231 19
231 52
231 237
231 129
231 71
231 35
231 178
231 172
231 183
231 81
231 207
231 39
231 159
231 63
231 221
232 212
232 156
232 171
232 241
232 145
232 175
232 131
232 1
232 23
232 179
232 140
232 220
232 124
232 157
232 200
232 87
232 228
232 108
232 127
232 46
233 112
233 210
233 197
233 167
233 48
233 77
233 21
233 135
233 141
233 224
233 89
233 38
233 125
233 45
233 160
233 41
233 188
233 67
233 213
233 247
234 192
234 152
234 199
234 246
234 73
234 18
234 243
234 56
234 241
234 62
234 212
234 200
234 131
234 72
234 211
234 163
234 232
234 146
234 108
234 22
235 249
235 203
235 99
235 188
235 161
235 15
235 149
235 247
235 125
235 80
235 219
235 45
235 185
235 48
235 177
235 130
235 84
235 93
235 112
235 176
236 212
236 162
236 198
236 4
236 171
236 146
236 38
236 157
236 30
236 244
236 37
236 56
236 127
236 67
236 214
236 175
236 73
236 209
236 241
236 86
237 105
237 245
237 178
237 221
237 13
237 132
237 92
237 6
237 34
237 121
237 226
237 184
237 8
237 82
237 143
237 166
237 26
237 96
237 217
237 91
238 153
238 138
238 94
238 45
238 75
238 103
238 240
238 56
238 11
238 209
238 4
238 198
238 135
238 204
238 234
238 107
238 93
238 21
238 246
238 214
239 127
239 240
239 192
239 200
239 190
239 12
239 145
239 199
239 164
239 30
239 175
239 61
239 157
239 152
239 4
239 66
239 163
239 232
239 87
239 204
240 228
240 126
240 163
240 117
240 18
240 204
240 87
240 180
240 70
240 134
240 246
240 218
240 127
240 192
240 133
240 230
240 1
240 37
240 216
240 190
241 37
241 126
241 31
241 169
241 199
241 180
241 228
241 12
241 30
241 175
241 186
241 25
241 140
241 46
241 108
241 66
241 146
241 61
241 1
241 131
242 56
242 243
242 109
242 153
242 41
242 88
242 73
242 171
242 152
242 202
242 38
242 164
242 67
242 246
242 10
242 175
242 146
242 234
242 209
242 22
243 204
243 171
243 175
243 117
243 228
243 62
243 75
243 109
243 199
243 56
243 157
243 22
243 72
243 230
243 211
243 131
243 1
243 18
243 106
243 66
244 59
244 131
244 19
244 71
244 142
244 119
244 158
244 145
244 69
244 180
244 228
244 190
244 9
244 85
244 101
244 137
244 216
244 139
244 40
244 134
245 47
245 189
245 122
245 115
245 176
245 201
245 159
245 235
245 226
245 104
245 223
245 35
245 26
245 161
245 95
245 58
245 143
245 32
245 206
245 129
246 192
246 124
246 109
246 140
246 204
246 180
246 216
246 37
246 145
246 85
246 175
246 186
246 244
246 59
246 73
246 18
246 30
246 1
246 190
246 171
247 41
247 93
247 51
247 72
247 11
247 56
247 243
247 77
247 202
247 246
247 211
247 197
247 194
247 209
247 234
247 107
247 33
247 138
247 89
247 167
248 94
248 238
248 67
248 182
248 243
248 72
248 197
248 177
248 167
248 232
248 162
248 11
248 56
248 147
248 198
248 125
248 240
248 51
248 188
248 77
249 224
249 10
249 167
249 120
249 188
249 141
249 194
249 233
249 102
249 238
249 118
249 64
249 125
249 229
249 138
249 17
249 247
249 185
249 11
249 187
