250 750
0 8
0 128
0 246
1 16
1 25
1 43
2 38
2 166
2 49
3 29
3 168
3 68
4 103
4 72
4 116
5 249
5 20
5 114
6 45
6 185
6 181
7 54
7 51
7 71
8 26
8 204
8 80
9 61
9 222
9 94
10 85
10 185
10 248
11 130
11 142
11 197
12 111
12 166
12 212
13 237
13 79
13 111
14 228
14 220
14 4
15 223
15 239
15 61
16 83
16 106
16 204
17 84
17 52
17 220
18 215
18 51
18 245
19 24
19 84
19 138
20 62
20 159
20 156
21 131
21 100
21 60
22 142
22 245
22 227
23 117
23 0
23 52
24 163
24 136
24 92
25 106
25 26
25 223
26 61
26 110
26 145
27 211
27 3
27 55
28 56
28 214
28 63
29 228
29 238
29 220
30 139
30 73
30 247
31 248
31 233
31 71
32 220
32 78
32 134
33 81
33 102
33 3
34 117
34 14
34 170
35 115
35 205
35 234
36 101
36 199
36 118
37 183
37 211
37 19
38 132
38 169
38 213
39 155
39 107
39 202
40 29
40 160
40 211
41 20
41 183
41 224
42 233
42 126
42 13
43 22
43 26
43 11
44 109
44 240
44 166
45 158
45 107
45 184
46 99
46 97
46 2
47 128
47 116
47 221
48 32
48 74
48 36
49 209
49 5
49 33
50 165
50 21
50 94
51 216
51 44
51 187
52 89
52 80
52 220
53 115
53 65
53 79
54 87
54 140
54 150
55 96
55 244
55 229
56 41
56 244
56 132
57 79
57 120
57 213
58 110
58 113
58 189
59 188
59 231
59 155
60 218
60 46
60 184
61 7
61 181
61 98
62 226
62 235
62 174
63 33
63 169
63 209
64 55
64 169
64 56
65 102
65 200
65 209
66 120
66 17
66 209
67 169
67 215
67 35
68 200
68 206
68 229
69 133
69 14
69 32
70 208
70 180
70 61
71 237
71 93
71 46
72 21
72 165
72 158
73 16
73 72
73 230
74 8
74 146
74 152
75 116
75 134
75 123
76 54
76 233
76 44
77 230
77 70
77 59
78 128
78 47
78 80
79 121
79 177
79 17
80 119
80 136
80 70
81 160
81 62
81 32
82 181
82 210
82 248
83 31
83 227
83 135
84 23
84 101
84 58
85 233
85 166
85 164
86 10
86 22
86 119
87 126
87 66
87 115
88 233
88 245
88 13
89 16
89 151
89 4
90 232
90 216
90 87
91 212
91 177
91 224
92 163
92 15
92 59
93 35
93 56
93 65
94 175
94 10
94 11
95 33
95 55
95 41
96 3
96 198
96 69
97 132
97 140
97 109
98 90
98 242
98 191
99 143
99 3
99 20
100 245
100 28
100 57
101 235
101 236
101 174
102 105
102 229
102 127
103 246
103 189
103 70
104 90
104 71
104 227
105 62
105 14
105 170
106 145
106 6
106 184
107 31
107 53
107 51
108 131
108 44
108 18
109 132
109 35
109 140
110 59
110 135
110 11
111 143
111 132
111 33
112 190
112 107
112 46
113 122
113 222
113 9
114 101
114 29
114 238
115 193
115 102
115 132
116 139
116 82
116 106
117 43
117 103
117 136
118 16
118 238
118 4
119 165
119 7
119 76
120 134
120 160
120 170
121 32
121 17
121 81
122 94
122 208
122 26
123 246
123 154
123 110
124 83
124 21
124 223
125 118
125 14
125 148
126 205
126 249
126 5
127 196
127 29
127 58
128 116
128 80
128 122
129 26
129 128
129 221
130 67
130 192
130 12
131 85
131 42
131 232
132 229
132 120
132 206
133 105
133 238
133 114
134 221
134 8
134 236
135 130
135 13
135 54
136 208
136 123
136 122
137 81
137 138
137 114
138 182
138 134
138 77
139 219
139 188
139 22
140 120
140 193
140 213
141 33
141 249
141 3
142 130
142 187
142 97
143 105
143 160
143 168
144 181
144 71
144 100
145 185
145 149
145 97
146 134
146 101
146 236
147 86
147 43
147 15
148 30
148 226
148 147
149 141
149 91
149 192
150 48
150 200
150 211
151 92
151 26
151 163
152 235
152 19
152 101
153 98
153 60
153 144
154 181
154 227
154 197
155 28
155 187
155 164
156 84
156 75
156 171
157 82
157 98
157 6
158 155
158 184
158 21
159 207
159 236
159 206
160 196
160 23
160 138
161 217
161 32
161 52
162 229
162 32
162 171
163 83
163 167
163 6
164 54
164 141
164 67
165 87
165 31
165 241
166 95
166 212
166 55
167 153
167 61
167 222
168 103
168 148
168 228
169 66
169 160
169 34
170 113
170 24
170 226
171 228
171 123
171 167
172 45
172 175
172 6
173 119
173 165
173 175
174 24
174 4
174 43
175 135
175 248
175 119
176 167
176 30
176 221
177 17
177 69
177 209
178 62
178 146
178 133
179 176
179 194
179 220
180 144
180 218
180 85
181 42
181 241
181 53
182 154
182 204
182 173
183 229
183 101
183 118
184 131
184 71
184 187
185 144
185 90
185 7
186 123
186 174
186 70
187 166
187 63
187 12
188 46
188 76
188 245
189 197
189 45
189 21
190 65
190 91
190 49
191 131
191 31
191 149
192 96
192 121
192 132
193 206
193 19
193 29
194 238
194 129
194 32
195 144
195 216
195 181
196 222
196 186
196 151
197 67
197 126
197 135
198 52
198 47
198 0
199 103
199 163
199 23
200 159
200 170
200 17
201 157
201 83
201 123
202 245
202 85
202 28
203 143
203 49
203 3
204 218
204 39
204 21
205 114
205 137
205 213
206 134
206 1
206 78
207 4
207 147
207 89
208 59
208 180
208 195
209 152
209 36
209 127
210 218
210 44
210 22
211 138
211 198
211 36
212 137
212 244
212 99
213 125
213 68
213 19
214 232
214 5
214 27
215 40
215 20
215 249
216 192
216 54
216 130
217 236
217 23
217 228
218 184
218 51
218 155
219 248
219 239
219 110
220 246
220 50
220 117
221 122
221 128
221 208
222 180
222 153
222 11
223 45
223 155
223 135
224 114
224 207
224 69
225 244
225 209
225 102
226 25
226 113
226 30
227 130
227 185
227 46
228 123
228 128
228 139
229 217
229 220
229 151
230 247
230 108
230 106
231 6
231 51
231 184
232 111
232 33
232 68
233 140
233 99
233 49
234 206
234 199
234 229
235 80
235 123
235 236
236 25
236 172
236 228
237 166
237 55
237 232
238 8
238 4
238 147
239 153
239 104
239 51
240 57
240 111
240 192
241 28
241 212
241 164
242 54
242 28
242 241
243 55
243 209
243 162
244 198
244 162
244 37
245 141
245 54
245 130
246 83
246 122
246 70
247 153
247 106
247 22
248 88
248 233
248 54
249 79
249 3
249 17
