500 5000
0 478
0 140
0 257
0 275
0 452
0 250
0 394
0 149
0 352
0 316
1 34
1 65
1 453
1 351
1 192
1 64
1 76
1 424
1 214
1 126
2 1
2 318
2 273
2 158
2 217
2 11
2 341
2 289
2 81
2 482
3 473
3 316
3 129
3 478
3 410
3 357
3 275
3 303
3 246
3 293
4 237
4 366
4 489
4 217
4 440
4 135
4 424
4 157
4 348
4 470
5 80
5 95
5 318
5 381
5 477
5 31
5 259
5 463
5 229
5 276
6 478
6 434
6 32
6 293
6 211
6 20
6 138
6 336
6 140
6 379
7 347
7 121
7 172
7 468
7 302
7 81
7 126
7 424
7 38
7 230
8 29
8 347
8 241
8 38
8 80
8 414
8 142
8 256
8 411
8 289
9 372
9 328
9 472
9 399
9 356
9 436
9 124
9 458
9 385
9 393
10 15
10 265
10 3
10 192
10 96
10 290
10 377
10 418
10 327
10 432
11 273
11 252
11 146
11 495
11 265
11 10
11 172
11 363
11 217
11 440
12 218
12 120
12 8
12 270
12 226
12 471
12 31
12 396
12 441
12 69
13 62
13 130
13 197
13 367
13 190
13 77
13 294
13 180
13 12
13 383
14 197
14 178
14 389
14 383
14 148
14 130
14 474
14 493
14 292
14 291
15 413
15 245
15 236
15 290
15 70
15 94
15 250
15 360
15 307
15 3
16 103
16 97
16 344
16 139
16 361
16 249
16 148
16 195
16 143
16 287
17 210
17 395
17 478
17 410
17 438
17 155
17 250
17 400
17 357
17 92
18 324
18 488
18 113
18 439
18 110
18 318
18 184
18 402
18 60
18 340
19 376
19 387
19 292
19 130
19 12
19 274
19 178
19 179
19 247
19 485
20 299
20 129
20 164
20 458
20 421
20 182
20 220
20 212
20 37
20 123
21 52
21 161
21 109
21 315
21 423
21 163
21 199
21 419
21 344
21 79
22 340
22 180
22 322
22 286
22 276
22 390
22 441
22 294
22 205
22 447
23 138
23 140
23 15
23 64
23 0
23 157
23 316
23 351
23 70
23 377
24 486
24 354
24 398
24 197
24 449
24 248
24 52
24 19
24 345
24 143
25 443
25 200
25 184
25 340
25 442
25 110
25 43
25 57
25 122
25 467
26 202
26 479
26 135
26 225
26 23
26 351
26 217
26 214
26 59
26 277
27 72
27 128
27 206
27 175
27 248
27 335
27 481
27 191
27 415
27 392
28 486
28 423
28 308
28 72
28 16
28 143
28 315
28 415
28 450
28 325
29 4
29 495
29 158
29 119
29 424
29 289
29 252
29 363
29 146
29 172
30 337
30 160
30 411
30 134
30 36
30 114
30 262
30 26
30 342
30 454
31 342
31 343
31 402
31 165
31 414
31 80
31 240
31 7
31 350
31 332
32 129
32 452
32 257
32 417
32 464
32 123
32 173
32 407
32 473
32 307
33 368
33 208
33 361
33 227
33 481
33 52
33 308
33 24
33 281
33 354
34 370
34 246
34 245
34 339
34 432
34 307
34 210
34 64
34 90
34 358
35 409
35 438
35 170
35 436
35 251
35 83
35 430
35 331
35 497
35 164
36 482
36 348
36 114
36 29
36 219
36 38
36 414
36 264
36 366
36 273
37 261
37 458
37 177
37 170
37 204
37 421
37 212
37 238
37 75
37 53
38 64
38 487
38 377
38 403
38 244
38 168
38 126
38 411
38 283
38 76
39 479
39 225
39 237
39 351
39 373
39 377
39 90
39 487
39 116
39 76
40 402
40 153
40 397
40 107
40 36
40 346
40 51
40 150
40 241
40 95
41 14
41 248
41 77
41 493
41 118
41 335
41 13
41 320
41 171
41 247
42 111
42 334
42 291
42 25
42 442
42 284
42 389
42 383
42 369
42 466
43 402
43 477
43 241
43 95
43 67
43 2
43 310
43 482
43 36
43 340
44 371
44 317
44 393
44 492
44 251
44 228
44 266
44 53
44 356
44 300
45 88
45 169
45 222
45 338
45 78
45 281
45 68
45 331
45 428
45 382
46 467
46 447
46 259
46 326
46 397
46 18
46 260
46 69
46 57
46 322
47 129
47 155
47 194
47 303
47 293
47 417
47 236
47 257
47 400
47 360
48 232
48 25
48 54
48 334
48 471
48 18
48 286
48 113
48 439
48 62
49 148
49 249
49 72
49 308
49 278
49 486
49 132
49 353
49 423
49 354
50 340
50 229
50 142
50 31
50 499
50 241
50 262
50 82
50 332
50 256
51 7
51 81
51 401
51 142
51 381
51 262
51 440
51 318
51 98
51 74
52 449
52 161
52 493
52 42
52 425
52 247
52 354
52 335
52 118
52 87
53 199
53 227
53 298
53 368
53 391
53 49
53 193
53 169
53 353
53 497
54 31
54 397
54 388
54 57
54 396
54 120
54 276
54 343
54 51
54 153
55 117
55 276
55 200
55 346
55 467
55 471
55 439
55 62
55 311
55 480
56 492
56 356
56 300
56 215
56 234
56 127
56 305
56 166
56 497
56 185
57 36
57 229
57 29
57 43
57 89
57 499
57 30
57 350
57 50
57 196
58 340
58 443
58 226
58 467
58 62
58 369
58 346
58 441
58 427
58 276
59 339
59 237
59 34
59 408
59 6
59 242
59 70
59 225
59 3
59 283
60 341
60 158
60 381
60 363
60 396
60 401
60 30
60 402
60 100
60 146
61 449
61 235
61 87
61 118
61 485
61 109
61 474
61 85
61 224
61 412
62 260
62 326
62 25
62 340
62 416
62 40
62 324
62 447
62 196
62 176
63 472
63 75
63 243
63 228
63 251
63 56
63 385
63 313
63 68
63 333
64 316
64 147
64 17
64 426
64 358
64 6
64 379
64 459
64 211
64 498
65 201
65 96
65 432
65 498
65 468
65 17
65 339
65 489
65 71
65 370
66 359
66 236
66 225
66 90
66 94
66 408
66 339
66 192
66 201
66 15
67 119
67 146
67 323
67 262
67 93
67 366
67 388
67 100
67 264
67 65
68 102
68 27
68 392
68 174
68 331
68 386
68 163
68 243
68 49
68 137
69 82
69 404
69 67
69 381
69 414
69 342
69 31
69 346
69 477
69 240
70 473
70 246
70 17
70 295
70 6
70 434
70 242
70 90
70 413
70 151
71 250
71 473
71 210
71 377
71 265
71 225
71 237
71 34
71 327
71 336
72 171
72 132
72 87
72 292
72 354
72 287
72 143
72 387
72 221
72 19
73 231
73 124
73 127
73 45
73 399
73 421
73 170
73 9
73 144
73 56
74 39
74 67
74 401
74 244
74 230
74 495
74 1
74 100
74 323
74 89
75 364
75 455
75 28
75 298
75 461
75 300
75 280
75 497
75 428
75 353
76 194
76 32
76 253
76 17
76 405
76 359
76 400
76 410
76 151
76 186
77 128
77 180
77 143
77 19
77 111
77 104
77 466
77 139
77 22
77 493
78 428
78 356
78 52
78 233
78 124
78 497
78 163
78 227
78 28
78 88
79 284
79 474
79 493
79 420
79 171
79 55
79 248
79 85
79 139
79 274
80 95
80 440
80 499
80 414
80 98
80 457
80 289
80 131
80 229
80 264
81 465
81 219
81 133
81 121
81 23
81 489
81 71
81 327
81 403
81 351
82 217
82 142
82 4
82 477
82 475
82 366
82 424
82 256
82 262
82 135
83 391
83 445
83 125
83 385
83 231
83 164
83 365
83 372
83 187
83 472
84 385
84 375
84 285
84 125
84 461
84 399
84 438
84 472
84 145
84 124
85 294
85 25
85 218
85 304
85 471
85 156
85 320
85 311
85 286
85 420
86 262
86 160
86 134
86 7
86 454
86 347
86 484
86 114
86 341
86 31
87 224
87 304
87 493
87 190
87 77
87 111
87 148
87 128
87 97
87 180
88 460
88 24
88 433
88 353
88 132
88 344
88 368
88 398
88 193
88 415
89 244
89 429
89 65
89 39
89 495
89 158
89 384
89 406
89 119
89 121
90 194
90 138
90 213
90 245
90 257
90 181
90 101
90 413
90 105
90 405
91 428
91 124
91 88
91 45
91 170
91 300
91 144
91 458
91 166
91 182
92 496
92 68
92 75
92 44
92 222
92 313
92 84
92 170
92 35
92 144
93 186
93 426
93 201
93 408
93 90
93 432
93 468
93 168
93 70
93 339
94 105
94 246
94 417
94 257
94 330
94 360
94 473
94 129
94 210
94 303
95 350
95 146
95 11
95 119
95 484
95 282
95 67
95 332
95 424
95 457
96 0
96 351
96 413
96 186
96 211
96 469
96 327
96 147
96 358
96 362
97 268
97 387
97 218
97 291
97 369
97 171
97 284
97 209
97 46
97 223
98 363
98 273
98 482
98 414
98 341
98 411
98 256
98 347
98 484
98 36
99 354
99 61
99 490
99 361
99 52
99 398
99 380
99 449
99 49
99 314
100 71
100 495
100 10
100 59
100 487
100 23
100 66
100 126
100 429
100 93
101 9
101 371
101 464
101 313
101 91
101 328
101 177
101 333
101 496
101 220
102 490
102 128
102 52
102 254
102 221
102 148
102 249
102 199
102 344
102 449
103 443
103 493
103 376
103 58
103 239
103 197
103 203
103 325
103 420
103 483
104 292
104 322
104 334
104 383
104 190
104 374
104 203
104 224
104 494
104 311
105 73
105 360
105 469
105 198
105 177
105 293
105 32
105 37
105 245
105 183
106 342
106 381
106 463
106 260
106 95
106 150
106 80
106 120
106 113
106 350
107 51
107 39
107 165
107 406
107 82
107 296
107 318
107 363
107 282
107 114
108 72
108 28
108 215
108 419
108 486
108 353
108 354
108 254
108 21
108 425
109 223
109 79
109 420
109 493
109 97
109 118
109 483
109 148
109 19
109 55
110 272
110 404
110 427
110 340
110 86
110 337
110 397
110 154
110 136
110 142
111 180
111 176
111 349
111 179
111 286
111 367
111 412
111 447
111 383
111 159
112 27
112 132
112 433
112 271
112 280
112 102
112 455
112 460
112 278
112 33
113 51
113 31
113 150
113 160
113 318
113 269
113 95
113 50
113 30
113 467
114 282
114 470
114 347
114 7
114 100
114 126
114 59
114 121
114 131
114 146
115 367
115 297
115 118
115 476
115 77
115 448
115 224
115 143
115 85
115 376
116 290
116 250
116 3
116 405
116 426
116 358
116 6
116 64
116 17
116 253
117 86
117 381
117 107
117 318
117 324
117 120
117 309
117 269
117 196
117 427
118 474
118 297
118 180
118 383
118 389
118 159
118 178
118 367
118 224
118 292
119 265
119 15
119 186
119 237
119 258
119 429
119 70
119 373
119 468
119 358
120 51
120 401
120 60
120 98
120 499
120 241
120 80
120 342
120 341
120 29
121 15
121 71
121 10
121 225
121 359
121 23
121 373
121 93
121 362
121 34
122 264
122 67
122 98
122 296
122 289
122 477
122 488
122 241
122 363
122 282
123 164
123 431
123 261
123 145
123 83
123 91
123 251
123 238
123 141
123 75
124 298
124 137
124 191
124 99
124 271
124 364
124 207
124 361
124 266
124 419
125 208
125 28
125 301
125 481
125 278
125 266
125 175
125 280
125 132
125 152
126 265
126 358
126 90
126 413
126 47
126 64
126 214
126 373
126 94
126 359
127 385
127 315
127 124
127 28
127 321
127 308
127 421
127 21
127 445
127 391
128 349
128 239
128 320
128 291
128 178
128 412
128 466
128 274
128 139
128 297
129 238
129 329
129 44
129 385
129 492
129 123
129 365
129 430
129 338
129 78
130 18
130 209
130 176
130 268
130 369
130 40
130 367
130 291
130 22
130 58
131 440
131 265
131 408
131 495
131 277
131 366
131 237
131 121
131 468
131 217
132 87
132 320
132 476
132 148
132 335
132 79
132 14
132 143
132 448
132 109
133 64
133 147
133 105
133 316
133 246
133 426
133 151
133 410
133 94
133 90
134 121
134 158
134 264
134 475
134 454
134 273
134 499
134 38
134 65
134 1
135 468
135 302
135 133
135 277
135 202
135 453
135 252
135 403
135 470
135 377
136 2
136 482
136 318
136 122
136 340
136 414
136 82
136 165
136 260
136 11
137 102
137 308
137 345
137 191
137 13
137 208
137 24
137 206
137 14
137 27
138 73
138 92
138 257
138 35
138 355
138 456
138 20
138 357
138 295
138 379
139 320
139 156
139 179
139 178
139 58
139 25
139 466
139 312
139 205
139 223
140 400
140 452
140 307
140 299
140 405
140 395
140 198
140 303
140 275
140 257
141 433
141 254
141 72
141 152
141 174
141 398
141 227
141 88
141 444
141 490
142 414
142 135
142 1
142 146
142 89
142 273
142 429
142 74
142 4
142 477
143 412
143 190
143 448
143 42
143 179
143 22
143 167
143 156
143 483
143 284
144 68
144 88
144 285
144 169
144 204
144 458
144 461
144 281
144 185
144 385
145 300
145 169
145 444
145 421
145 329
145 125
145 163
145 266
145 187
145 137
146 131
146 406
146 432
146 252
146 66
146 429
146 15
146 230
146 457
146 65
147 0
147 20
147 413
147 138
147 336
147 92
147 275
147 210
147 473
147 469
148 58
148 48
148 156
148 130
148 223
148 55
148 389
148 383
148 159
148 325
149 210
149 379
149 151
149 211
149 478
149 303
149 446
149 17
149 105
149 417
150 122
150 318
150 89
150 259
150 196
150 82
150 95
150 142
150 136
150 482
151 101
151 105
151 316
151 20
151 459
151 275
151 94
151 242
151 140
151 360
152 99
152 451
152 278
152 161
152 455
152 61
152 298
152 425
152 185
152 380
153 67
153 256
153 482
153 4
153 98
153 7
153 100
153 89
153 337
153 343
154 402
154 388
154 241
154 309
154 240
154 86
154 98
154 134
154 153
154 5
155 422
155 9
155 204
155 228
155 472
155 409
155 464
155 234
155 56
155 75
156 190
156 46
156 441
156 274
156 235
156 200
156 369
156 106
156 412
156 286
157 498
157 394
157 330
157 32
157 336
157 94
157 173
157 214
157 370
157 400
158 302
158 217
158 192
158 157
158 470
158 265
158 403
158 34
158 347
158 23
159 110
159 22
159 312
159 179
159 304
159 25
159 113
159 412
159 12
159 54
160 146
160 272
160 491
160 98
160 475
160 406
160 341
160 29
160 454
160 404
161 130
161 72
161 13
161 189
161 345
161 312
161 449
161 171
161 291
161 167
162 13
162 314
162 325
162 335
162 143
162 161
162 175
162 380
162 14
162 72
163 392
163 189
163 174
163 24
163 195
163 52
163 249
163 148
163 162
163 435
164 227
164 234
164 285
164 222
164 125
164 163
164 445
164 28
164 99
164 166
165 229
165 74
165 323
165 67
165 264
165 142
165 59
165 477
165 121
165 482
166 444
166 415
166 450
166 380
166 419
166 249
166 344
166 61
166 24
166 102
167 349
167 320
167 476
167 159
167 383
167 485
167 291
167 442
167 274
167 176
168 116
168 426
168 214
168 358
168 330
168 478
168 453
168 405
168 469
168 400
169 364
169 227
169 185
169 152
169 368
169 27
169 372
169 199
169 163
169 166
170 53
170 472
170 497
170 33
170 233
170 164
170 243
170 234
170 393
170 365
171 466
171 218
171 25
171 412
171 322
171 383
171 320
171 48
171 443
171 349
172 323
172 327
172 71
172 252
172 34
172 465
172 377
172 495
172 4
172 479
173 333
173 245
173 319
173 405
173 9
173 330
173 355
173 181
173 422
173 478
174 87
174 486
174 206
174 490
174 364
174 449
174 175
174 221
174 19
174 335
175 139
175 167
175 249
175 325
175 448
175 109
175 13
175 42
175 420
175 195
176 184
176 60
176 209
176 150
176 255
176 427
176 8
176 154
176 205
176 260
177 317
177 382
177 365
177 285
177 9
177 328
177 68
177 261
177 385
177 375
178 326
178 443
178 57
178 55
178 190
178 117
178 286
178 367
178 5
178 224
179 480
179 467
179 120
179 269
179 5
179 340
179 326
179 463
179 200
179 18
180 322
180 439
180 200
180 12
180 447
180 346
180 374
180 324
180 40
180 390
181 164
181 378
181 198
181 464
181 313
181 56
181 20
181 45
181 204
181 303
182 391
182 204
182 428
182 187
182 112
182 141
182 53
182 108
182 371
182 430
183 422
183 127
183 261
183 78
183 9
183 144
183 431
183 222
183 234
183 393
184 107
184 30
184 241
184 477
184 240
184 165
184 31
184 67
184 114
184 346
185 132
185 28
185 221
185 115
185 364
185 195
185 287
185 419
185 392
185 345
186 246
186 360
186 446
186 352
186 147
186 316
186 6
186 410
186 92
186 336
187 315
187 49
187 231
187 281
187 271
187 208
187 386
187 331
187 461
187 102
188 218
188 304
188 97
188 294
188 22
188 476
188 369
188 420
188 286
188 448
189 180
189 48
189 188
189 130
189 178
189 466
189 412
189 197
189 58
189 349
190 494
190 60
190 334
190 113
190 62
190 50
190 110
190 205
190 46
190 441
191 189
191 77
191 72
191 287
191 162
191 462
191 79
191 42
191 118
191 345
192 34
192 17
192 265
192 168
192 70
192 0
192 116
192 210
192 105
192 15
193 132
193 455
193 344
193 216
193 425
193 99
193 287
193 271
193 423
193 208
194 9
194 407
194 73
194 299
194 177
194 295
194 279
194 355
194 478
194 422
195 284
195 167
195 485
195 292
195 389
195 449
195 179
195 178
195 376
195 304
196 381
196 142
196 484
196 402
196 491
196 114
196 414
196 411
196 89
196 282
197 274
197 390
197 139
197 171
197 40
197 389
197 159
197 218
197 156
197 494
198 127
198 371
198 251
198 75
198 305
198 331
198 144
198 458
198 234
198 385
199 490
199 13
199 435
199 425
199 325
199 345
199 278
199 109
199 41
199 197
200 8
200 36
200 82
200 30
200 50
200 396
200 74
200 98
200 381
200 397
201 173
201 242
201 257
201 101
201 473
201 360
201 149
201 92
201 267
201 138
202 3
202 15
202 377
202 236
202 426
202 34
202 244
202 147
202 133
202 246
203 120
203 184
203 18
203 294
203 447
203 110
203 397
203 334
203 60
203 310
204 231
204 174
204 455
204 458
204 28
204 127
204 391
204 428
204 281
204 141
205 463
205 326
205 69
205 31
205 136
205 30
205 324
205 110
205 107
205 120
206 376
206 167
206 223
206 284
206 178
206 383
206 466
206 297
206 320
206 13
207 162
207 77
207 344
207 368
207 128
207 254
207 52
207 314
207 13
207 354
208 278
208 79
208 398
208 188
208 335
208 249
208 247
208 103
208 24
208 415
209 340
209 106
209 200
209 184
209 337
209 136
209 260
209 276
209 36
209 463
210 181
210 261
210 375
210 407
210 194
210 431
210 267
210 44
210 173
210 478
211 173
211 212
211 378
211 198
211 288
211 446
211 333
211 370
211 316
211 105
212 288
212 251
212 170
212 371
212 169
212 409
212 430
212 338
212 329
212 45
213 473
213 410
213 407
213 257
213 261
213 295
213 319
213 267
213 456
213 173
214 250
214 213
214 138
214 253
214 307
214 3
214 242
214 478
214 410
214 151
215 109
215 460
215 49
215 314
215 24
215 298
215 287
215 87
215 486
215 27
216 197
216 97
216 493
216 248
216 115
216 19
216 223
216 130
216 61
216 188
217 283
217 470
217 348
217 403
217 265
217 362
217 302
217 358
217 498
217 135
218 31
218 205
218 150
218 390
218 276
218 255
218 272
218 57
218 269
218 309
219 202
219 121
219 211
219 470
219 147
219 47
219 116
219 465
219 453
219 265
220 409
220 300
220 461
220 391
220 321
220 68
220 78
220 9
220 365
220 422
221 118
221 87
221 14
221 247
221 435
221 462
221 159
221 19
221 115
221 22
222 321
222 124
222 141
222 28
222 356
222 372
222 231
222 49
222 174
222 385
223 311
223 12
223 383
223 205
223 390
223 203
223 209
223 48
223 117
223 270
224 439
224 259
224 150
224 110
224 190
224 43
224 480
224 179
224 334
224 58
225 352
225 489
225 498
225 90
225 410
225 140
225 116
225 214
225 94
225 362
226 114
226 402
226 107
226 296
226 196
226 153
226 343
226 260
226 346
226 482
227 208
227 248
227 490
227 24
227 189
227 163
227 345
227 195
227 221
227 72
228 108
228 174
228 386
228 372
228 102
228 356
228 368
228 33
228 271
228 281
229 192
229 202
229 71
229 100
229 126
229 348
229 10
229 65
229 273
229 7
230 237
230 147
230 373
230 253
230 453
230 15
230 202
230 408
230 358
230 236
231 174
231 437
231 298
231 28
231 266
231 486
231 280
231 249
231 162
231 112
232 276
232 200
232 270
232 441
232 260
232 8
232 310
232 60
232 110
232 117
233 368
233 88
233 460
233 298
233 361
233 271
233 102
233 52
233 364
233 391
234 421
234 301
234 169
234 458
234 233
234 338
234 185
234 298
234 207
234 187
235 180
235 62
235 55
235 471
235 58
235 383
235 57
235 480
235 179
235 286
236 267
236 418
236 413
236 17
236 293
236 426
236 250
236 395
236 434
236 129
237 173
237 201
237 186
237 400
237 359
237 290
237 245
237 316
237 352
237 149
238 428
238 372
238 204
238 437
238 88
238 108
238 371
238 124
238 300
238 458
239 480
239 447
239 390
239 270
239 18
239 180
239 374
239 324
239 383
239 58
240 343
240 38
240 26
240 67
240 482
240 318
240 282
240 332
240 401
240 4
241 256
241 158
241 296
241 406
241 477
241 487
241 67
241 484
241 388
241 121
242 92
242 84
242 181
242 173
242 456
242 63
242 295
242 313
242 303
242 288
243 28
243 399
243 166
243 445
243 486
243 125
243 386
243 461
243 124
243 392
244 105
244 201
244 384
244 211
244 362
244 426
244 373
244 253
244 265
244 65
245 293
245 299
245 407
245 101
245 452
245 9
245 379
245 177
245 434
245 263
246 473
246 357
246 194
246 456
246 446
246 17
246 307
246 352
246 37
246 452
247 389
247 483
247 447
247 268
247 312
247 176
247 178
247 179
247 448
247 235
248 19
248 268
248 55
248 389
248 274
248 224
248 203
248 85
248 97
248 179
249 354
249 462
249 195
249 109
249 451
249 156
249 87
249 19
249 223
249 130
250 452
250 473
250 238
250 181
250 417
250 295
250 129
250 261
250 267
250 336
251 445
251 437
251 231
251 393
251 321
251 53
251 99
251 444
251 127
251 88
252 258
252 265
252 351
252 90
252 147
252 202
252 94
252 230
252 384
252 246
253 379
253 446
253 47
253 275
253 473
253 173
253 417
253 186
253 245
253 246
254 493
254 77
254 206
254 13
254 476
254 97
254 87
254 462
254 304
254 380
255 309
255 350
255 136
255 342
255 153
255 69
255 200
255 184
255 241
255 150
256 121
256 273
256 411
256 457
256 39
256 244
256 134
256 158
256 363
256 484
257 410
257 333
257 295
257 379
257 20
257 400
257 452
257 313
257 446
257 464
258 15
258 138
258 468
258 432
258 34
258 362
258 6
258 210
258 225
258 116
259 346
259 30
259 196
259 488
259 324
259 240
259 397
259 463
259 142
259 136
260 363
260 240
260 146
260 172
260 381
260 30
260 454
260 296
260 82
260 158
261 371
261 228
261 391
261 385
261 204
261 492
261 182
261 497
261 187
261 382
262 470
262 495
262 158
262 26
262 264
262 93
262 429
262 59
262 15
262 384
263 78
263 300
263 280
263 144
263 125
263 238
263 428
263 382
263 472
263 182
264 401
264 366
264 225
264 202
264 479
264 408
264 81
264 440
264 135
264 121
265 277
265 23
265 290
265 370
265 133
265 351
265 253
265 47
265 32
265 138
266 419
266 175
266 27
266 460
266 152
266 415
266 191
266 486
266 361
266 315
267 375
267 198
267 352
267 446
267 144
267 275
267 63
267 357
267 45
267 20
268 239
268 25
268 235
268 22
268 176
268 383
268 322
268 270
268 483
268 284
269 229
269 396
269 36
269 272
269 340
269 414
269 241
269 11
269 114
269 309
270 50
270 200
270 240
270 31
270 165
270 427
270 276
270 67
270 57
270 480
271 103
271 77
271 249
271 216
271 41
271 128
271 353
271 61
271 24
271 72
272 332
272 4
272 131
272 51
272 282
272 414
272 499
272 82
272 273
272 350
273 93
273 498
273 487
273 377
273 10
273 489
273 408
273 302
273 366
273 237
274 190
274 203
274 286
274 40
274 62
274 25
274 5
274 284
274 311
274 48
275 181
275 198
275 409
275 371
275 129
275 496
275 279
275 155
275 144
275 306
276 120
276 8
276 388
276 60
276 262
276 153
276 404
276 397
276 51
276 343
277 201
277 138
277 94
277 253
277 307
277 459
277 473
277 358
277 105
277 3
278 130
278 195
278 111
278 13
278 167
278 254
278 221
278 156
278 335
278 380
279 88
279 187
279 144
279 458
279 233
279 124
279 421
279 399
279 437
279 53
280 207
280 193
280 281
280 386
280 174
280 72
280 152
280 199
280 308
280 353
281 41
281 28
281 423
281 386
281 298
281 215
281 191
281 21
281 102
281 221
282 230
282 384
282 377
282 81
282 302
282 479
282 225
282 26
282 432
282 121
283 64
283 71
283 213
283 140
283 358
283 362
283 34
283 76
283 394
283 418
284 203
284 441
284 43
284 334
284 54
284 209
284 62
284 439
284 442
284 200
285 21
285 393
285 231
285 227
285 481
285 124
285 141
285 461
285 112
285 356
286 326
286 106
286 310
286 340
286 416
286 86
286 184
286 110
286 374
286 232
287 197
287 115
287 493
287 148
287 335
287 130
287 178
287 291
287 248
287 235
288 124
288 300
288 317
288 251
288 375
288 497
288 233
288 75
288 365
288 9
289 219
289 65
289 495
289 158
289 424
289 265
289 465
289 484
289 202
289 71
290 212
290 213
290 306
290 307
290 17
290 352
290 336
290 267
290 101
290 405
291 349
291 58
291 387
291 268
291 369
291 320
291 485
291 286
291 304
291 176
292 387
292 48
292 412
292 286
292 22
292 312
292 176
292 232
292 178
292 171
293 375
293 155
293 303
293 182
293 417
293 352
293 37
293 407
293 295
293 422
294 447
294 43
294 117
294 184
294 46
294 218
294 340
294 269
294 286
294 488
295 212
295 9
295 382
295 92
295 329
295 145
295 83
295 101
295 328
295 395
296 411
296 93
296 11
296 465
296 265
296 26
296 341
296 65
296 39
296 499
297 232
297 190
297 284
297 62
297 466
297 292
297 97
297 239
297 447
297 294
298 486
298 128
298 161
298 423
298 13
298 368
298 344
298 345
298 314
298 315
299 371
299 144
299 300
299 436
299 313
299 127
299 378
299 407
299 261
299 220
300 399
300 271
300 372
300 461
300 24
300 215
300 353
300 433
300 243
300 364
301 24
301 423
301 199
301 433
301 353
301 162
301 380
301 185
301 161
301 28
302 498
302 357
302 360
302 336
302 478
302 70
302 32
302 237
302 405
302 105
303 431
303 170
303 222
303 37
303 56
303 385
303 422
303 306
303 145
303 83
304 25
304 110
304 270
304 294
304 62
304 442
304 150
304 48
304 209
304 412
305 251
305 112
305 356
305 461
305 317
305 193
305 338
305 321
305 125
305 163
306 187
306 228
306 431
306 279
306 204
306 56
306 44
306 409
306 331
306 356
307 170
307 395
307 333
307 275
307 303
307 379
307 360
307 456
307 478
307 452
308 419
308 167
308 248
308 297
308 345
308 191
308 249
308 14
308 361
308 161
309 146
309 477
309 296
309 366
309 484
309 7
309 135
309 11
309 100
309 318
310 51
310 8
310 120
310 136
310 342
310 122
310 406
310 196
310 98
310 74
311 57
311 8
311 270
311 226
311 326
311 463
311 342
311 255
311 240
311 337
312 200
312 320
312 58
312 179
312 178
312 311
312 367
312 113
312 203
312 69
313 123
313 45
313 83
313 145
313 222
313 385
313 204
313 91
313 68
313 78
314 412
314 87
314 111
314 159
314 239
314 268
314 104
314 354
314 304
314 223
315 398
315 77
315 52
315 425
315 435
315 14
315 287
315 132
315 19
315 16
316 220
316 464
316 92
316 360
316 330
316 355
316 37
316 405
316 73
316 319
317 208
317 386
317 490
317 266
317 166
317 141
317 281
317 399
317 455
317 102
318 142
318 26
318 343
318 323
318 241
318 230
318 289
318 39
318 429
318 454
319 306
319 303
319 212
319 181
319 183
319 375
319 198
319 328
319 37
319 430
320 274
320 390
320 374
320 179
320 369
320 150
320 239
320 200
320 18
320 235
321 227
321 393
321 460
321 386
321 415
321 392
321 308
321 199
321 353
321 102
322 390
322 136
322 270
322 184
322 310
322 5
322 480
322 160
322 50
322 95
323 362
323 66
323 202
323 277
323 65
323 359
323 135
323 70
323 495
323 76
324 74
324 414
324 397
324 318
324 337
324 86
324 229
324 346
324 276
324 296
325 239
325 62
325 42
325 97
325 493
325 448
325 297
325 312
325 412
325 286
326 86
326 337
326 427
326 439
326 346
326 142
326 488
326 30
326 310
326 381
327 489
327 426
327 293
327 360
327 469
327 359
327 105
327 245
327 246
327 418
328 280
328 127
328 78
328 393
328 385
328 428
328 285
328 204
328 125
328 492
329 49
329 298
329 21
329 356
329 215
329 163
329 204
329 393
329 234
329 385
330 170
330 288
330 56
330 299
330 407
330 123
330 382
330 129
330 409
330 44
331 461
331 437
331 141
331 78
331 280
331 152
331 169
331 460
331 28
331 444
332 499
332 296
332 39
332 134
332 454
332 404
332 262
332 219
332 282
332 146
333 375
333 313
333 497
333 220
333 263
333 430
333 288
333 170
333 458
333 169
334 69
334 310
334 397
334 110
334 447
334 82
334 57
334 86
334 18
334 255
335 291
335 167
335 13
335 111
335 178
335 448
335 349
335 376
335 274
335 312
336 123
336 405
336 303
336 422
336 328
336 469
336 263
336 177
336 375
336 182
337 366
337 414
337 241
337 332
337 95
337 256
337 81
337 282
337 475
337 82
338 391
338 233
338 21
338 308
338 163
338 88
338 166
338 331
338 386
338 208
339 336
339 245
339 407
339 257
339 330
339 426
339 295
339 360
339 17
339 149
340 406
340 146
340 401
340 396
340 402
340 158
340 8
340 488
340 467
340 404
341 283
341 158
341 4
341 323
341 219
341 126
341 217
341 121
341 468
341 135
342 323
342 240
342 341
342 264
342 482
342 262
342 67
342 406
342 484
342 388
343 401
343 38
343 440
343 414
343 67
343 114
343 252
343 366
343 484
343 146
344 425
344 13
344 304
344 325
344 178
344 195
344 412
344 345
344 118
344 97
345 367
345 180
345 104
345 376
345 462
345 239
345 197
345 13
345 485
345 139
346 388
346 95
346 296
346 381
346 67
346 74
346 146
346 51
346 341
346 142
347 126
347 411
347 432
347 172
347 440
347 23
347 4
347 348
347 81
347 258
348 116
348 384
348 358
348 302
348 214
348 258
348 468
348 253
348 71
348 3
349 224
349 274
349 383
349 322
349 270
349 387
349 55
349 179
349 25
349 304
350 404
350 264
350 348
350 491
350 146
350 29
350 66
350 39
350 4
350 495
351 358
351 168
351 138
351 213
351 105
351 211
351 469
351 417
351 186
351 157
352 422
352 371
352 20
352 379
352 288
352 492
352 472
352 355
352 305
352 333
353 128
353 278
353 345
353 72
353 162
353 148
353 13
353 287
353 315
353 14
354 139
354 206
354 179
354 387
354 268
354 291
354 292
354 48
354 367
354 462
355 306
355 378
355 430
355 338
355 464
355 409
355 183
355 431
355 313
355 56
356 137
356 372
356 393
356 481
356 301
356 437
356 460
356 88
356 317
356 163
357 305
357 472
357 313
357 328
357 446
357 84
357 261
357 63
357 355
357 438
358 0
358 149
358 295
358 370
358 417
358 211
358 151
358 400
358 357
358 426
359 316
359 360
359 319
359 413
359 357
359 307
359 17
359 452
359 246
359 213
360 431
360 212
360 35
360 438
360 405
360 198
360 101
360 288
360 63
360 45
361 435
361 111
361 449
361 72
361 61
361 425
361 248
361 291
361 41
361 249
362 394
362 319
362 181
362 417
362 211
362 129
362 316
362 456
362 173
362 194
363 323
363 71
363 262
363 384
363 403
363 487
363 465
363 131
363 283
363 366
364 162
364 199
364 493
364 450
364 287
364 115
364 16
364 111
364 195
364 248
365 308
365 174
365 99
365 266
365 78
365 227
365 301
365 127
365 233
365 433
366 440
366 70
366 327
366 23
366 470
366 348
366 157
366 479
366 358
366 323
367 18
367 311
367 259
367 494
367 441
367 69
367 110
367 276
367 390
367 471
368 61
368 109
368 97
368 41
368 462
368 325
368 199
368 278
368 335
368 249
369 117
369 106
369 153
369 337
369 311
369 30
369 270
369 441
369 260
369 154
370 379
370 275
370 129
370 355
370 173
370 422
370 155
370 181
370 198
370 469
371 231
371 125
371 152
371 391
371 497
371 399
371 338
371 444
371 372
371 137
372 161
372 249
372 207
372 215
372 141
372 271
372 281
372 380
372 280
372 481
373 90
373 418
373 151
373 302
373 253
373 194
373 133
373 210
373 96
373 6
374 46
374 150
374 416
374 43
374 107
374 18
374 205
374 442
374 106
374 218
375 124
375 428
375 144
375 88
375 145
375 231
375 169
375 409
375 421
375 385
376 284
376 346
376 179
376 367
376 286
376 374
376 190
376 447
376 150
376 383
377 237
377 336
377 186
377 210
377 6
377 473
377 330
377 394
377 250
377 400
378 306
378 212
378 496
378 56
378 63
378 164
378 464
378 222
378 37
378 84
379 123
379 333
379 263
379 37
379 68
379 355
379 438
379 299
379 375
379 306
380 449
380 189
380 118
380 249
380 287
380 476
380 247
380 115
380 19
380 268
381 499
381 289
381 39
381 158
381 229
381 348
381 404
381 347
381 296
381 202
382 445
382 166
382 169
382 371
382 75
382 305
382 112
382 436
382 78
382 124
383 322
383 113
383 117
383 340
383 390
383 122
383 232
383 136
383 294
383 200
384 236
384 237
384 34
384 138
384 327
384 339
384 17
384 418
384 453
384 3
385 356
385 125
385 174
385 243
385 461
385 207
385 281
385 99
385 392
385 280
386 87
386 425
386 21
386 191
386 278
386 345
386 423
386 364
386 368
386 344
387 389
387 304
387 176
387 322
387 180
387 442
387 203
387 224
387 154
387 294
388 192
388 10
388 229
388 465
388 429
388 7
388 11
388 475
388 296
388 406
389 255
389 383
389 346
389 466
389 443
389 58
389 54
389 200
389 480
389 179
390 439
390 337
390 309
390 120
390 2
390 310
390 160
390 82
390 488
390 397
391 392
391 280
391 163
391 281
391 481
391 162
391 166
391 266
391 112
391 174
392 449
392 175
392 103
392 368
392 344
392 345
392 162
392 271
392 118
392 87
393 368
393 49
393 391
393 227
393 380
393 415
393 163
393 353
393 28
393 361
394 105
394 257
394 37
394 299
394 319
394 306
394 330
394 275
394 379
394 357
395 63
395 333
395 181
395 306
395 123
395 328
395 177
395 430
395 228
395 251
396 499
396 289
396 262
396 282
396 343
396 51
396 131
396 29
396 491
396 142
397 457
397 477
397 89
397 160
397 100
397 260
397 36
397 396
397 30
397 7
398 292
398 248
398 111
398 118
398 72
398 104
398 420
398 490
398 14
398 380
399 215
399 398
399 141
399 433
399 231
399 254
399 185
399 364
399 163
399 308
400 45
400 456
400 220
400 91
400 313
400 333
400 275
400 438
400 44
400 177
401 157
401 366
401 219
401 192
401 468
401 7
401 470
401 4
401 158
401 495
402 131
402 264
402 424
402 411
402 256
402 119
402 81
402 348
402 273
402 454
403 230
403 10
403 126
403 147
403 277
403 219
403 453
403 70
403 373
403 93
404 348
404 229
404 296
404 429
404 424
404 172
404 135
404 38
404 499
404 440
405 430
405 371
405 92
405 313
405 220
405 181
405 182
405 379
405 251
405 84
406 351
406 264
406 401
406 470
406 491
406 158
406 1
406 487
406 23
406 133
407 84
407 288
407 321
407 238
407 234
407 371
407 261
407 127
407 164
407 187
408 211
408 64
408 257
408 236
408 242
408 362
408 90
408 370
408 0
408 105
409 492
409 399
409 204
409 53
409 300
409 152
409 222
409 280
409 193
409 437
410 379
410 170
410 288
410 73
410 407
410 464
410 91
410 194
410 20
410 261
411 468
411 133
411 408
411 219
411 93
411 225
411 253
411 116
411 71
411 202
412 286
412 269
412 5
412 259
412 55
412 106
412 190
412 22
412 203
412 390
413 456
413 194
413 370
413 92
413 177
413 210
413 357
413 352
413 155
413 431
414 401
414 341
414 296
414 262
414 192
414 146
414 134
414 4
414 348
414 487
415 297
415 97
415 420
415 423
415 490
415 175
415 462
415 79
415 248
415 167
416 113
416 396
416 272
416 31
416 98
416 153
416 54
416 324
416 80
416 196
417 446
417 198
417 375
417 438
417 452
417 9
417 478
417 212
417 496
417 279
418 319
418 105
418 413
418 469
418 290
418 35
418 410
418 181
418 138
418 267
419 335
419 248
419 435
419 85
419 77
419 287
419 128
419 349
419 197
419 312
420 387
420 286
420 25
420 58
420 471
420 349
420 483
420 284
420 200
420 369
421 393
421 193
421 78
421 437
421 191
421 227
421 301
421 353
421 433
421 231
422 431
422 371
422 382
422 285
422 124
422 53
422 305
422 182
422 204
422 496
423 278
423 314
423 143
423 111
423 291
423 248
423 254
423 344
423 435
423 419
424 225
424 202
424 64
424 429
424 147
424 236
424 34
424 362
424 65
424 265
425 476
425 474
425 188
425 304
425 376
425 42
425 449
425 291
425 118
425 143
426 352
426 92
426 101
426 303
426 194
426 417
426 400
426 478
426 293
426 213
427 154
427 82
427 276
427 402
427 160
427 29
427 153
427 397
427 414
427 310
428 216
428 21
428 361
428 185
428 481
428 99
428 490
428 215
428 353
428 132
429 186
429 230
429 258
429 362
429 479
429 64
429 487
429 149
429 244
429 168
430 428
430 444
430 329
430 437
430 399
430 68
430 33
430 234
430 455
430 385
431 78
431 338
431 88
431 187
431 496
431 331
431 45
431 329
431 56
431 152
432 32
432 151
432 64
432 210
432 267
432 336
432 360
432 257
432 459
432 211
433 451
433 415
433 254
433 24
433 298
433 345
433 199
433 460
433 41
433 353
434 446
434 299
434 382
434 9
434 92
434 267
434 431
434 155
434 238
434 395
435 312
435 420
435 376
435 325
435 79
435 239
435 87
435 292
435 476
435 485
436 234
436 222
436 266
436 298
436 185
436 338
436 27
436 112
436 243
436 391
437 364
437 41
437 208
437 428
437 368
437 281
437 271
437 163
437 314
437 227
438 375
438 243
438 145
438 164
438 436
438 305
438 472
438 182
438 231
438 409
439 318
439 196
439 98
439 259
439 241
439 2
439 477
439 404
439 31
439 142
440 265
440 498
440 468
440 126
440 133
440 10
440 90
440 93
440 70
440 225
441 150
441 310
441 57
441 480
441 260
441 343
441 196
441 136
441 142
441 154
442 488
442 40
442 150
442 226
442 2
442 260
442 120
442 18
442 117
442 439
443 463
443 69
443 86
443 120
443 31
443 310
443 439
443 442
443 270
443 276
444 16
444 99
444 161
444 425
444 254
444 79
444 380
444 392
444 435
444 345
445 423
445 460
445 433
445 132
445 27
445 162
445 249
445 16
445 314
445 481
446 234
446 303
446 333
446 73
446 187
446 181
446 212
446 220
446 438
446 422
447 342
447 2
447 488
447 106
447 50
447 122
447 397
447 110
447 43
447 346
448 322
448 389
448 369
448 494
448 326
448 255
448 223
448 274
448 466
448 58
449 485
449 167
449 180
449 58
449 474
449 297
449 247
449 325
449 284
449 494
450 247
450 284
450 335
450 109
450 448
450 462
450 156
450 143
450 320
450 292
451 435
451 389
451 297
451 450
451 349
451 493
451 19
451 115
451 188
451 476
452 63
452 329
452 303
452 56
452 375
452 299
452 319
452 251
452 446
452 456
453 307
453 245
453 246
453 186
453 290
453 147
453 370
453 339
453 489
453 267
454 217
454 10
454 131
454 192
454 65
454 244
454 406
454 71
454 366
454 273
455 207
455 41
455 28
455 61
455 206
455 254
455 174
455 115
455 208
455 148
456 170
456 127
456 329
456 155
456 144
456 299
456 238
456 91
456 182
456 187
457 440
457 252
457 302
457 468
457 283
457 217
457 475
457 202
457 59
457 411
458 193
458 191
458 301
458 169
458 461
458 152
458 385
458 315
458 280
458 141
459 295
459 434
459 140
459 198
459 299
459 303
459 275
459 333
459 478
459 422
460 41
460 162
460 143
460 42
460 87
460 167
460 297
460 354
460 423
460 19
461 386
461 301
461 16
461 174
461 364
461 124
461 353
461 281
461 21
461 112
462 447
462 180
462 389
462 190
462 471
462 239
462 320
462 55
462 62
462 104
463 36
463 153
463 454
463 318
463 256
463 406
463 343
463 260
463 146
463 341
464 472
464 9
464 83
464 306
464 431
464 313
464 421
464 279
464 63
464 261
465 6
465 70
465 17
465 362
465 34
465 359
465 23
465 116
465 290
465 202
466 334
466 260
466 442
466 397
466 43
466 120
466 259
466 443
466 226
466 416
467 60
467 134
467 74
467 196
467 401
467 107
467 122
467 160
467 343
467 30
468 3
468 70
468 473
468 418
468 377
468 147
468 186
468 76
468 71
468 489
469 56
469 212
469 20
469 63
469 306
469 379
469 9
469 44
469 409
469 405
470 151
470 257
470 23
470 339
470 316
470 105
470 211
470 359
470 147
470 290
471 113
471 441
471 106
471 43
471 342
471 390
471 480
471 241
471 150
471 226
472 231
472 497
472 127
472 152
472 458
472 164
472 437
472 391
472 228
472 163
473 417
473 407
473 360
473 275
473 438
473 330
473 328
473 198
473 478
473 20
474 447
474 269
474 416
474 310
474 239
474 376
474 18
474 176
474 427
474 110
475 65
475 214
475 265
475 26
475 366
475 119
475 377
475 10
475 64
475 192
476 239
476 130
476 97
476 383
476 294
476 311
476 483
476 85
476 442
476 268
477 26
477 65
477 158
477 114
477 38
477 401
477 366
477 323
477 146
477 465
478 456
478 328
478 123
478 379
478 395
478 144
478 220
478 91
478 464
478 438
479 10
479 413
479 3
479 47
479 96
479 426
479 34
479 116
479 359
479 498
480 340
480 36
480 467
480 463
480 414
480 241
480 260
480 342
480 31
480 154
481 345
481 189
481 19
481 425
481 52
481 415
481 208
481 162
481 451
481 361
482 424
482 134
482 114
482 348
482 38
482 406
482 202
482 258
482 347
482 341
483 441
483 480
483 25
483 106
483 235
483 474
483 286
483 113
483 322
483 176
484 59
484 146
484 479
484 230
484 403
484 71
484 39
484 23
484 34
484 262
485 376
485 224
485 326
485 443
485 471
485 427
485 62
485 442
485 480
485 235
486 268
486 161
486 380
486 425
486 398
486 77
486 361
486 448
486 130
486 171
487 468
487 237
487 96
487 225
487 465
487 10
487 0
487 290
487 373
487 93
488 414
488 158
488 296
488 264
488 172
488 343
488 477
488 7
488 396
488 95
489 410
489 394
489 379
489 17
489 94
489 90
489 400
489 357
489 245
489 452
490 41
490 130
490 109
490 85
490 291
490 335
490 312
490 139
490 297
490 476
491 479
491 121
491 347
491 225
491 373
491 230
491 15
491 38
491 214
491 66
492 338
492 169
492 234
492 280
492 372
492 266
492 215
492 421
492 301
492 444
493 178
493 203
493 294
493 291
493 209
493 104
493 494
493 304
493 159
493 462
494 286
494 269
494 8
494 110
494 117
494 122
494 463
494 259
494 324
494 255
495 498
495 277
495 252
495 151
495 418
495 168
495 94
495 93
495 230
495 76
496 372
496 371
496 56
496 356
496 112
496 215
496 444
496 399
496 227
496 78
497 301
497 191
497 185
497 24
497 166
497 317
497 444
497 233
497 271
497 281
498 70
498 94
498 357
498 405
498 105
498 395
498 236
498 459
498 32
498 246
499 265
499 283
499 225
499 7
499 373
499 121
499 135
499 468
499 172
499 432
