250 1250
0 106
0 113
0 9
0 244
0 171
1 189
1 95
1 199
1 92
1 130
2 61
2 85
2 165
2 146
2 199
3 100
3 13
3 236
3 178
3 243
4 20
4 168
4 172
4 124
4 221
5 132
5 48
5 176
5 219
5 53
6 137
6 18
6 241
6 97
6 213
7 11
7 55
7 111
7 63
7 217
8 202
8 159
8 115
8 204
8 141
9 22
9 215
9 114
9 237
9 34
10 62
10 194
10 206
10 82
10 131
11 114
11 44
11 188
11 23
11 215
12 174
12 223
12 81
12 233
12 72
13 49
13 197
13 35
13 97
13 173
14 136
14 184
14 66
14 204
14 186
15 216
15 102
15 247
15 211
15 151
16 36
16 182
16 24
16 56
16 128
17 177
17 246
17 186
17 218
17 140
18 230
18 1
18 37
18 87
18 102
19 162
19 112
19 71
19 87
19 213
20 230
20 134
20 121
20 102
20 64
21 55
21 85
21 150
21 201
21 113
22 177
22 207
22 34
22 118
22 202
23 118
23 174
23 209
23 3
23 89
24 21
24 183
24 238
24 67
24 75
25 209
25 168
25 3
25 12
25 149
26 137
26 124
26 144
26 173
26 170
27 30
27 41
27 36
27 201
27 189
28 110
28 7
28 56
28 135
28 234
29 152
29 107
29 172
29 121
29 91
30 128
30 194
30 201
30 132
30 10
31 193
31 125
31 185
31 78
31 93
32 169
32 179
32 74
32 154
32 50
33 109
33 141
33 31
33 79
33 17
34 149
34 115
34 98
34 225
34 4
35 192
35 91
35 102
35 16
35 46
36 183
36 75
36 194
36 150
36 142
37 40
37 121
37 64
37 164
37 92
38 77
38 238
38 28
38 84
38 146
39 71
39 233
39 4
39 87
39 127
40 165
40 212
40 163
40 43
40 201
41 228
41 55
41 68
41 7
41 201
42 229
42 105
42 95
42 201
42 41
43 28
43 111
43 154
43 200
43 75
44 237
44 4
44 114
44 193
44 89
45 178
45 124
45 3
45 57
45 4
46 24
46 226
46 16
46 41
46 56
47 118
47 235
47 227
47 54
47 221
48 181
48 8
48 79
48 153
48 108
49 38
49 144
49 232
49 130
49 35
50 44
50 140
50 8
50 218
50 188
51 222
51 192
51 38
51 183
51 61
52 138
52 27
52 229
52 95
52 51
53 217
53 14
53 208
53 160
53 68
54 98
54 156
54 221
54 101
54 29
55 245
55 244
55 204
55 99
55 131
56 62
56 17
56 171
56 208
56 90
57 226
57 173
57 2
57 37
57 38
58 202
58 14
58 215
58 218
58 22
59 205
59 11
59 58
59 196
59 90
60 126
60 162
60 127
60 174
60 235
61 163
61 200
61 90
61 123
61 10
62 8
62 181
62 176
62 74
62 48
63 202
63 141
63 184
63 44
63 22
64 30
64 67
64 84
64 199
64 73
65 46
65 92
65 183
65 51
65 197
66 237
66 186
66 190
66 177
66 136
67 43
67 135
67 28
67 82
67 205
68 245
68 204
68 215
68 155
68 48
69 106
69 33
69 122
69 186
69 169
70 113
70 175
70 224
70 55
70 90
71 225
71 233
71 101
71 13
71 100
72 2
72 170
72 57
72 162
72 236
73 7
73 150
73 24
73 43
73 163
74 60
74 235
74 44
74 54
74 185
75 110
75 171
75 176
75 166
75 153
76 14
76 122
76 111
76 48
76 217
77 59
77 43
77 238
77 195
77 41
78 126
78 39
78 174
78 209
78 240
79 139
79 60
79 114
79 214
79 177
80 82
80 195
80 163
80 128
80 183
81 120
81 65
81 124
81 57
81 20
82 248
82 75
82 217
82 110
82 244
83 173
83 24
83 144
83 40
83 130
84 41
84 183
84 182
84 194
84 161
85 238
85 150
85 205
85 249
85 28
86 112
86 29
86 233
86 93
86 213
87 178
87 57
87 97
87 107
87 42
88 172
88 216
88 20
88 87
88 241
89 158
89 172
89 81
89 133
89 124
90 135
90 69
90 219
90 63
90 176
91 198
91 232
91 226
91 96
91 73
92 157
92 38
92 148
92 161
92 238
93 57
93 37
93 120
93 168
93 35
94 71
94 45
94 18
94 168
94 213
95 85
95 228
95 36
95 38
95 163
96 80
96 36
96 212
96 40
96 84
97 96
97 51
97 241
97 64
97 198
98 60
98 243
98 100
98 12
98 149
99 155
99 248
99 184
99 176
99 196
100 96
100 102
100 37
100 223
100 133
101 49
101 144
101 133
101 1
101 178
102 21
102 51
102 95
102 61
102 230
103 92
103 61
103 84
103 27
103 230
104 208
104 224
104 8
104 242
104 155
105 182
105 90
105 132
105 234
105 69
106 181
106 207
106 155
106 139
106 79
107 65
107 222
107 46
107 226
107 144
108 186
108 215
108 190
108 22
108 149
109 54
109 3
109 191
109 88
109 94
110 119
110 9
110 181
110 122
110 153
111 166
111 33
111 44
111 171
111 188
112 26
112 168
112 101
112 227
112 233
113 68
113 176
113 111
113 171
113 175
114 25
114 39
114 19
114 98
114 129
115 98
115 15
115 168
115 127
115 25
116 54
116 94
116 239
116 193
116 233
117 158
117 93
117 133
117 126
117 223
118 209
118 174
118 60
118 126
118 81
119 191
119 47
119 118
119 19
119 114
120 134
120 107
120 172
120 57
120 103
121 211
121 187
121 146
121 157
121 42
122 14
122 204
122 34
122 237
122 74
123 244
123 176
123 132
123 75
123 33
124 172
124 40
124 96
124 57
124 187
125 78
125 185
125 34
125 71
125 127
126 87
126 162
126 170
126 178
126 152
127 18
127 174
127 12
127 193
127 213
128 104
128 43
128 56
128 182
128 248
129 223
129 37
129 156
129 221
129 133
130 206
130 123
130 56
130 10
130 161
131 246
131 184
131 171
131 155
131 169
132 196
132 8
132 171
132 166
132 154
133 95
133 102
133 144
133 103
133 2
134 2
134 247
134 27
134 138
134 152
135 113
135 132
135 17
135 153
135 69
136 149
136 129
136 12
136 209
136 221
137 96
137 92
137 178
137 222
137 173
138 222
138 61
138 232
138 183
138 43
139 118
139 19
139 115
139 147
139 60
140 202
140 235
140 214
140 25
140 147
141 112
141 74
141 246
141 139
141 184
142 150
142 135
142 205
142 175
142 58
143 172
143 124
143 173
143 97
143 49
144 212
144 27
144 222
144 199
144 249
145 69
145 217
145 205
145 111
145 104
146 228
146 90
146 145
146 206
146 199
147 118
147 159
147 3
147 25
147 78
148 77
148 128
148 201
148 41
148 123
149 72
149 133
149 87
149 213
149 170
150 59
150 104
150 135
150 205
150 58
151 231
151 42
151 61
151 64
151 198
152 189
152 130
152 95
152 211
152 24
153 136
153 78
153 109
153 34
153 155
154 22
154 9
154 217
154 242
154 11
155 237
155 159
155 190
155 136
155 207
156 83
156 151
156 87
156 6
156 97
157 229
157 46
157 228
157 24
157 67
158 230
158 103
158 51
158 151
158 1
159 19
159 213
159 112
159 3
159 191
160 204
160 109
160 246
160 25
160 39
161 56
161 0
161 32
161 132
161 104
162 107
162 65
162 121
162 51
162 83
163 182
163 5
163 10
163 77
163 0
164 192
164 197
164 16
164 189
164 67
165 228
165 99
165 43
165 135
165 195
166 246
166 86
166 22
166 237
166 140
167 137
167 100
167 243
167 4
167 60
168 72
168 57
168 97
168 223
168 236
169 74
169 237
169 44
169 79
169 147
170 203
170 231
170 216
170 51
170 103
171 169
171 218
171 122
171 184
171 47
172 57
172 247
172 83
172 92
172 52
173 231
173 187
173 51
173 148
173 21
174 72
174 29
174 20
174 15
174 156
175 155
175 62
175 14
175 169
175 66
176 153
176 181
176 208
176 184
176 17
177 209
177 3
177 235
177 174
177 168
178 37
178 95
178 83
178 96
178 172
179 31
179 109
179 47
179 207
179 181
180 51
180 96
180 35
180 152
180 148
181 54
181 147
181 149
181 31
181 191
182 219
182 234
182 110
182 48
182 206
183 145
183 194
183 32
183 165
183 228
184 19
184 190
184 79
184 214
184 140
185 54
185 45
185 213
185 112
185 240
186 190
186 34
186 54
186 114
186 44
187 42
187 46
187 130
187 148
187 64
188 19
188 112
188 127
188 190
188 115
189 85
189 10
189 148
189 249
189 5
190 94
190 117
190 167
190 88
190 71
191 129
191 81
191 243
191 124
191 143
192 80
192 70
192 199
192 56
192 195
193 120
193 143
193 15
193 57
193 178
194 69
194 50
194 0
194 176
194 179
195 176
195 69
195 99
195 248
195 32
196 109
196 63
196 108
196 242
196 155
197 228
197 67
197 30
197 36
197 28
198 27
198 229
198 210
198 192
198 197
199 238
199 128
199 220
199 123
199 7
200 58
200 218
200 9
200 153
200 33
201 142
201 53
201 182
201 0
201 228
202 93
202 19
202 98
202 25
202 3
203 105
203 157
203 41
203 61
203 197
204 78
204 125
204 186
204 109
204 188
205 176
205 110
205 17
205 62
205 196
206 176
206 220
206 75
206 111
206 0
207 225
207 25
207 240
207 118
207 237
208 11
208 78
208 31
208 119
208 63
209 143
209 151
209 15
209 124
209 178
210 192
210 123
210 105
210 146
210 85
211 80
211 43
211 229
211 41
211 249
212 161
212 128
212 182
212 183
212 219
213 143
213 216
213 152
213 134
213 241
214 115
214 221
214 98
214 225
214 19
215 140
215 147
215 114
215 89
215 139
216 42
216 52
216 152
216 134
216 13
217 188
217 166
217 169
217 44
217 184
218 215
218 181
218 245
218 147
218 177
219 62
219 9
219 154
219 245
219 166
220 219
220 32
220 53
220 11
220 55
221 124
221 178
221 6
221 102
221 15
222 21
222 142
222 61
222 28
222 24
223 187
223 87
223 151
223 137
223 133
224 68
224 111
224 139
224 153
224 69
225 129
225 227
225 97
225 233
225 158
226 28
226 206
226 70
226 82
226 105
227 172
227 170
227 26
227 49
227 158
228 205
228 110
228 99
228 248
228 69
229 163
229 56
229 41
229 212
229 10
230 24
230 27
230 38
230 192
230 210
231 161
231 42
231 138
231 195
231 210
232 21
232 182
232 59
232 0
232 192
233 81
233 227
233 97
233 100
233 223
234 58
234 176
234 48
234 154
234 33
235 225
235 168
235 13
235 107
235 227
236 2
236 157
236 16
236 42
236 1
237 4
237 60
237 86
237 117
237 239
238 62
238 104
238 175
238 201
238 7
239 29
239 221
239 227
239 3
239 89
240 100
240 60
240 6
240 221
240 127
241 152
241 52
241 102
241 247
241 211
242 188
242 79
242 115
242 74
242 215
243 178
243 223
243 83
243 20
243 100
244 169
244 110
244 204
244 248
244 188
245 114
245 47
245 39
245 240
245 25
246 31
246 215
246 71
246 119
246 114
247 211
247 40
247 92
247 249
247 21
248 122
248 224
248 110
248 141
248 140
249 194
249 36
249 205
249 75
249 41
