1000 3000
0 746
0 606
0 368
1 355
1 639
1 240
2 590
2 822
2 211
3 136
3 911
3 887
4 932
4 812
4 299
5 438
5 15
5 408
6 718
6 841
6 894
7 644
7 455
7 293
8 473
8 742
8 896
9 748
9 868
9 968
10 828
10 762
10 358
11 551
11 2
11 576
12 738
12 31
12 477
13 204
13 546
13 206
14 530
14 231
14 364
15 800
15 306
15 251
16 849
16 23
16 42
17 21
17 595
17 395
18 579
18 411
18 839
19 700
19 820
19 332
20 731
20 67
20 104
21 520
21 385
21 603
22 395
22 66
22 71
23 407
23 142
23 668
24 930
24 973
24 588
25 414
25 730
25 876
26 839
26 93
26 823
27 881
27 421
27 997
28 33
28 37
28 922
29 388
29 973
29 536
30 111
30 748
30 684
31 619
31 845
31 767
32 639
32 874
32 221
33 222
33 351
33 329
34 487
34 607
34 294
35 586
35 877
35 288
36 607
36 550
36 157
37 423
37 368
37 889
38 537
38 277
38 361
39 566
39 942
39 626
40 552
40 436
40 824
41 261
41 146
41 250
42 404
42 136
42 940
43 205
43 918
43 502
44 843
44 920
44 419
45 697
45 134
45 395
46 749
46 772
46 945
47 727
47 45
47 361
48 592
48 575
48 232
49 860
49 954
49 163
50 103
50 53
50 868
51 900
51 431
51 794
52 260
52 731
52 129
53 719
53 82
53 223
54 412
54 448
54 698
55 608
55 464
55 653
56 555
56 674
56 958
57 445
57 569
57 58
58 690
58 926
58 281
59 281
59 965
59 154
60 203
60 322
60 24
61 64
61 27
61 279
62 634
62 21
62 36
63 834
63 76
63 364
64 646
64 705
64 963
65 645
65 739
65 988
66 783
66 758
66 982
67 165
67 117
67 525
68 89
68 483
68 384
69 627
69 868
69 925
70 727
70 165
70 864
71 126
71 311
71 282
72 866
72 431
72 11
73 441
73 668
73 787
74 477
74 896
74 704
75 445
75 753
75 396
76 144
76 325
76 250
77 311
77 134
77 578
78 608
78 531
78 771
79 176
79 407
79 16
80 400
80 571
80 502
81 262
81 877
81 257
82 763
82 19
82 300
83 962
83 926
83 523
84 493
84 921
84 371
85 49
85 903
85 901
86 308
86 993
86 552
87 867
87 583
87 251
88 738
88 210
88 60
89 339
89 895
89 972
90 895
90 226
90 489
91 376
91 963
91 687
92 3
92 655
92 298
93 725
93 646
93 819
94 226
94 678
94 961
95 0
95 214
95 772
96 304
96 300
96 676
97 945
97 949
97 158
98 972
98 372
98 48
99 300
99 996
99 480
100 635
100 506
100 393
101 67
101 87
101 944
102 378
102 934
102 457
103 313
103 729
103 694
104 500
104 780
104 268
105 134
105 433
105 330
106 862
106 880
106 446
107 416
107 282
107 550
108 598
108 602
108 554
109 276
109 870
109 976
110 499
110 783
110 12
111 703
111 247
111 400
112 544
112 73
112 230
113 66
113 983
113 459
114 787
114 965
114 992
115 895
115 873
115 765
116 231
116 732
116 557
117 585
117 494
117 804
118 388
118 419
118 692
119 193
119 379
119 425
120 945
120 349
120 654
121 832
121 99
121 480
122 685
122 868
122 990
123 248
123 350
123 405
124 473
124 595
124 607
125 358
125 598
125 207
126 361
126 835
126 776
127 880
127 357
127 854
128 641
128 270
128 482
129 527
129 77
129 507
130 483
130 260
130 457
131 324
131 113
131 699
132 298
132 247
132 465
133 641
133 273
133 242
134 567
134 661
134 88
135 0
135 49
135 618
136 577
136 894
136 80
137 375
137 188
137 911
138 655
138 63
138 13
139 321
139 72
139 636
140 232
140 596
140 358
141 970
141 40
141 436
142 274
142 194
142 220
143 237
143 120
143 91
144 703
144 531
144 581
145 925
145 201
145 580
146 546
146 947
146 577
147 105
147 62
147 241
148 252
148 274
148 53
149 720
149 218
149 584
150 574
150 460
150 288
151 992
151 691
151 469
152 103
152 899
152 526
153 696
153 84
153 958
154 407
154 810
154 138
155 325
155 252
155 80
156 238
156 420
156 5
157 31
157 591
157 927
158 981
158 409
158 781
159 399
159 210
159 840
160 106
160 483
160 181
161 952
161 410
161 627
162 665
162 770
162 73
163 612
163 283
163 588
164 573
164 971
164 906
165 395
165 529
165 241
166 262
166 870
166 723
167 948
167 508
167 382
168 903
168 397
168 828
169 912
169 52
169 682
170 805
170 311
170 762
171 998
171 828
171 210
172 319
172 837
172 148
173 801
173 167
173 906
174 492
174 699
174 683
175 59
175 73
175 623
176 706
176 65
176 177
177 188
177 513
177 624
178 253
178 213
178 690
179 293
179 180
179 937
180 112
180 665
180 926
181 19
181 372
181 332
182 23
182 246
182 698
183 80
183 833
183 684
184 214
184 632
184 958
185 481
185 16
185 668
186 841
186 707
186 751
187 748
187 414
187 78
188 988
188 255
188 292
189 370
189 258
189 905
190 263
190 652
190 58
191 403
191 396
191 986
192 520
192 995
192 62
193 977
193 371
193 435
194 414
194 685
194 684
195 982
195 673
195 471
196 60
196 289
196 150
197 202
197 285
197 692
198 855
198 202
198 553
199 551
199 215
199 455
200 491
200 477
200 294
201 651
201 859
201 106
202 93
202 321
202 721
203 519
203 536
203 742
204 593
204 914
204 788
205 489
205 324
205 832
206 650
206 871
206 627
207 797
207 203
207 280
208 874
208 356
208 75
209 604
209 190
209 466
210 310
210 197
210 607
211 587
211 630
211 379
212 786
212 604
212 576
213 225
213 23
213 86
214 278
214 958
214 284
215 902
215 587
215 58
216 365
216 508
216 364
217 49
217 618
217 285
218 723
218 118
218 245
219 250
219 122
219 206
220 581
220 990
220 601
221 141
221 453
221 625
222 309
222 329
222 969
223 205
223 934
223 472
224 80
224 313
224 680
225 883
225 530
225 623
226 347
226 844
226 474
227 101
227 19
227 572
228 498
228 865
228 576
229 826
229 110
229 113
230 40
230 630
230 778
231 775
231 41
231 764
232 416
232 835
232 346
233 798
233 795
233 577
234 676
234 633
234 272
235 472
235 269
235 69
236 87
236 70
236 864
237 349
237 973
237 123
238 317
238 942
238 771
239 186
239 641
239 338
240 478
240 544
240 993
241 752
241 689
241 783
242 818
242 235
242 255
243 778
243 597
243 23
244 185
244 58
244 847
245 829
245 368
245 184
246 935
246 172
246 743
247 234
247 897
247 988
248 461
248 946
248 734
249 503
249 177
249 898
250 680
250 266
250 145
251 583
251 592
251 107
252 788
252 9
252 43
253 970
253 838
253 523
254 427
254 33
254 836
255 950
255 359
255 990
256 178
256 865
256 856
257 202
257 245
257 917
258 112
258 753
258 649
259 667
259 573
259 668
260 408
260 683
260 912
261 206
261 919
261 580
262 956
262 860
262 635
263 299
263 552
263 693
264 2
264 406
264 189
265 332
265 873
265 324
266 566
266 653
266 43
267 241
267 251
267 912
268 192
268 34
268 36
269 912
269 94
269 959
270 261
270 266
270 247
271 910
271 210
271 550
272 496
272 227
272 880
273 418
273 111
273 447
274 670
274 247
274 43
275 62
275 342
275 564
276 139
276 202
276 385
277 793
277 36
277 642
278 179
278 938
278 309
279 558
279 768
279 615
280 24
280 928
280 610
281 295
281 344
281 185
282 109
282 36
282 814
283 781
283 831
283 949
284 768
284 997
284 823
285 254
285 954
285 853
286 166
286 603
286 198
287 949
287 402
287 612
288 450
288 24
288 901
289 150
289 903
289 28
290 657
290 505
290 397
291 961
291 104
291 374
292 651
292 486
292 160
293 625
293 244
293 112
294 460
294 491
294 553
295 360
295 706
295 970
296 458
296 39
296 526
297 266
297 206
297 247
298 414
298 465
298 669
299 716
299 791
299 796
300 19
300 165
300 374
301 778
301 415
301 40
302 191
302 889
302 646
303 386
303 625
303 538
304 70
304 408
304 492
305 66
305 864
305 592
306 985
306 241
306 330
307 22
307 983
307 94
308 810
308 239
308 6
309 445
309 112
309 151
310 46
310 409
310 829
311 499
311 545
311 769
312 659
312 421
312 632
313 115
313 339
313 462
314 990
314 111
314 422
315 316
315 236
315 324
316 110
316 147
316 117
317 52
317 658
317 496
318 542
318 142
318 41
319 795
319 458
319 145
320 837
320 249
320 452
321 612
321 345
321 37
322 815
322 217
322 288
323 352
323 218
323 754
324 967
324 331
324 492
325 111
325 464
325 50
326 126
326 774
326 583
327 946
327 969
327 696
328 193
328 343
328 212
329 355
329 921
329 749
330 598
330 512
330 828
331 459
331 600
331 583
332 275
332 961
332 804
333 718
333 979
333 137
334 394
334 585
334 731
335 45
335 529
335 492
336 456
336 38
336 438
337 882
337 889
337 781
338 133
338 741
338 146
339 438
339 972
339 480
340 927
340 877
340 663
341 831
341 615
341 214
342 433
342 661
342 71
343 579
343 11
343 435
344 444
344 620
344 693
345 888
345 327
345 744
346 855
346 908
346 605
347 395
347 282
347 196
348 261
348 13
348 932
349 831
349 345
349 781
350 790
350 244
350 355
351 162
351 938
351 986
352 26
352 24
352 920
353 983
353 381
353 305
354 96
354 82
354 472
355 415
355 162
355 154
356 215
356 112
356 770
357 844
357 104
357 683
358 915
358 870
358 533
359 846
359 410
359 817
360 916
360 568
360 693
361 36
361 828
361 286
362 899
362 161
362 55
363 351
363 435
363 936
364 568
364 503
364 861
365 899
365 876
365 92
366 743
366 172
366 809
367 919
367 53
367 684
368 493
368 312
368 329
369 751
369 760
369 849
370 116
370 58
370 639
371 551
371 556
371 366
372 727
372 48
372 592
373 597
373 879
373 883
374 712
374 275
374 268
375 76
375 194
375 78
376 368
376 406
376 579
377 376
377 64
377 725
378 616
378 20
378 699
379 549
379 847
379 190
380 88
380 709
380 282
381 286
381 602
381 232
382 50
382 177
382 617
383 797
383 294
383 780
384 331
384 428
384 113
385 257
385 920
385 534
386 778
386 913
386 240
387 483
387 771
387 991
388 922
388 337
388 237
389 796
389 883
389 718
390 591
390 210
390 619
391 776
391 578
391 697
392 615
392 46
392 421
393 24
393 956
393 0
394 347
394 673
394 964
395 399
395 929
395 567
396 501
396 847
396 498
397 288
397 886
397 852
398 64
398 431
398 606
399 720
399 197
399 956
400 457
400 121
400 627
401 701
401 887
401 65
402 638
402 819
402 781
403 57
403 303
403 794
404 503
404 338
404 177
405 705
405 687
405 958
406 615
406 744
406 493
407 155
407 481
407 13
408 45
408 912
408 47
409 119
409 696
409 212
410 990
410 336
410 988
411 440
411 772
411 356
412 894
412 542
412 136
413 880
413 267
413 127
414 911
414 685
414 400
415 42
415 521
415 813
416 34
416 460
416 793
417 778
417 552
417 164
418 934
418 918
418 462
419 351
419 46
419 781
420 627
420 513
420 950
421 2
421 32
421 84
422 531
422 968
422 413
423 734
423 615
423 84
424 338
424 611
424 796
425 243
425 597
425 79
426 746
426 431
426 37
427 419
427 949
427 725
428 66
428 77
428 863
429 148
429 404
429 611
430 494
430 583
430 241
431 7
431 191
431 329
432 977
432 437
432 40
433 869
433 607
433 835
434 683
434 275
434 449
435 872
435 974
435 556
436 365
436 320
436 745
437 778
437 40
437 141
438 712
438 104
438 972
439 848
439 811
439 416
440 551
440 191
440 768
441 412
441 668
441 333
442 388
442 18
442 419
443 656
443 505
443 825
444 429
444 641
444 142
445 856
445 182
445 891
446 67
446 511
446 517
447 941
447 131
447 227
448 741
448 177
448 599
449 474
449 826
449 944
450 555
450 28
450 426
451 127
451 113
451 334
452 560
452 65
452 148
453 333
453 470
453 773
454 827
454 753
454 532
455 417
455 556
455 258
456 522
456 712
456 933
457 511
457 492
457 873
458 194
458 464
458 647
459 439
459 380
459 776
460 956
460 886
460 656
461 824
461 992
461 874
462 496
462 451
462 616
463 941
463 799
463 627
464 755
464 952
464 160
465 717
465 359
465 755
466 119
466 696
466 614
467 305
467 529
467 864
468 968
468 174
468 410
469 698
469 167
469 186
470 333
470 482
470 849
471 330
471 108
471 380
472 378
472 622
472 594
473 663
473 858
473 210
474 863
474 140
474 673
475 847
475 444
475 369
476 271
476 140
476 232
477 536
477 605
477 903
478 557
478 916
478 628
479 875
479 267
479 326
480 147
480 511
480 456
481 741
481 611
481 833
482 580
482 220
482 194
483 449
483 357
483 307
484 949
484 588
484 214
485 293
485 734
485 986
486 799
486 959
486 511
487 908
487 450
487 656
488 909
488 890
488 726
489 126
489 727
489 374
490 985
490 192
490 688
491 896
491 217
491 385
492 226
492 583
492 134
493 244
493 582
493 432
494 147
494 275
494 507
495 779
495 406
495 900
496 467
496 912
496 873
497 110
497 104
497 374
498 308
498 141
498 971
499 524
499 709
499 21
500 509
500 713
500 769
501 154
501 809
501 745
502 799
502 880
502 127
503 194
503 204
503 50
504 148
504 297
504 898
505 908
505 910
505 635
506 930
506 870
506 120
507 277
507 863
507 727
508 791
508 899
508 13
509 629
509 673
509 793
510 893
510 153
510 376
511 87
511 374
511 38
512 159
512 340
512 797
513 799
513 739
513 174
514 380
514 416
514 762
515 989
515 198
515 563
516 408
516 89
516 912
517 306
517 471
517 529
518 813
518 295
518 597
519 349
519 377
519 969
520 607
520 663
520 533
521 841
521 849
521 655
522 347
522 509
522 863
523 6
523 813
523 16
524 858
524 262
524 218
525 752
525 77
525 826
526 53
526 633
526 400
527 499
527 71
527 554
528 494
528 428
528 688
529 985
529 490
529 326
530 142
530 718
530 270
531 378
531 483
531 413
532 743
532 429
532 6
533 553
533 217
533 210
534 118
534 565
534 956
535 583
535 737
535 527
536 402
536 33
536 72
537 505
537 515
537 825
538 582
538 243
538 253
539 310
539 254
539 217
540 735
540 590
540 180
541 166
541 12
541 520
542 577
542 362
542 183
543 489
543 731
543 873
544 970
544 838
544 319
545 524
545 598
545 74
546 703
546 102
546 719
547 304
547 857
547 291
548 907
548 7
548 215
549 824
549 544
549 182
550 607
550 603
550 198
551 498
551 962
551 301
552 16
552 308
552 724
553 723
553 450
553 28
554 433
554 848
554 271
555 284
555 368
555 632
556 355
556 240
556 230
557 452
557 667
557 504
558 750
558 866
558 256
559 842
559 265
559 449
560 641
560 338
560 812
561 217
561 920
561 618
562 730
562 145
562 148
563 766
563 915
563 150
564 567
564 286
564 869
565 714
565 321
565 398
566 315
566 480
566 895
567 135
567 150
567 890
568 788
568 580
568 242
569 453
569 79
569 40
570 299
570 407
570 940
571 676
571 272
571 817
572 438
572 20
572 944
573 751
573 481
573 382
574 49
574 618
574 855
575 767
575 672
575 515
576 587
576 112
576 935
577 122
577 314
577 513
578 769
578 642
578 71
579 212
579 803
579 881
580 850
580 502
580 703
581 676
581 531
581 446
582 625
582 59
582 838
583 36
583 196
583 564
584 95
584 487
584 285
585 500
585 583
585 776
586 536
586 920
586 922
587 625
587 246
587 643
588 714
588 949
588 636
589 370
589 230
589 83
590 417
590 827
590 193
591 519
591 26
591 908
592 863
592 286
592 603
593 666
593 122
593 676
594 867
594 800
594 699
595 505
595 534
595 635
596 563
596 443
596 81
597 557
597 620
597 724
598 85
598 998
598 927
599 206
599 80
599 884
600 515
600 629
600 759
601 315
601 422
601 846
602 797
602 533
602 159
603 870
603 399
603 203
604 756
604 350
604 355
605 377
605 519
605 95
606 960
606 931
606 888
607 821
607 860
607 257
608 880
608 463
608 378
609 248
609 551
609 749
610 853
610 349
610 922
611 219
611 718
611 695
612 604
612 328
612 888
613 267
613 94
613 820
614 953
614 690
614 441
615 790
615 576
615 199
616 324
616 394
616 820
617 897
617 269
617 468
618 153
618 807
618 726
619 692
619 118
619 197
620 63
620 971
620 407
621 932
621 530
621 916
622 113
622 697
622 357
623 557
623 743
623 369
624 666
624 862
624 223
625 318
625 366
625 698
626 941
626 227
626 307
627 384
627 336
627 699
628 764
628 375
628 695
629 149
629 358
629 207
630 360
630 23
630 993
631 935
631 552
631 809
632 905
632 114
632 228
633 359
633 719
633 968
634 561
634 769
634 767
635 97
635 836
635 726
636 91
636 907
636 423
637 940
637 667
637 320
638 184
638 714
638 980
639 614
639 631
639 180
640 27
640 46
640 969
641 577
641 947
641 78
642 759
642 520
642 761
643 979
643 621
643 841
644 445
644 715
644 902
645 626
645 96
645 238
646 937
646 379
646 734
647 468
647 666
647 43
648 948
648 701
648 593
649 86
649 690
649 475
650 817
650 608
650 859
651 846
651 483
651 451
652 86
652 16
652 849
653 260
653 547
653 359
654 153
654 398
654 409
655 562
655 833
655 146
656 37
656 345
656 321
657 202
657 506
657 118
658 291
658 101
658 20
659 7
659 351
659 958
660 722
660 383
660 124
661 828
661 166
661 563
662 346
662 561
662 955
663 352
663 158
663 636
664 583
664 117
664 226
665 173
665 6
665 916
666 868
666 68
666 223
667 482
667 375
667 41
668 837
668 360
668 137
669 103
669 633
669 816
670 255
670 703
670 897
671 498
671 589
671 569
672 285
672 886
672 976
673 689
673 171
673 769
674 27
674 747
674 946
675 365
675 172
675 849
676 90
676 127
676 336
677 825
677 60
677 166
678 241
678 509
678 673
679 1
679 309
679 937
680 121
680 447
680 531
681 87
681 306
681 740
682 895
682 832
682 622
683 800
683 875
683 48
684 80
684 292
684 103
685 205
685 238
685 729
686 350
686 228
686 770
687 162
687 454
687 986
688 12
688 708
688 761
689 171
689 12
689 598
690 698
690 530
690 916
691 521
691 299
691 668
692 321
692 747
692 807
693 155
693 716
693 92
694 594
694 457
694 479
695 947
695 684
695 252
696 180
696 938
696 83
697 708
697 661
697 727
698 319
698 42
698 508
699 306
699 47
699 527
700 529
700 229
700 311
701 808
701 670
701 566
702 898
702 999
702 837
703 719
703 645
703 422
704 283
704 139
704 419
705 696
705 822
705 199
706 999
706 152
706 562
707 314
707 69
707 325
708 722
708 36
708 603
709 602
709 294
709 512
710 468
710 410
710 757
711 948
711 367
711 250
712 381
712 499
712 776
713 346
713 567
713 157
714 540
714 548
714 781
715 417
715 244
715 630
716 30
716 414
716 458
717 99
717 413
717 862
718 560
718 833
718 145
719 664
719 842
719 20
720 49
720 202
720 821
721 278
721 493
721 612
722 595
722 910
722 738
723 792
723 392
723 909
724 711
724 365
724 706
725 946
725 279
725 558
726 747
726 945
726 405
727 439
727 12
727 471
728 89
728 627
728 990
729 19
729 269
729 127
730 161
730 76
730 201
731 305
731 332
731 529
732 702
732 404
732 320
733 839
733 345
733 721
734 386
734 551
734 2
735 355
735 630
735 753
736 706
736 458
736 3
737 961
737 459
737 864
738 460
738 920
738 923
739 784
739 968
739 227
740 391
740 394
740 342
741 680
741 645
741 817
742 95
742 120
742 91
743 4
743 360
743 711
744 32
744 396
744 243
745 812
745 764
745 152
746 819
746 725
746 744
747 2
747 744
747 303
748 651
748 572
748 205
749 951
749 461
749 386
750 263
750 475
750 962
751 580
751 952
751 156
752 924
752 17
752 74
753 770
753 240
753 637
754 280
754 860
754 561
755 5
755 486
755 422
756 114
756 538
756 199
757 89
757 98
757 871
758 575
758 780
758 34
759 262
759 767
759 280
760 577
760 55
760 647
761 262
761 477
761 506
762 563
762 634
762 767
763 304
763 664
763 543
764 482
764 798
764 599
765 94
765 374
765 19
766 210
766 584
766 561
767 591
767 886
767 870
768 518
768 258
768 770
769 290
769 100
769 322
770 775
770 993
770 436
771 447
771 378
771 52
772 749
772 485
772 440
773 458
773 798
773 911
774 512
774 125
774 361
775 333
775 412
775 570
776 74
776 933
776 783
777 171
777 554
777 512
778 838
778 246
778 42
779 913
779 303
779 937
780 36
780 550
780 835
781 214
781 604
781 747
782 873
782 547
782 479
783 31
783 835
783 575
784 880
784 94
784 681
785 609
785 363
785 51
786 809
786 73
786 518
787 724
787 389
787 532
788 771
788 918
788 728
789 523
789 530
789 623
790 623
790 649
790 58
791 464
791 375
791 9
792 945
792 376
792 26
793 835
793 878
793 390
794 822
794 614
794 639
795 617
795 223
795 325
796 795
796 111
796 194
797 533
797 607
797 198
798 53
798 201
798 250
799 594
799 19
799 757
800 529
800 500
800 326
801 504
801 133
801 482
802 883
802 904
802 597
803 978
803 211
803 587
804 527
804 713
804 982
805 660
805 268
805 811
806 982
806 774
806 10
807 356
807 466
807 946
808 89
808 566
808 130
809 628
809 239
809 6
810 76
810 979
810 760
811 689
811 81
811 758
812 235
812 760
812 247
813 743
813 167
813 333
814 720
814 397
814 294
815 28
815 852
815 29
816 422
816 680
816 238
817 719
817 336
817 307
818 144
818 676
818 925
819 606
819 351
819 406
820 737
820 489
820 38
821 202
821 376
821 638
822 432
822 587
822 162
823 303
823 807
823 403
824 373
824 4
824 216
825 287
825 855
825 322
826 192
826 762
826 10
827 962
827 926
827 621
828 477
828 825
828 793
829 363
829 726
829 981
830 290
830 761
830 340
831 744
831 823
831 749
832 408
832 613
832 38
833 771
833 273
833 313
834 152
834 186
834 695
835 754
835 166
835 534
836 345
836 349
836 341
837 177
837 695
837 948
838 429
838 611
838 813
839 744
839 548
839 343
840 636
840 733
840 829
841 249
841 465
841 50
842 374
842 529
842 985
843 222
843 51
843 785
844 713
844 192
844 985
845 95
845 341
845 49
846 934
846 52
846 413
847 838
847 824
847 478
848 929
848 294
848 603
849 796
849 648
849 641
850 912
850 20
850 413
851 555
851 321
851 829
852 674
852 302
852 980
853 781
853 97
853 618
854 740
854 578
854 195
855 973
855 402
855 618
856 813
856 652
856 675
857 113
857 104
857 804
858 202
858 254
858 197
859 700
859 181
859 384
860 46
860 91
860 973
861 526
861 187
861 684
862 205
862 757
862 68
863 814
863 629
863 709
864 983
864 361
864 600
865 770
865 14
865 244
866 874
866 1
866 461
867 268
867 967
867 277
868 627
868 755
868 799
869 385
869 280
869 443
870 858
870 917
870 836
871 227
871 613
871 959
872 652
872 415
872 40
873 678
873 842
873 226
874 698
874 614
874 523
875 678
875 933
875 554
876 887
876 868
876 581
877 976
877 845
877 377
878 901
878 539
878 720
879 481
879 837
879 568
880 15
880 664
880 306
881 190
881 789
881 936
882 790
882 455
882 350
883 971
883 128
883 810
884 292
884 223
884 684
885 192
885 361
885 232
886 855
886 853
886 392
887 684
887 468
887 755
888 57
888 756
888 406
889 937
889 485
889 551
890 618
890 442
890 519
891 246
891 73
891 366
892 243
892 872
892 1
893 328
893 946
893 997
894 266
894 156
894 911
895 226
895 110
895 277
896 901
896 836
896 487
897 627
897 357
897 169
898 122
898 204
898 482
899 223
899 43
899 9
900 931
900 540
900 604
901 377
901 310
901 72
902 587
902 162
902 366
903 427
903 584
903 426
904 970
904 138
904 736
905 215
905 190
905 623
906 560
906 452
906 834
907 180
907 556
907 749
908 419
908 890
908 930
909 612
909 781
909 969
910 956
910 26
910 973
911 684
911 666
911 313
912 45
912 10
912 489
913 962
913 59
913 544
914 317
914 990
914 645
915 870
915 766
915 927
916 183
916 3
916 448
917 909
917 264
917 139
918 384
918 131
918 757
919 990
919 717
919 653
920 860
920 654
920 785
921 301
921 639
921 432
922 823
922 97
922 746
923 61
923 26
923 638
924 31
924 603
924 74
925 313
925 850
925 106
926 532
926 54
926 906
927 49
927 917
927 285
928 419
928 909
928 46
929 289
929 28
929 927
930 966
930 302
930 392
931 951
931 974
931 455
932 270
932 560
932 887
933 869
933 17
933 21
934 451
934 784
934 467
935 787
935 404
935 628
936 753
936 415
936 977
937 978
937 112
937 865
938 652
938 790
938 789
939 970
939 801
939 693
940 137
940 3
940 176
941 451
941 658
941 446
942 334
942 729
942 613
943 706
943 641
943 481
944 885
944 492
944 985
945 882
945 405
945 612
946 803
946 951
946 902
947 156
947 292
947 868
948 925
948 468
948 911
949 615
949 440
949 612
950 446
950 236
950 267
951 625
951 787
951 175
952 571
952 670
952 846
953 943
953 530
953 809
954 440
954 807
954 93
955 591
955 35
955 262
956 836
956 411
956 237
957 191
957 882
957 905
958 646
958 558
958 551
959 353
959 357
959 854
960 370
960 256
960 750
961 678
961 805
961 661
962 570
962 971
962 475
963 803
963 193
963 421
964 830
964 575
964 828
965 444
965 620
965 802
966 345
966 746
966 973
967 192
967 869
967 439
968 357
968 572
968 857
969 756
969 119
969 659
970 320
970 801
970 319
971 167
971 482
971 186
972 776
972 806
972 875
973 329
973 72
973 214
974 86
974 182
974 425
975 816
975 680
975 55
976 917
976 923
976 656
977 396
977 244
977 498
978 965
978 318
978 373
979 508
979 152
979 242
980 212
980 986
980 368
981 963
981 749
981 368
982 157
982 537
982 125
983 12
983 585
983 805
984 718
984 916
984 711
985 499
985 629
985 722
986 355
986 756
986 356
987 634
987 541
987 416
988 462
988 658
988 174
989 512
989 74
989 124
990 763
990 658
990 463
991 316
991 502
991 650
992 557
992 308
992 643
993 167
993 943
993 424
994 858
994 536
994 896
995 473
995 385
995 28
996 229
996 174
996 489
997 803
997 180
997 590
998 886
998 754
998 574
999 188
999 751
999 695
