1000 5000
0 772
0 351
0 828
0 56
0 815
1 560
1 18
1 358
1 49
1 270
2 292
2 544
2 492
2 726
2 751
3 81
3 123
3 680
3 365
3 169
4 165
4 727
4 262
4 904
4 138
5 743
5 673
5 729
5 985
5 252
6 787
6 564
6 956
6 816
6 297
7 864
7 411
7 526
7 475
7 266
8 698
8 294
8 584
8 637
8 593
9 261
9 834
9 108
9 676
9 337
10 1
10 113
10 902
10 252
10 193
11 90
11 185
11 956
11 264
11 403
12 15
12 266
12 970
12 158
12 783
13 542
13 205
13 530
13 261
13 896
14 948
14 89
14 810
14 423
14 824
15 978
15 261
15 681
15 441
15 999
16 282
16 26
16 856
16 869
16 842
17 134
17 99
17 846
17 94
17 100
18 562
18 939
18 446
18 784
18 278
19 350
19 644
19 511
19 905
19 179
20 572
20 139
20 573
20 416
20 210
21 779
21 867
21 425
21 973
21 947
22 347
22 145
22 129
22 985
22 225
23 933
23 197
23 1
23 954
23 53
24 866
24 493
24 801
24 806
24 436
25 439
25 31
25 275
25 429
25 150
26 713
26 820
26 787
26 322
26 90
27 548
27 373
27 621
27 169
27 450
28 852
28 131
28 447
28 854
28 453
29 908
29 659
29 607
29 915
29 148
30 900
30 873
30 223
30 69
30 863
31 117
31 126
31 768
31 678
31 375
32 405
32 421
32 302
32 656
32 623
33 865
33 553
33 574
33 855
33 221
34 351
34 28
34 322
34 70
34 532
35 809
35 484
35 318
35 899
35 383
36 233
36 484
36 401
36 774
36 717
37 506
37 275
37 657
37 245
37 780
38 895
38 572
38 389
38 154
38 378
39 128
39 266
39 746
39 796
39 52
40 193
40 683
40 806
40 622
40 363
41 896
41 128
41 893
41 746
41 417
42 121
42 333
42 526
42 296
42 943
43 65
43 741
43 436
43 350
43 493
44 394
44 632
44 25
44 530
44 280
45 117
45 195
45 235
45 46
45 227
46 508
46 666
46 792
46 235
46 195
47 193
47 194
47 294
47 412
47 164
48 799
48 529
48 669
48 223
48 650
49 66
49 923
49 971
49 701
49 162
50 355
50 832
50 418
50 373
50 77
51 880
51 585
51 23
51 303
51 197
52 445
52 638
52 679
52 690
52 506
53 795
53 954
53 202
53 817
53 376
54 229
54 478
54 902
54 647
54 180
55 320
55 722
55 544
55 434
55 517
56 281
56 332
56 713
56 702
56 734
57 198
57 156
57 933
57 941
57 643
58 261
58 780
58 781
58 835
58 150
59 556
59 545
59 571
59 630
59 784
60 47
60 246
60 723
60 637
60 313
61 542
61 835
61 205
61 663
61 968
62 908
62 411
62 675
62 810
62 567
63 99
63 865
63 232
63 990
63 497
64 88
64 480
64 664
64 78
64 764
65 197
65 229
65 696
65 67
65 221
66 59
66 316
66 358
66 952
66 946
67 99
67 511
67 534
67 120
67 969
68 521
68 326
68 976
68 608
68 543
69 118
69 637
69 779
69 76
69 612
70 901
70 469
70 481
70 257
70 787
71 192
71 0
71 351
71 611
71 926
72 959
72 547
72 130
72 227
72 998
73 728
73 910
73 899
73 777
73 464
74 573
74 901
74 381
74 218
74 997
75 595
75 311
75 818
75 776
75 766
76 10
76 549
76 347
76 879
76 723
77 468
77 55
77 867
77 8
77 244
78 846
78 99
78 810
78 501
78 771
79 496
79 817
79 782
79 350
79 197
80 717
80 924
80 375
80 288
80 383
81 705
81 462
81 485
81 650
81 389
82 410
82 328
82 914
82 993
82 684
83 154
83 929
83 838
83 713
83 189
84 878
84 561
84 751
84 612
84 513
85 714
85 689
85 759
85 732
85 841
86 748
86 62
86 146
86 188
86 100
87 108
87 984
87 763
87 250
87 7
88 399
88 17
88 840
88 228
88 937
89 52
89 640
89 256
89 844
89 200
90 702
90 790
90 168
90 642
90 377
91 7
91 116
91 448
91 763
91 693
92 672
92 255
92 857
92 582
92 592
93 8
93 364
93 594
93 443
93 554
94 12
94 176
94 578
94 733
94 651
95 510
95 193
95 164
95 320
95 370
96 491
96 842
96 503
96 26
96 28
97 432
97 968
97 640
97 679
97 522
98 580
98 928
98 302
98 766
98 477
99 659
99 165
99 861
99 851
99 29
100 175
100 943
100 207
100 688
100 474
101 296
101 528
101 89
101 786
101 783
102 554
102 223
102 850
102 633
102 69
103 119
103 327
103 285
103 851
103 238
104 320
104 947
104 40
104 164
104 132
105 703
105 326
105 201
105 674
105 808
106 795
106 387
106 817
106 202
106 446
107 509
107 660
107 703
107 258
107 219
108 970
108 989
108 25
108 271
108 495
109 122
109 548
109 102
109 142
109 378
110 919
110 632
110 970
110 796
110 464
111 333
111 706
111 101
111 340
111 712
112 371
112 16
112 959
112 627
112 273
113 556
113 897
113 773
113 435
113 159
114 65
114 363
114 981
114 387
114 451
115 248
115 921
115 998
115 318
115 569
116 716
116 675
116 581
116 119
116 101
117 928
117 341
117 227
117 547
117 115
118 145
118 593
118 729
118 951
118 425
119 372
119 101
119 266
119 44
119 830
120 735
120 930
120 14
120 507
120 957
121 117
121 656
121 681
121 785
121 37
122 173
122 355
122 102
122 794
122 364
123 814
123 173
123 577
123 183
123 389
124 867
124 5
124 211
124 454
124 973
125 96
125 182
125 430
125 260
125 609
126 306
126 172
126 288
126 590
126 348
127 889
127 949
127 554
127 725
127 385
128 999
128 271
128 739
128 913
128 632
129 106
129 939
129 643
129 793
129 366
130 351
130 606
130 469
130 721
130 323
131 573
131 911
131 352
131 400
131 452
132 408
132 878
132 517
132 546
132 114
133 433
133 430
133 290
133 348
133 404
134 456
134 716
134 746
134 97
134 12
135 387
135 981
135 902
135 944
135 585
136 155
136 871
136 243
136 257
136 668
137 735
137 740
137 957
137 497
137 868
138 948
138 399
138 688
138 791
138 289
139 443
139 757
139 48
139 529
139 850
140 202
140 876
140 106
140 157
140 431
141 603
141 265
141 11
141 213
141 437
142 389
142 485
142 173
142 554
142 30
143 501
143 99
143 204
143 964
143 14
144 288
144 484
144 924
144 811
144 401
145 960
145 194
145 23
145 741
145 253
146 659
146 41
146 39
146 148
146 7
147 650
147 694
147 454
147 867
147 808
148 693
148 158
148 176
148 607
148 864
149 714
149 515
149 547
149 464
149 420
150 508
150 805
150 744
150 792
150 153
151 442
151 301
151 357
151 745
151 109
152 847
152 456
152 763
152 448
152 711
153 657
153 670
153 251
153 306
153 477
154 69
154 298
154 107
154 976
154 617
155 518
155 30
155 738
155 48
155 621
156 933
156 303
156 647
156 821
156 170
157 179
157 316
157 868
157 480
157 874
158 690
158 178
158 989
158 528
158 205
159 380
159 64
159 231
159 299
159 160
160 971
160 677
160 933
160 263
160 63
161 844
161 13
161 830
161 259
161 150
162 982
162 179
162 380
162 216
162 748
163 700
163 75
163 464
163 841
163 98
164 549
164 486
164 278
164 106
164 159
165 7
165 851
165 134
165 174
165 631
166 27
166 400
166 189
166 281
166 889
167 304
167 716
167 239
167 592
167 993
168 139
168 724
168 718
168 725
168 518
169 682
169 8
169 867
169 837
169 800
170 967
170 981
170 795
170 933
170 229
171 730
171 497
171 138
171 614
171 507
172 407
172 856
172 375
172 890
172 841
173 393
173 2
173 258
173 499
173 406
174 524
174 591
174 97
174 665
174 176
175 653
175 89
175 476
175 903
175 256
176 9
176 339
176 783
176 343
176 786
177 505
177 894
177 137
177 369
177 764
178 512
178 251
178 781
178 172
178 922
179 146
179 262
179 516
179 592
179 583
180 558
180 391
180 784
180 534
180 933
181 129
181 918
181 276
181 436
181 549
182 282
182 856
182 997
182 56
182 141
183 443
183 462
183 326
183 234
183 833
184 655
184 693
184 148
184 161
184 704
185 155
185 301
185 927
185 804
185 929
186 845
186 517
186 145
186 673
186 135
187 899
187 848
187 811
187 512
187 115
188 92
188 664
188 238
188 711
188 586
189 596
189 30
189 618
189 27
189 38
190 301
190 621
190 626
190 979
190 543
191 500
191 241
191 22
191 972
191 615
192 50
192 155
192 617
192 3
192 536
193 570
193 387
193 1
193 559
193 59
194 486
194 960
194 866
194 43
194 10
195 31
195 98
195 302
195 657
195 178
196 159
196 648
196 769
196 106
196 701
197 284
197 455
197 143
197 727
197 868
198 157
198 753
198 610
198 350
198 556
199 223
199 313
199 775
199 326
199 973
200 712
200 690
200 739
200 110
200 269
201 212
201 509
201 538
201 747
201 561
202 162
202 782
202 160
202 66
202 874
203 461
203 761
203 232
203 304
203 399
204 61
204 704
204 266
204 661
204 148
205 835
205 422
205 110
205 85
205 73
206 661
206 864
206 830
206 746
206 690
207 824
207 296
207 931
207 578
207 46
208 203
208 730
208 228
208 386
208 329
209 912
209 248
209 260
209 762
209 247
210 48
210 602
210 416
210 625
210 617
211 406
211 409
211 587
211 593
211 393
212 938
212 467
212 193
212 741
212 114
213 190
213 994
213 870
213 381
213 377
214 935
214 734
214 767
214 816
214 322
215 189
215 949
215 365
215 873
215 687
216 583
216 592
216 239
216 255
216 917
217 721
217 901
217 90
217 230
217 214
218 994
218 935
218 489
218 381
218 315
219 463
219 509
219 22
219 313
219 628
220 631
220 641
220 586
220 7
220 111
221 62
221 788
221 87
221 957
221 328
222 818
222 877
222 368
222 700
222 433
223 338
223 729
223 673
223 356
223 561
224 162
224 180
224 120
224 64
224 459
225 806
225 53
225 859
225 160
225 918
226 992
226 929
226 443
226 873
226 183
227 125
227 899
227 323
227 344
227 732
228 516
228 100
228 937
228 857
228 328
229 644
229 171
229 748
229 284
229 231
230 983
230 569
230 0
230 290
230 609
231 138
231 696
231 614
231 397
231 221
232 504
232 167
232 531
232 857
232 758
233 487
233 671
233 636
233 71
233 362
234 314
234 584
234 338
234 194
234 135
235 247
235 115
235 182
235 230
235 487
236 348
236 71
236 869
236 460
236 959
237 430
237 671
237 354
237 636
237 856
238 456
238 917
238 583
238 607
238 307
239 984
239 771
239 592
239 758
239 948
240 591
240 526
240 411
240 908
240 592
241 760
241 683
241 135
241 186
241 320
242 338
242 637
242 833
242 907
242 390
243 226
243 745
243 895
243 882
243 109
244 827
244 615
244 22
244 181
244 186
245 657
245 163
245 126
245 805
245 780
246 253
246 359
246 806
246 49
246 478
247 217
247 503
247 402
247 532
247 636
248 430
248 533
248 260
248 469
248 994
249 24
249 570
249 599
249 944
249 729
250 422
250 15
250 707
250 970
250 537
251 803
251 318
251 306
251 520
251 998
252 51
252 490
252 49
252 793
252 156
253 196
253 19
253 350
253 431
253 649
254 740
254 304
254 914
254 103
254 220
255 763
255 184
255 733
255 516
255 423
256 445
256 45
256 679
256 844
256 296
257 633
257 881
257 283
257 625
257 48
258 472
258 906
258 5
258 118
258 907
259 37
259 343
259 52
259 457
259 679
260 606
260 603
260 295
260 642
260 442
261 317
261 163
261 506
261 222
261 422
262 471
262 99
262 847
262 704
262 327
263 138
263 415
263 730
263 574
263 558
264 819
264 871
264 668
264 442
264 854
265 27
265 597
265 849
265 297
265 718
266 690
266 581
266 576
266 150
266 476
267 51
267 193
267 860
267 349
267 880
268 64
268 396
268 954
268 310
268 325
269 813
269 875
269 144
269 375
269 494
270 197
270 967
270 263
270 440
270 299
271 936
271 781
271 657
271 658
271 73
272 178
272 530
272 619
272 73
272 785
273 489
273 589
273 214
273 185
273 377
274 822
274 60
274 947
274 637
274 356
275 302
275 133
275 163
275 811
275 85
276 114
276 279
276 202
276 939
276 49
277 438
277 981
277 562
277 610
277 325
278 940
278 387
278 67
278 316
278 440
279 610
279 140
279 23
279 952
279 648
280 623
280 227
280 117
280 321
280 417
281 548
281 93
281 373
281 48
281 850
282 838
282 322
282 997
282 991
282 885
283 617
283 900
283 105
283 385
283 335
284 865
284 216
284 103
284 501
284 203
285 119
285 665
285 176
285 629
285 39
286 185
286 691
286 0
286 377
286 34
287 76
287 84
287 412
287 907
287 652
288 273
288 334
288 265
288 569
288 465
289 239
289 631
289 423
289 684
289 116
290 332
290 721
290 994
290 214
290 564
291 30
291 107
291 680
291 521
291 976
292 955
292 346
292 599
292 294
292 43
293 441
293 910
293 780
293 942
293 676
294 276
294 760
294 114
294 720
294 643
295 27
295 90
295 136
295 718
295 597
296 117
296 405
296 796
296 337
296 785
297 625
297 852
297 168
297 139
297 243
298 382
298 800
298 242
298 907
298 483
299 4
299 946
299 376
299 386
299 203
300 565
300 298
300 521
300 418
300 548
301 863
301 147
301 518
301 687
301 757
302 961
302 345
302 464
302 910
302 251
303 231
303 982
303 511
303 120
303 316
304 653
304 592
304 990
304 94
304 857
305 55
305 76
305 509
305 546
305 8
306 460
306 323
306 354
306 899
306 803
307 681
307 46
307 581
307 697
307 862
308 927
308 123
308 536
308 373
308 529
309 344
309 247
309 922
309 809
309 217
310 909
310 894
310 988
310 221
310 761
311 843
311 377
311 642
311 611
311 609
312 381
312 734
312 351
312 838
312 286
313 276
313 181
313 194
313 613
313 947
314 390
314 812
314 40
314 164
314 276
315 30
315 863
315 416
315 147
315 521
316 63
316 507
316 88
316 574
316 914
317 217
317 883
317 404
317 959
317 433
318 407
318 273
318 465
318 348
318 237
319 577
319 219
319 326
319 22
319 21
320 549
320 135
320 436
320 806
320 1
321 910
321 709
321 235
321 341
321 515
322 787
322 680
322 927
322 573
322 210
323 6
323 426
323 645
323 717
323 381
324 618
324 737
324 105
324 527
324 226
325 380
325 727
325 262
325 971
325 82
326 390
326 55
326 425
326 726
326 305
327 174
327 847
327 551
327 39
327 94
328 91
328 688
328 672
328 206
328 220
329 551
329 206
329 146
329 501
329 448
330 522
330 439
330 272
330 830
330 796
331 235
331 85
331 749
331 805
331 862
332 447
332 378
332 38
332 190
332 642
333 693
333 731
333 526
333 97
333 665
334 498
334 540
334 798
334 828
334 352
335 384
335 483
335 22
335 60
335 652
336 996
336 455
336 560
336 967
336 545
337 619
337 699
337 46
337 331
337 999
338 246
338 557
338 720
338 916
338 879
339 690
339 528
339 844
339 44
339 530
340 830
340 266
340 736
340 977
340 12
341 441
341 98
341 936
341 309
341 959
342 752
342 941
342 933
342 157
342 202
343 913
343 685
343 395
343 893
343 422
344 772
344 282
344 351
344 869
344 34
345 503
345 755
345 354
345 552
345 980
346 277
346 53
346 951
346 860
346 490
347 683
347 812
347 513
347 938
347 467
348 371
348 983
348 248
348 491
348 991
349 435
349 860
349 884
349 683
349 695
350 459
350 782
350 473
350 143
350 855
351 843
351 935
351 301
351 871
351 602
352 379
352 815
352 281
352 871
352 189
353 133
353 331
353 80
353 269
353 508
354 774
354 34
354 700
354 465
354 217
355 509
355 367
355 219
355 850
355 863
356 320
356 436
356 370
356 513
356 194
357 602
357 725
357 858
357 442
357 815
358 914
358 993
358 505
358 459
358 138
359 342
359 435
359 202
359 336
359 57
360 226
360 357
360 802
360 352
360 625
361 232
361 449
361 788
361 748
361 220
362 20
362 491
362 264
362 816
362 885
363 268
363 263
363 941
363 560
363 545
364 319
364 124
364 867
364 21
364 863
365 373
365 929
365 725
365 799
365 105
366 946
366 446
366 560
366 905
366 897
367 169
367 829
367 373
367 833
367 173
368 0
368 273
368 481
368 609
368 691
369 397
369 534
369 855
369 730
369 86
370 955
370 467
370 366
370 113
370 493
371 74
371 368
371 734
371 609
371 774
372 25
372 149
372 862
372 708
372 528
373 837
373 932
373 393
373 500
373 483
374 96
374 311
374 503
374 28
374 886
375 569
375 912
375 595
375 260
375 520
376 221
376 614
376 630
376 82
376 4
377 956
377 414
377 27
377 38
377 702
378 572
378 139
378 794
378 226
378 565
379 949
379 626
379 190
379 48
379 414
380 137
380 758
380 727
380 782
380 914
381 83
381 815
381 790
381 718
381 838
382 726
382 223
382 953
382 356
382 84
383 16
383 248
383 236
383 762
383 670
384 831
384 587
384 55
384 613
384 673
385 242
385 169
385 219
385 829
385 499
386 764
386 574
386 474
386 138
386 146
387 88
387 909
387 940
387 120
387 648
388 906
388 274
388 462
388 829
388 258
389 319
389 577
389 373
389 888
389 201
390 812
390 346
390 866
390 544
390 194
391 310
391 784
391 316
391 361
391 996
392 468
392 950
392 617
392 554
392 102
393 60
393 682
393 244
393 832
393 775
394 632
394 506
394 58
394 302
394 195
395 341
395 269
395 530
395 978
395 149
396 507
396 380
396 231
396 662
396 228
397 289
397 62
397 361
397 461
397 17
398 428
398 556
398 49
398 446
398 570
399 501
399 328
399 152
399 788
399 29
400 596
400 142
400 565
400 210
400 50
401 579
401 484
401 273
401 74
401 90
402 426
402 0
402 597
402 185
402 642
403 295
403 362
403 611
403 334
403 533
404 286
404 671
404 885
404 469
404 901
405 777
405 441
405 875
405 942
405 768
406 294
406 467
406 797
406 698
406 359
407 437
407 217
407 816
407 767
407 890
408 225
408 135
408 570
408 346
408 493
409 859
409 918
409 194
409 955
409 95
410 333
410 101
410 851
410 119
410 551
411 97
411 968
411 272
411 158
411 206
412 95
412 292
412 822
412 181
412 57
413 959
413 401
413 755
413 35
413 836
414 799
414 674
414 605
414 527
414 529
415 788
415 103
415 448
415 94
415 851
416 77
416 367
416 201
416 618
416 102
417 623
417 488
417 681
417 632
417 678
418 907
418 973
418 660
418 682
418 594
419 475
419 471
419 591
419 89
419 116
420 636
420 309
420 401
420 924
420 36
421 251
421 163
421 149
421 275
421 638
422 580
422 222
422 117
422 125
422 302
423 771
423 61
423 716
423 984
423 457
424 593
424 499
424 314
424 612
424 747
425 370
425 683
425 338
425 953
425 549
426 885
426 838
426 935
426 334
426 38
427 507
427 988
427 761
427 784
427 228
428 560
428 600
428 221
428 807
428 988
429 506
429 934
429 422
429 862
429 31
430 213
430 564
430 487
430 469
430 311
431 427
431 954
431 380
431 268
431 428
432 422
432 495
432 638
432 970
432 936
433 74
433 141
433 214
433 430
433 552
434 695
434 938
434 839
434 198
434 478
435 63
435 952
435 67
435 874
435 387
436 981
436 639
436 197
436 114
436 923
437 213
437 334
437 787
437 926
437 0
438 325
438 553
438 982
438 971
438 350
439 520
439 732
439 375
439 233
439 656
440 925
440 735
440 480
440 857
440 86
441 288
441 130
441 182
441 345
441 922
442 976
442 365
442 281
442 38
442 798
443 594
443 898
443 972
443 682
443 825
444 591
444 665
444 296
444 97
444 394
445 46
445 280
445 893
445 542
445 31
446 440
446 817
446 511
446 263
446 459
447 849
447 324
447 414
447 871
447 93
448 474
448 931
448 423
448 733
448 651
449 917
449 399
449 91
449 78
449 148
450 443
450 147
450 102
450 979
450 799
451 648
451 268
451 160
451 67
451 560
452 105
452 808
452 543
452 873
452 416
453 802
453 400
453 392
453 301
453 589
454 194
454 953
454 698
454 84
454 673
455 399
455 894
455 574
455 855
455 216
456 528
456 824
456 984
456 522
456 576
457 581
457 158
457 256
457 337
457 372
458 536
458 529
458 105
458 315
458 367
459 662
459 868
459 167
459 531
459 630
460 334
460 691
460 597
460 265
460 885
461 501
461 152
461 423
461 993
461 592
462 47
462 669
462 305
462 519
462 613
463 24
463 831
463 720
463 729
463 253
464 520
464 841
464 678
464 317
464 813
465 141
465 721
465 218
465 717
465 11
466 926
466 815
466 602
466 297
466 458
467 933
467 939
467 876
467 342
467 198
468 613
468 492
468 223
468 22
468 258
469 491
469 381
469 589
469 453
469 360
470 26
470 836
470 182
470 609
470 997
471 651
471 340
471 12
471 977
471 736
472 778
472 279
472 95
472 276
472 347
473 4
473 727
473 203
473 807
473 505
474 704
474 148
474 864
474 456
474 736
475 690
475 523
475 896
475 339
475 158
476 999
476 844
476 934
476 780
476 421
477 288
477 924
477 404
477 883
477 877
478 753
478 224
478 872
478 106
478 695
479 315
479 858
479 139
479 881
479 838
480 662
480 894
480 99
480 399
480 730
481 738
481 540
481 573
481 929
481 142
482 523
482 280
482 158
482 261
482 835
483 682
483 287
483 305
483 987
483 587
484 70
484 460
484 360
484 956
484 668
485 335
485 686
485 22
485 950
485 60
486 106
486 797
486 79
486 884
486 876
487 16
487 323
487 71
487 56
487 26
488 470
488 433
488 936
488 742
488 841
489 127
489 283
489 738
489 300
489 804
490 451
490 478
490 884
490 268
490 156
491 956
491 718
491 322
491 257
491 540
492 436
492 194
492 570
492 347
492 267
493 954
493 939
493 66
493 695
493 65
494 344
494 823
494 187
494 144
494 811
495 978
495 945
495 494
495 470
495 302
496 610
496 545
496 795
496 66
496 954
497 846
497 568
497 771
497 711
497 474
498 870
498 589
498 3
498 804
498 787
499 95
499 186
499 390
499 356
499 947
500 797
500 486
500 955
500 628
500 55
501 116
501 659
501 840
501 675
501 165
502 572
502 48
502 725
502 124
502 895
503 935
503 377
503 453
503 166
503 956
504 29
504 810
504 937
504 704
504 165
505 116
505 134
505 474
505 165
505 240
506 35
506 341
506 595
506 464
506 512
507 551
507 865
507 7
507 423
507 641
508 115
508 670
508 792
508 441
508 595
509 722
509 906
509 145
509 118
509 24
510 951
510 513
510 801
510 963
510 944
511 662
511 664
511 304
511 735
511 553
512 345
512 842
512 580
512 717
512 848
513 359
513 346
513 467
513 649
513 878
514 335
514 829
514 975
514 757
514 756
515 383
515 890
515 670
515 924
515 141
516 851
516 568
516 672
516 525
516 39
517 79
517 963
517 773
517 51
517 622
518 575
518 608
518 987
518 829
518 183
519 628
519 499
519 800
519 660
519 305
520 836
520 774
520 883
520 552
520 374
521 837
521 319
521 93
521 976
521 367
522 205
522 495
522 892
522 913
522 530
523 623
523 195
523 293
523 331
523 15
524 333
524 915
524 629
524 52
524 541
525 708
525 931
525 665
525 207
525 395
526 394
526 708
526 121
526 528
526 432
527 142
527 122
527 389
527 608
527 972
528 965
528 830
528 523
528 271
528 432
529 650
529 367
529 608
529 900
529 483
530 117
530 780
530 280
530 989
530 150
531 516
531 586
531 917
531 87
531 146
532 853
532 168
532 885
532 218
532 83
533 400
533 815
533 691
533 28
533 295
534 887
534 386
534 134
534 740
534 419
535 419
535 240
535 327
535 957
535 868
536 794
536 319
536 527
536 443
536 367
537 542
537 689
537 271
537 85
537 563
538 557
538 635
538 770
538 356
538 241
539 127
539 927
539 300
539 849
539 479
540 626
540 565
540 745
540 849
540 804
541 457
541 39
541 736
541 576
541 731
542 178
542 998
542 709
542 744
542 942
543 519
543 454
543 483
543 147
543 509
544 570
544 939
544 342
544 860
544 639
545 325
545 350
545 216
545 600
545 630
546 585
546 49
546 723
546 797
546 793
547 286
547 856
547 374
547 401
547 182
548 107
548 882
548 949
548 577
548 142
549 113
549 438
549 51
549 268
549 114
550 341
550 417
550 913
550 110
550 395
551 568
551 456
551 834
551 733
551 256
552 589
552 282
552 403
552 71
552 360
553 761
553 4
553 894
553 328
553 179
554 76
554 5
554 907
554 326
554 211
555 965
555 153
555 150
555 913
555 110
556 971
556 325
556 644
556 930
556 473
557 391
557 435
557 559
557 196
557 933
558 179
558 857
558 255
558 684
558 289
559 773
559 872
559 229
559 954
559 380
560 701
560 930
560 971
560 386
560 614
561 878
561 54
561 831
561 398
561 918
562 791
562 167
562 914
562 504
562 969
563 811
563 115
563 470
563 227
563 762
564 819
564 502
564 281
564 166
564 20
565 382
565 319
565 900
565 518
565 608
566 313
566 720
566 898
566 751
566 652
567 624
567 746
567 699
567 417
567 607
568 97
568 205
568 176
568 445
568 712
569 213
569 479
569 816
569 912
569 6
570 559
570 940
570 821
570 435
570 198
571 143
571 904
571 505
571 995
571 531
572 211
572 705
572 77
572 889
572 102
573 738
573 871
573 572
573 93
573 745
574 937
574 847
574 840
574 672
574 92
575 519
575 694
575 22
575 833
575 577
576 73
576 58
576 699
576 667
576 999
577 694
577 425
577 987
577 594
577 973
578 343
578 707
578 205
578 261
578 421
579 264
579 452
579 489
579 713
579 90
580 487
580 125
580 717
580 368
580 383
581 970
581 523
581 158
581 542
581 685
582 476
582 661
582 699
582 528
582 736
583 61
583 524
583 651
583 917
583 541
584 879
584 546
584 23
584 588
584 140
585 753
585 860
585 769
585 839
585 695
586 474
586 14
586 672
586 91
586 943
587 47
587 194
587 778
587 751
587 513
588 996
588 884
588 435
588 839
588 336
589 548
589 625
589 365
589 243
589 291
590 609
590 700
590 344
590 233
590 0
591 715
591 824
591 526
591 128
591 250
592 259
592 175
592 591
592 94
592 327
593 198
593 398
593 741
593 486
593 549
594 492
594 966
594 593
594 775
594 468
595 532
595 552
595 404
595 997
595 311
596 77
596 686
596 966
596 932
596 389
597 68
597 392
597 926
597 479
597 929
598 908
598 693
598 333
598 607
598 101
599 366
599 938
599 54
599 114
599 923
600 254
600 946
600 137
600 752
600 263
601 657
601 921
601 978
601 115
601 251
602 527
602 30
602 102
602 725
602 572
603 521
603 606
603 257
603 291
603 974
604 402
604 564
604 447
604 469
604 332
605 223
605 219
605 69
605 829
605 468
606 536
606 322
606 680
606 315
606 154
607 429
607 445
607 46
607 555
607 896
608 22
608 726
608 406
608 84
608 173
609 854
609 151
609 772
609 991
609 400
610 427
610 380
610 894
610 748
610 662
611 815
611 852
611 540
611 734
611 215
612 951
612 544
612 723
612 370
612 947
613 622
613 246
613 635
613 359
613 822
614 534
614 329
614 449
614 216
614 386
615 760
615 267
615 425
615 538
615 775
616 748
616 904
616 143
616 696
616 228
617 992
617 519
617 223
617 814
617 462
618 319
618 274
618 900
618 382
618 577
619 178
619 739
619 515
619 970
619 796
620 584
620 743
620 359
620 347
620 831
621 705
621 882
621 719
621 863
621 418
622 648
622 860
622 156
622 916
622 59
623 942
623 805
623 433
623 945
623 803
624 862
624 679
624 542
624 640
624 149
625 389
625 565
625 621
625 929
625 514
626 895
626 654
626 757
626 102
626 124
627 247
627 403
627 590
627 273
627 848
628 246
628 225
628 338
628 751
628 23
629 307
629 931
629 429
629 176
629 707
630 449
630 165
630 103
630 17
630 865
631 810
631 119
631 583
631 711
631 733
632 811
632 222
632 936
632 877
632 813
633 577
633 719
633 183
633 682
633 443
634 539
634 83
634 264
634 819
634 573
635 797
635 801
635 338
635 751
635 398
636 604
636 377
636 611
636 460
636 816
637 710
637 812
637 118
637 628
637 294
638 375
638 117
638 470
638 656
638 978
639 438
639 933
639 616
639 971
639 909
640 394
640 508
640 117
640 676
640 744
641 134
641 103
641 711
641 851
641 516
642 745
642 357
642 621
642 322
642 297
643 391
643 545
643 648
643 451
643 224
644 63
644 228
644 531
644 764
644 78
645 843
645 597
645 190
645 564
645 166
646 154
646 518
646 139
646 38
646 536
647 753
647 431
647 451
647 795
647 821
648 967
648 208
648 855
648 82
648 969
649 79
649 860
649 431
649 156
649 325
650 829
650 920
650 906
650 907
650 615
651 339
651 690
651 786
651 892
651 475
652 22
652 467
652 406
652 486
652 47
653 372
653 576
653 482
653 39
653 931
654 364
654 124
654 305
654 191
654 319
655 343
655 128
655 699
655 475
655 581
656 728
656 80
656 792
656 235
656 477
657 115
657 627
657 636
657 217
657 273
658 420
658 776
658 98
658 792
658 413
659 41
659 200
659 763
659 824
659 736
660 412
660 10
660 544
660 770
660 729
661 619
661 432
661 256
661 844
661 296
662 82
662 846
662 957
662 415
662 285
663 780
663 227
663 768
663 936
663 117
664 62
664 675
664 908
664 733
664 204
665 679
665 707
665 330
665 337
665 785
666 172
666 374
666 375
666 248
666 813
667 762
667 117
667 922
667 742
667 31
668 297
668 745
668 602
668 168
668 189
669 867
669 468
669 660
669 186
669 244
670 848
670 26
670 767
670 273
670 217
671 564
671 265
671 442
671 322
671 357
672 52
672 915
672 175
672 715
672 296
673 845
673 57
673 349
673 463
673 722
674 837
674 234
674 775
674 519
674 650
675 653
675 943
675 256
675 119
675 582
676 306
676 970
676 792
676 835
676 768
677 138
677 162
677 571
677 784
677 78
678 942
678 374
678 407
678 441
678 547
679 85
679 862
679 32
679 178
679 117
680 900
680 69
680 392
680 975
680 367
681 144
681 420
681 251
681 73
681 115
682 186
682 10
682 613
682 370
682 620
683 65
683 695
683 585
683 872
683 359
684 255
684 340
684 89
684 607
684 333
685 796
685 989
685 488
685 542
685 58
686 393
686 587
686 519
686 412
686 258
687 450
687 608
687 594
687 703
687 725
688 736
688 715
688 29
688 256
688 307
689 222
689 374
689 248
689 401
689 877
690 663
690 978
690 150
690 46
690 697
691 257
691 849
691 151
691 603
691 20
692 507
692 386
692 152
692 504
692 735
693 970
693 624
693 108
693 97
693 44
694 510
694 246
694 294
694 463
694 10
695 562
695 278
695 268
695 376
695 440
696 574
696 664
696 461
696 203
696 826
697 413
697 422
697 728
697 942
697 667
698 490
698 225
698 451
698 741
698 960
699 464
699 796
699 37
699 792
699 768
700 71
700 368
700 230
700 273
700 611
701 868
701 440
701 511
701 231
701 497
702 633
702 514
702 929
702 756
702 572
703 69
703 60
703 652
703 554
703 443
704 715
704 411
704 476
704 568
704 786
705 618
705 183
705 737
705 305
705 617
706 476
706 892
706 783
706 965
706 891
707 999
707 417
707 663
707 638
707 678
708 280
708 330
708 271
708 523
708 624
709 404
709 16
709 856
709 288
709 869
710 320
710 955
710 918
710 513
710 760
711 52
711 665
711 39
711 746
711 482
712 786
712 321
712 495
712 676
712 624
713 257
713 210
713 573
713 702
713 154
714 112
714 627
714 288
714 144
714 133
715 272
715 786
715 432
715 578
715 663
716 984
716 915
716 250
716 711
716 206
717 721
717 6
717 90
717 838
717 816
718 243
718 687
718 949
718 548
718 416
719 201
719 710
719 145
719 637
719 682
720 559
720 164
720 916
720 246
720 812
721 642
721 772
721 264
721 218
721 912
722 492
722 24
722 436
722 822
722 649
723 253
723 1
723 18
723 517
723 451
724 105
724 364
724 986
724 800
724 389
725 575
725 863
725 69
725 169
725 519
726 43
726 225
726 643
726 212
726 463
727 716
727 415
727 327
727 184
727 688
728 883
728 187
728 441
728 823
728 842
729 135
729 801
729 436
729 544
729 884
730 995
730 894
730 586
730 88
730 179
731 619
731 903
731 394
731 913
731 824
732 351
732 182
732 34
732 264
732 288
733 624
733 523
733 429
733 158
733 712
734 602
734 109
734 189
734 974
734 210
735 304
735 148
735 551
735 501
735 94
736 555
736 712
736 786
736 97
736 395
737 173
737 500
737 906
737 577
737 575
738 992
738 326
738 949
738 274
738 850
739 563
739 936
739 494
739 632
739 420
740 29
740 501
740 984
740 826
740 411
741 303
741 159
741 156
741 839
741 753
742 700
742 580
742 484
742 141
742 803
743 960
743 198
743 49
743 279
743 490
744 547
744 809
744 811
744 520
744 961
745 518
745 757
745 122
745 48
745 77
746 256
746 353
746 205
746 25
746 44
747 985
747 955
747 267
747 95
747 720
748 887
748 17
748 304
748 551
748 598
749 309
749 227
749 547
749 999
749 222
750 573
750 360
750 815
750 991
750 136
751 277
751 320
751 902
751 193
751 557
752 692
752 534
752 63
752 386
752 399
753 459
753 773
753 177
753 224
753 874
754 205
754 685
754 44
754 690
754 256
755 842
755 332
755 636
755 141
755 286
756 450
756 173
756 654
756 21
756 674
757 107
757 932
757 424
757 384
757 219
758 42
758 175
758 655
758 29
758 116
759 924
759 80
759 309
759 401
759 16
760 359
760 793
760 23
760 338
760 246
761 152
761 937
761 840
761 92
761 91
762 217
762 16
762 997
762 636
762 520
763 891
763 207
763 541
763 121
763 962
764 255
764 516
764 861
764 42
764 525
765 706
765 711
765 653
765 111
765 607
766 869
766 842
766 700
766 721
766 469
767 819
767 131
767 935
767 597
767 28
768 742
768 309
768 75
768 805
768 222
769 325
769 336
769 65
769 162
769 880
770 40
770 10
770 57
770 793
770 398
771 931
771 578
771 296
771 97
771 526
772 606
772 498
772 378
772 798
772 447
773 396
773 431
773 270
773 988
773 782
774 645
774 481
774 20
774 453
774 151
775 370
775 145
775 593
775 10
775 463
776 823
776 437
776 433
776 484
776 732
777 547
777 35
777 670
777 75
777 759
778 649
778 370
778 635
778 643
778 918
779 292
779 747
779 953
779 356
779 613
780 341
780 133
780 72
780 209
780 163
781 805
781 35
781 942
781 302
781 759
782 480
782 507
782 461
782 630
782 531
783 999
783 623
783 537
783 321
783 341
784 361
784 791
784 415
784 761
784 507
785 187
785 441
785 321
785 676
785 656
786 667
786 619
786 405
786 550
786 445
787 626
787 804
787 589
787 745
787 858
788 977
788 704
788 765
788 524
788 61
789 561
789 710
789 2
789 390
789 770
790 215
790 521
790 281
790 400
790 565
791 810
791 175
791 704
791 134
791 865
792 484
792 35
792 172
792 115
792 112
793 336
793 113
793 366
793 773
793 49
794 800
794 384
794 443
794 485
794 169
795 4
795 397
795 310
795 558
795 177
796 547
796 495
796 728
796 768
796 420
797 342
797 845
797 446
797 156
797 741
798 190
798 283
798 48
798 166
798 565
799 234
799 898
799 47
799 620
799 814
800 747
800 492
800 8
800 292
800 84
801 473
801 342
801 773
801 946
801 277
802 139
802 828
802 210
802 521
802 281
803 983
803 590
803 809
803 141
803 853
804 687
804 718
804 155
804 190
804 618
805 233
805 133
805 115
805 345
805 520
806 316
806 299
806 905
806 940
806 496
807 304
807 88
807 386
807 67
807 203
808 21
808 519
808 509
808 191
808 287
809 290
809 469
809 264
809 569
809 214
810 690
810 708
810 111
810 52
810 444
811 922
811 273
811 375
811 130
811 856
812 366
812 268
812 941
812 336
812 376
813 383
813 848
813 465
813 222
813 235
814 682
814 234
814 132
814 241
814 827
815 852
815 565
815 27
815 210
815 3
816 606
816 281
816 332
816 20
816 926
817 874
817 4
817 967
817 752
817 397
818 131
818 604
818 286
818 772
818 442
819 680
819 849
819 725
819 365
819 536
820 489
820 322
820 392
820 815
820 20
821 59
821 65
821 229
821 459
821 752
822 963
822 57
822 370
822 797
822 276
823 767
823 362
823 460
823 869
823 645
824 896
824 46
824 796
824 699
824 903
825 287
825 710
825 779
825 612
825 760
826 148
826 851
826 176
826 567
826 591
827 10
827 132
827 652
827 985
827 225
828 548
828 873
828 992
828 414
828 949
829 620
829 973
829 305
829 326
829 867
830 117
830 970
830 337
830 835
830 522
831 212
831 363
831 801
831 196
831 622
832 698
832 953
832 212
832 145
832 347
833 246
833 472
833 729
833 775
833 412
834 550
834 32
834 353
834 913
834 780
835 580
835 792
835 235
835 117
835 749
836 377
836 901
836 597
836 552
836 56
837 2
837 682
837 22
837 242
837 966
838 626
838 929
838 881
838 974
838 378
839 162
839 303
839 160
839 795
839 336
840 525
840 629
840 457
840 101
840 161
841 407
841 853
841 351
841 595
841 767
842 772
842 869
842 645
842 890
842 901
843 518
843 210
843 122
843 802
843 102
844 910
844 464
844 875
844 919
844 891
845 812
845 196
845 588
845 279
845 916
846 87
846 763
846 943
846 948
846 583
847 108
847 581
847 25
847 640
847 339
848 997
848 956
848 273
848 377
848 721
849 889
849 308
849 621
849 871
849 300
850 829
850 169
850 485
850 682
850 509
851 861
851 457
851 44
851 736
851 731
852 543
852 122
852 50
852 705
852 548
853 151
853 691
853 109
853 885
853 642
854 819
854 400
854 625
854 852
854 447
855 328
855 727
855 857
855 232
855 474
856 381
856 362
856 290
856 214
856 634
857 475
857 14
857 715
857 864
857 672
858 388
858 93
858 837
858 485
858 554
859 376
859 545
859 140
859 560
859 160
860 954
860 380
860 350
860 559
860 366
861 108
861 864
861 482
861 525
861 176
862 309
862 921
862 945
862 72
862 172
863 674
863 608
863 462
863 577
863 566
864 550
864 421
864 965
864 52
864 161
865 146
865 629
865 165
865 12
865 568
866 478
866 398
866 859
866 821
866 643
867 566
867 8
867 751
867 660
867 406
868 419
868 17
868 116
868 631
868 765
869 426
869 260
869 151
869 402
869 214
870 107
870 858
870 992
870 122
870 389
871 458
871 123
871 142
871 418
871 68
872 558
872 459
872 535
872 369
872 988
873 958
873 335
873 686
873 932
873 199
874 88
874 78
874 203
874 571
874 909
875 248
875 580
875 623
875 288
875 910
876 208
876 180
876 817
876 630
876 784
877 348
877 362
877 912
877 430
877 980
878 428
878 159
878 431
878 180
878 79
879 446
879 478
879 695
879 160
879 496
880 795
880 137
880 427
880 782
880 752
881 450
881 829
881 900
881 50
881 364
882 888
882 577
882 900
882 674
882 829
883 532
883 991
883 26
883 286
883 214
884 157
884 160
884 263
884 939
884 431
885 606
885 646
885 189
885 820
885 151
886 750
886 351
886 218
886 579
886 83
887 101
887 675
887 591
887 29
887 524
888 499
888 412
888 561
888 966
888 509
889 326
889 48
889 976
889 105
889 799
890 295
890 230
890 185
890 853
890 564
891 227
891 638
891 508
891 835
891 275
892 934
892 555
892 679
892 98
892 421
893 126
893 780
893 306
893 805
893 744
894 327
894 184
894 993
894 840
894 764
895 979
895 147
895 385
895 794
895 335
896 681
896 73
896 117
896 999
896 813
897 614
897 558
897 399
897 511
897 531
898 370
898 118
898 425
898 390
898 637
899 402
899 260
899 407
899 182
899 401
900 566
900 183
900 2
900 305
900 737
901 297
901 911
901 491
901 301
901 453
902 639
902 224
902 391
902 366
902 435
903 293
903 353
903 110
903 893
903 690
904 771
904 340
904 925
904 238
904 651
905 82
905 325
905 473
905 967
905 817
906 918
906 593
906 346
906 628
906 879
907 5
907 186
907 409
907 920
907 320
908 754
908 746
908 892
908 736
908 25
909 971
909 894
909 284
909 534
909 701
910 354
910 433
910 182
910 512
910 732
911 364
911 958
911 794
911 502
911 373
912 634
912 437
912 838
912 260
912 854
913 632
913 714
913 970
913 163
913 785
914 14
914 238
914 631
914 285
914 993
915 272
915 330
915 601
915 739
915 31
916 860
916 610
916 350
916 872
916 342
917 984
917 765
917 444
917 528
917 733
918 198
918 451
918 741
918 588
918 446
919 302
919 117
919 31
919 928
919 317
920 10
920 249
920 866
920 513
920 557
921 34
921 856
921 433
921 595
921 371
922 983
922 721
922 407
922 286
922 222
923 262
923 677
923 263
923 167
923 505
924 469
924 983
924 772
924 312
924 90
925 62
925 238
925 204
925 655
925 423
926 725
926 514
926 81
926 687
926 379
927 373
927 367
927 48
927 169
927 385
928 290
928 222
928 883
928 233
928 309
929 633
929 418
929 605
929 979
929 385
930 887
930 329
930 184
930 684
930 497
931 665
931 523
931 844
931 200
931 537
932 867
932 8
932 104
932 779
932 338
933 748
933 644
933 784
933 855
933 874
934 477
934 488
934 433
934 36
934 777
935 565
935 802
935 48
935 210
935 123
936 251
936 590
936 172
936 182
936 742
937 448
937 29
937 541
937 174
937 91
938 451
938 585
938 570
938 428
938 639
939 876
939 229
939 160
939 224
939 971
940 138
940 894
940 930
940 644
940 203
941 616
941 120
941 299
941 946
941 923
942 762
942 547
942 899
942 961
942 759
943 205
943 432
943 256
943 445
943 763
944 879
944 114
944 268
944 859
944 1
945 115
945 16
945 595
945 233
945 823
946 761
946 696
946 328
946 752
946 397
947 349
947 408
947 985
947 294
947 729
948 693
948 176
948 851
948 61
948 41
949 972
949 992
949 142
949 654
949 450
950 920
950 566
950 47
950 258
950 775
951 486
951 938
951 884
951 588
951 366
952 137
952 449
952 571
952 461
952 157
953 23
953 643
953 132
953 40
953 294
954 909
954 65
954 982
954 480
954 874
955 859
955 845
955 812
955 277
955 639
956 787
956 646
956 929
956 357
956 536
957 456
957 204
957 865
957 861
957 220
958 124
958 832
958 274
958 669
958 384
959 721
959 552
959 286
959 604
959 856
960 270
960 431
960 996
960 941
960 821
961 374
961 709
961 512
961 841
961 487
962 530
962 149
962 395
962 542
962 150
963 902
963 647
963 839
963 23
963 860
964 146
964 448
964 239
964 524
964 568
965 796
965 537
965 117
965 149
965 542
966 825
966 305
966 5
966 338
966 920
967 138
967 696
967 748
967 558
967 571
968 296
968 293
968 395
968 330
968 45
969 727
969 894
969 203
969 501
969 33
970 178
970 580
970 512
970 742
970 739
971 791
971 692
971 752
971 982
971 904
972 21
972 825
972 985
972 538
972 173
973 920
973 223
973 637
973 338
973 314
974 93
974 911
974 757
974 738
974 654
975 650
975 124
975 326
975 898
975 800
976 173
976 979
976 389
976 384
976 483
977 607
977 915
977 343
977 530
977 205
978 187
978 666
978 910
978 678
978 520
979 799
979 674
979 21
979 335
979 587
980 297
980 357
980 273
980 322
980 642
981 946
981 971
981 821
981 562
981 268
982 255
982 758
982 78
982 764
982 865
983 854
983 818
983 290
983 532
983 185
984 9
984 685
984 733
984 41
984 121
985 490
985 434
985 370
985 722
985 723
986 950
986 987
986 833
986 979
986 674
987 635
987 723
987 822
987 60
987 613
988 497
988 480
988 909
988 177
988 727
989 547
989 759
989 341
989 658
989 85
990 327
990 733
990 7
990 711
990 410
991 27
991 442
991 447
991 718
991 166
992 737
992 799
992 191
992 443
992 211
993 91
993 103
993 62
993 651
993 847
994 745
994 81
994 190
994 819
994 381
995 411
995 423
995 148
995 568
995 304
996 461
996 914
996 868
996 507
996 562
997 264
997 849
997 885
997 798
997 611
998 670
998 383
998 776
998 841
998 26
999 515
999 910
999 768
999 841
999 805
