1000 10000
0 219
0 300
0 378
0 734
0 750
0 998
1 228
1 295
1 319
1 696
1 717
1 812
1 847
1 989
2 78
2 168
2 415
2 556
2 564
2 655
2 737
2 821
2 895
3 22
3 30
3 139
3 167
3 227
3 233
3 396
3 584
3 612
3 632
3 787
3 798
3 880
3 886
3 912
4 212
4 530
4 590
4 632
4 682
4 814
4 830
4 974
5 86
5 213
5 295
5 317
5 324
5 547
5 800
6 42
6 49
6 194
6 200
6 397
6 412
6 703
6 725
6 826
6 921
7 57
7 83
7 158
7 167
7 448
7 459
7 510
7 694
7 698
7 724
7 923
8 42
8 64
8 87
8 196
8 328
8 467
8 474
8 671
8 680
8 797
8 818
8 915
8 973
9 49
9 94
9 121
9 226
9 255
9 377
9 633
9 735
10 3
10 303
10 336
10 391
10 392
10 404
10 606
10 790
10 805
10 843
10 865
11 30
11 98
11 129
11 250
11 287
11 548
11 583
11 698
11 813
11 871
12 73
12 120
12 201
12 263
12 285
12 422
12 510
12 528
12 779
13 113
13 139
13 252
13 300
13 450
13 491
13 627
13 731
13 766
13 965
13 969
13 993
14 188
14 217
14 274
14 334
14 481
14 508
14 776
14 784
14 785
14 800
15 532
15 643
15 839
15 882
16 55
16 72
16 104
16 159
16 521
16 585
16 610
16 637
16 679
16 706
16 938
16 965
16 989
16 999
17 68
17 81
17 214
17 509
17 695
17 986
18 68
18 136
18 310
18 360
18 371
18 414
18 562
18 593
18 818
18 847
18 849
18 900
18 952
19 47
19 89
19 193
19 251
19 376
19 729
19 844
19 899
19 992
20 108
20 154
20 223
20 588
20 646
20 683
20 688
20 870
20 885
21 114
21 174
21 372
21 439
21 490
21 566
21 652
21 708
21 710
21 783
21 967
22 165
22 302
22 434
22 559
22 567
22 572
22 655
22 690
22 732
22 774
22 946
22 985
23 7
23 103
23 115
23 173
23 196
23 326
23 337
23 502
23 516
23 554
23 558
23 559
23 584
23 841
23 887
23 922
23 924
23 965
24 77
24 152
24 255
24 335
24 350
24 374
24 504
24 536
24 760
24 861
25 147
25 162
25 207
25 277
25 418
25 430
25 506
25 556
25 618
25 663
25 697
25 714
25 772
25 920
25 978
25 989
26 10
26 49
26 170
26 240
26 319
26 345
26 370
26 383
26 521
26 549
26 675
26 701
26 821
26 848
26 883
26 965
27 26
27 66
27 72
27 101
27 140
27 186
27 192
27 336
27 416
27 441
27 519
27 566
27 590
27 701
27 731
27 889
27 997
28 97
28 369
28 489
28 598
28 754
28 827
28 993
29 287
29 326
29 512
29 520
29 607
29 803
29 920
30 357
30 605
30 607
30 707
30 775
30 817
30 897
30 948
31 22
31 325
31 498
31 609
31 686
31 704
31 738
32 33
32 438
32 466
32 541
32 747
32 914
33 151
33 154
33 204
33 280
33 398
33 512
33 580
33 644
33 684
33 729
34 45
34 181
34 231
34 338
34 685
34 746
34 857
35 29
35 160
35 300
35 390
35 428
35 429
35 445
35 573
35 666
35 869
36 19
36 97
36 314
36 403
36 556
36 590
36 764
37 63
37 89
37 123
37 185
37 237
37 290
37 301
37 422
37 493
37 552
37 603
37 616
37 703
37 833
37 899
37 921
37 933
37 967
38 55
38 193
38 612
38 628
38 654
38 942
38 958
39 281
39 625
39 810
40 74
40 114
40 152
40 165
40 275
40 345
40 449
40 650
40 663
40 721
40 777
40 799
41 0
41 9
41 79
41 92
41 158
41 178
41 255
41 473
41 479
41 587
41 601
41 664
41 873
41 972
42 158
42 229
42 482
42 510
42 514
42 586
42 587
42 763
42 889
42 891
42 894
43 1
43 40
43 72
43 95
43 117
43 225
43 337
43 625
43 654
43 698
43 736
43 781
43 926
44 28
44 92
44 151
44 454
44 488
44 489
44 498
44 584
44 755
44 891
44 959
45 101
45 421
45 424
45 632
45 849
46 71
46 307
46 358
46 366
46 377
46 399
46 420
46 467
46 510
46 587
46 640
46 685
46 708
46 709
46 827
46 935
47 114
47 124
47 325
47 361
47 422
47 455
47 525
47 678
47 737
47 768
47 889
47 958
48 153
48 199
48 234
48 264
48 475
48 734
48 804
48 805
48 951
49 130
49 444
49 527
49 536
49 643
49 694
49 748
49 858
50 147
50 311
50 473
50 563
50 674
50 677
50 704
50 807
51 162
51 208
51 311
51 532
51 691
51 812
51 904
51 993
52 93
52 160
52 382
52 538
52 539
52 696
52 825
52 836
52 846
53 290
53 321
53 358
53 375
53 454
53 539
53 562
53 812
53 866
53 867
54 8
54 62
54 356
54 383
54 406
54 433
54 641
54 772
54 793
54 849
54 881
54 941
54 946
54 965
55 268
55 303
55 491
55 499
55 605
55 997
56 68
56 128
56 212
56 236
56 280
56 358
56 574
56 764
57 19
57 117
57 147
57 400
57 628
57 759
57 778
57 815
57 856
57 857
58 26
58 50
58 128
58 211
58 477
58 627
58 659
58 740
58 744
58 796
58 848
58 872
58 932
58 985
59 31
59 55
59 88
59 123
59 371
59 499
59 544
59 615
59 661
59 838
59 897
59 995
60 133
60 346
60 472
60 629
60 960
61 210
61 241
61 304
61 314
61 448
61 454
61 597
61 790
61 799
61 843
61 862
61 985
62 9
62 287
62 462
62 595
62 888
62 906
63 68
63 138
63 281
63 295
63 490
63 528
63 534
63 545
63 617
63 664
63 998
64 225
64 258
64 274
64 283
64 293
64 428
64 514
64 540
64 620
64 797
65 215
65 595
65 662
65 707
65 997
66 167
66 185
66 534
66 551
66 603
66 645
66 764
66 843
67 90
67 173
67 329
67 558
67 741
67 742
67 939
68 143
68 237
68 245
68 317
68 437
68 520
68 619
68 636
68 828
68 887
68 981
68 998
69 31
69 56
69 62
69 110
69 153
69 206
69 287
69 474
69 622
69 652
69 886
69 971
70 86
70 183
70 239
70 298
70 343
70 432
70 440
70 662
70 746
70 751
70 756
70 938
70 949
70 985
71 42
71 122
71 228
71 246
71 416
71 717
71 806
71 810
72 150
72 645
72 826
72 978
73 50
73 62
73 140
73 225
73 262
73 264
73 279
73 299
73 372
73 426
73 448
73 635
73 772
73 846
74 1
74 235
74 376
74 564
74 594
74 595
74 863
75 0
75 15
75 19
75 92
75 308
75 410
75 436
75 678
76 8
76 140
76 141
76 361
76 377
76 392
76 736
76 808
76 863
77 36
77 107
77 229
77 428
77 520
77 585
77 596
77 796
78 30
78 32
78 231
78 274
78 303
78 518
78 553
78 750
78 769
78 871
78 886
78 956
78 966
79 4
79 5
79 13
79 89
79 312
79 481
79 613
79 695
79 710
79 856
80 16
80 41
80 93
80 179
80 281
80 561
80 569
80 687
80 703
80 726
80 900
80 921
80 951
81 35
81 115
81 178
81 243
81 298
81 379
81 460
81 467
81 651
81 677
81 678
81 683
82 178
82 215
82 974
83 126
83 133
83 170
83 525
83 542
83 551
83 618
83 649
83 707
83 885
83 953
83 991
84 5
84 99
84 130
84 333
84 372
84 469
84 625
84 758
84 820
84 900
84 911
85 106
85 123
85 172
85 289
85 353
85 387
85 395
85 578
85 592
85 629
85 815
85 964
86 115
86 179
86 315
86 361
86 444
86 643
86 710
86 735
86 789
86 810
87 50
87 110
87 116
87 215
87 282
87 537
87 661
87 669
87 777
87 852
87 960
88 3
88 42
88 71
88 331
88 431
88 606
88 753
89 77
89 292
89 403
89 804
90 220
90 297
90 344
90 640
90 789
90 791
90 905
90 919
90 922
90 961
90 995
91 70
91 147
91 215
91 376
91 378
91 387
91 415
91 507
91 616
91 689
91 774
92 22
92 23
92 138
92 345
92 381
92 656
92 743
92 752
92 961
93 19
93 241
93 356
93 372
93 374
93 517
93 553
93 559
93 668
93 687
93 988
94 14
94 159
94 166
94 254
94 313
94 523
94 566
94 618
94 678
94 880
94 993
94 995
95 99
95 186
95 243
95 299
95 383
95 450
95 498
95 511
95 608
95 833
96 172
96 182
96 232
96 272
96 522
96 543
96 672
97 53
97 69
97 91
97 104
97 576
97 657
97 878
97 949
98 11
98 178
98 245
98 341
98 362
98 402
98 499
98 540
98 548
98 569
98 583
98 618
98 755
98 822
98 877
99 87
99 272
99 417
99 462
99 648
99 663
99 758
99 778
99 780
99 870
99 897
100 2
100 34
100 176
100 356
100 417
100 531
100 588
100 649
100 675
100 761
100 947
101 141
101 298
101 482
101 622
101 868
101 903
101 948
102 29
102 121
102 237
102 310
102 323
102 656
102 937
102 964
103 131
103 332
103 349
103 648
103 842
103 998
104 242
104 355
104 506
104 679
104 766
104 806
104 856
104 907
105 52
105 268
105 470
105 794
105 900
105 976
106 4
106 7
106 120
106 488
106 526
106 531
106 569
106 571
106 697
106 717
106 751
106 762
106 984
106 996
107 26
107 58
107 183
107 286
107 368
107 493
107 790
107 793
107 842
107 975
108 147
108 178
108 202
108 230
108 295
108 378
108 422
108 449
108 521
108 546
108 585
108 622
108 771
108 793
108 799
108 942
109 14
109 31
109 65
109 74
109 125
109 335
109 454
109 574
109 595
109 667
109 763
109 851
109 896
110 176
110 191
110 338
110 394
110 423
110 441
110 497
110 531
110 699
110 711
110 725
110 795
111 77
111 84
111 97
111 134
111 228
111 267
111 388
111 398
111 400
111 684
111 730
111 843
111 846
111 848
111 994
112 148
112 365
112 566
112 596
112 605
112 733
112 830
112 869
112 926
113 10
113 50
113 235
113 250
113 337
113 360
113 442
113 511
113 599
113 627
113 748
113 795
113 808
113 857
113 894
113 931
113 938
114 197
114 255
114 615
114 800
114 862
115 151
115 164
115 179
115 186
115 329
115 627
115 695
115 828
115 991
116 263
116 334
116 435
116 703
117 6
117 8
117 46
117 166
117 202
117 230
117 428
117 498
117 573
117 711
117 726
117 769
117 779
117 996
118 104
118 151
118 154
118 169
118 170
118 182
118 850
118 897
119 71
119 202
119 325
119 662
119 794
119 844
119 906
119 947
119 985
120 30
120 373
120 449
120 494
120 538
120 697
120 773
120 962
121 42
121 258
121 331
121 376
121 476
121 673
121 781
121 829
121 929
121 938
121 945
121 991
122 15
122 131
122 159
122 272
122 278
122 279
122 313
122 333
122 548
122 565
122 838
122 916
123 57
123 85
123 101
123 219
123 296
123 470
123 482
123 595
123 616
123 672
123 767
123 780
123 844
123 855
123 920
124 241
124 367
124 509
124 525
124 611
124 708
124 817
124 840
124 860
125 295
125 537
125 575
125 623
125 793
125 943
125 994
126 26
126 434
126 603
126 622
126 870
127 4
127 73
127 109
127 132
127 151
127 210
127 394
127 509
127 629
127 687
127 750
127 841
128 60
128 339
128 475
128 595
128 619
128 620
128 724
128 825
128 854
129 134
129 219
129 337
129 343
129 449
129 510
129 944
130 21
130 309
130 376
130 392
130 472
130 567
130 669
131 76
131 105
131 202
131 286
131 465
131 636
131 641
131 736
131 775
131 814
131 830
131 899
131 939
132 18
132 45
132 59
132 144
132 399
132 506
132 572
132 806
132 874
132 875
132 988
133 26
133 29
133 70
133 303
133 313
133 346
133 414
133 436
133 473
133 475
133 484
133 625
133 632
133 695
133 909
134 25
134 257
134 394
134 562
135 89
135 191
135 215
135 288
135 309
135 331
135 368
135 470
135 580
135 789
135 851
135 858
136 135
136 164
136 195
136 208
136 482
136 552
136 658
136 714
136 875
137 168
137 422
137 492
137 546
137 564
137 566
137 584
138 8
138 84
138 145
138 433
138 447
138 591
138 594
138 598
138 610
138 634
138 756
138 910
138 928
138 990
139 59
139 196
139 199
139 279
139 315
139 407
139 442
139 456
139 625
139 728
139 730
139 764
139 767
139 831
140 85
140 188
140 349
140 397
140 555
140 563
140 749
141 53
141 207
141 270
141 346
141 661
141 749
141 925
141 948
142 81
142 120
142 144
142 230
142 321
142 516
142 542
142 616
142 625
142 916
142 928
143 13
143 92
143 142
143 166
143 500
143 604
143 871
143 895
143 993
144 28
144 61
144 66
144 135
144 179
144 231
144 666
144 782
145 23
145 142
145 171
145 185
145 401
145 486
145 561
145 788
145 801
145 861
146 222
146 377
146 410
146 671
146 692
146 725
146 865
146 879
147 14
147 556
147 649
147 659
147 720
147 872
147 970
148 136
148 164
148 217
148 321
148 348
148 403
148 515
148 794
148 875
148 947
148 979
149 119
149 252
149 278
149 315
149 334
149 376
149 397
149 414
149 440
149 608
149 699
149 719
149 740
149 744
149 765
150 27
150 86
150 186
150 195
150 232
150 250
150 398
150 415
150 423
150 588
150 817
150 947
151 69
151 154
151 166
151 207
151 381
151 616
151 715
151 745
151 933
151 965
151 966
152 122
152 125
152 163
152 166
152 379
152 481
152 511
152 520
152 526
152 590
152 856
152 907
152 953
153 12
153 82
153 119
153 139
153 229
153 318
153 424
153 513
153 595
153 910
154 0
154 41
154 111
154 218
154 507
154 515
154 584
154 685
154 691
154 784
154 828
154 900
154 915
155 25
155 156
155 354
155 376
155 522
155 642
155 827
156 59
156 107
156 153
156 279
156 415
156 476
156 779
156 995
157 141
157 255
157 478
157 634
157 757
158 12
158 104
158 315
158 458
158 460
158 870
159 98
159 112
159 128
159 169
159 176
159 508
159 638
159 728
159 769
160 162
160 303
160 565
160 702
160 773
160 784
160 971
161 222
161 424
161 664
162 46
162 70
162 184
162 218
162 373
162 431
162 446
162 482
162 516
162 594
162 695
162 848
162 889
162 955
162 957
163 12
163 473
163 487
163 612
163 673
163 771
163 792
163 865
163 882
163 913
163 947
163 999
164 19
164 225
164 301
164 311
164 328
164 362
164 454
164 652
164 858
164 883
165 53
165 176
165 319
165 562
165 951
165 979
166 115
166 126
166 230
166 298
166 299
166 303
166 308
166 401
166 496
166 738
166 954
167 293
167 490
167 651
167 709
167 718
167 908
167 909
168 17
168 63
168 77
168 136
168 354
168 409
168 489
168 633
168 723
168 735
168 907
169 48
169 231
169 304
169 305
169 466
169 530
169 559
169 761
170 91
170 157
170 596
170 724
170 733
170 768
170 840
170 898
170 911
170 939
170 974
171 1
171 246
171 284
171 357
171 365
171 457
171 514
171 539
171 553
171 622
171 632
171 771
171 775
171 870
171 966
171 968
171 983
171 997
172 10
172 209
172 363
172 472
172 720
172 727
172 850
173 471
173 483
173 545
173 809
173 819
173 945
173 955
173 979
173 981
174 244
174 305
174 406
174 425
174 633
174 669
174 856
174 862
174 927
174 954
174 970
175 85
175 173
175 387
175 684
175 737
175 741
175 873
175 879
176 366
176 384
176 389
176 464
176 495
176 583
176 624
176 635
176 936
176 991
177 136
177 251
177 797
177 833
177 952
177 980
177 992
178 18
178 185
178 188
178 223
178 252
178 855
178 978
179 11
179 92
179 184
179 223
179 241
179 378
179 406
179 441
179 637
179 675
179 724
179 747
179 813
180 45
180 50
180 72
180 104
180 130
180 239
180 267
180 323
180 331
180 539
180 646
180 688
180 739
180 756
180 778
180 783
181 59
181 333
181 506
181 767
181 799
181 847
181 899
182 13
182 48
182 49
182 52
182 154
182 231
182 358
182 500
182 503
182 589
182 665
182 673
182 688
182 774
182 841
182 954
182 972
183 230
183 275
183 277
183 377
183 547
183 585
183 615
183 630
183 648
183 672
183 684
183 690
183 926
183 968
183 971
184 151
184 258
184 465
184 604
184 808
184 846
184 877
185 2
185 8
185 54
185 384
185 407
185 552
185 990
185 992
186 19
186 79
186 224
186 285
186 316
186 415
186 778
186 817
186 882
186 966
187 177
187 180
187 258
187 304
187 357
187 370
187 516
187 557
187 602
187 790
187 951
188 23
188 250
188 388
188 507
188 572
188 695
188 707
188 729
188 817
188 877
189 678
189 710
189 725
189 812
189 824
189 842
189 876
189 953
190 112
190 197
190 367
190 396
190 417
190 436
190 527
190 732
190 757
190 759
190 771
191 165
191 183
191 212
191 284
191 296
191 339
191 389
191 464
191 532
191 556
191 598
191 845
191 849
191 853
191 898
192 336
192 384
192 396
192 535
192 566
192 577
192 618
192 623
192 707
192 941
193 0
193 110
193 213
193 308
193 489
193 492
193 537
193 731
193 763
193 903
193 985
194 69
194 280
194 310
194 558
194 812
194 864
194 895
194 924
194 937
195 178
195 191
195 494
195 498
195 500
195 539
195 591
195 631
195 649
195 684
195 738
195 752
195 891
196 87
196 172
196 184
196 216
196 285
196 292
196 419
196 493
196 506
196 928
197 118
197 335
197 356
197 763
197 771
197 813
197 920
197 940
198 158
198 159
198 349
198 398
198 518
198 723
198 837
198 897
198 918
199 218
199 235
199 394
199 544
199 613
199 704
199 736
199 776
199 869
200 30
200 97
200 270
200 427
200 532
200 699
200 745
200 775
200 933
200 972
201 156
201 173
201 253
201 482
201 619
201 706
201 751
201 816
201 917
202 13
202 164
202 229
202 262
202 596
202 714
203 174
203 452
203 594
203 754
203 763
203 889
204 31
204 395
204 430
204 690
204 930
204 969
205 330
205 389
205 503
205 631
205 726
206 17
206 255
206 340
206 361
206 374
206 658
206 681
206 856
206 947
206 953
207 70
207 146
207 226
207 251
207 275
207 293
207 438
207 513
207 633
207 819
207 869
207 894
207 943
208 11
208 301
208 303
208 415
208 458
208 586
208 723
208 732
208 917
208 930
208 998
208 999
209 121
209 130
209 208
209 436
209 602
209 655
209 762
209 971
209 980
210 52
210 269
210 498
210 507
210 588
210 658
210 722
210 782
210 828
210 973
211 280
211 294
211 501
211 600
211 781
211 813
211 872
212 175
212 315
212 339
212 368
212 458
212 590
212 618
212 689
213 236
213 317
213 326
213 413
213 481
213 507
213 797
213 863
214 99
214 151
214 154
214 156
214 352
214 416
214 448
214 674
214 852
214 923
215 131
215 364
215 377
215 616
215 628
215 705
215 713
215 731
215 791
216 99
216 461
216 493
216 698
216 735
216 746
216 782
216 949
216 973
217 11
217 66
217 145
217 318
217 417
217 426
217 504
217 696
217 803
217 809
217 903
217 972
218 36
218 40
218 406
218 456
218 467
218 691
218 746
218 815
219 19
219 261
219 336
219 435
219 602
219 604
219 613
219 681
219 763
219 862
219 864
219 945
220 84
220 105
220 142
220 211
220 290
220 303
220 359
220 495
220 809
221 27
221 37
221 122
221 141
221 240
221 258
221 264
221 400
221 508
221 563
221 652
221 674
221 835
221 868
221 909
221 960
222 518
222 570
222 580
222 590
222 806
222 838
222 856
223 22
223 185
223 189
223 445
223 716
223 751
223 755
223 817
223 987
224 109
224 174
224 187
224 281
224 484
224 501
224 545
224 598
224 656
224 708
224 839
225 143
225 372
225 449
225 469
225 552
225 692
225 714
225 899
225 949
225 964
226 192
226 531
226 551
226 663
226 853
227 81
227 94
227 200
227 310
227 799
227 873
228 61
228 102
228 196
228 266
228 289
228 315
228 332
228 334
228 417
228 426
228 453
228 475
228 579
228 736
228 739
228 821
228 978
229 17
229 106
229 113
229 322
229 410
229 438
229 445
229 485
229 496
229 533
229 705
229 744
229 818
229 978
230 182
230 256
230 266
230 282
230 326
230 484
230 534
230 618
230 729
230 766
230 897
231 31
231 357
231 372
231 421
231 552
231 613
231 671
232 286
232 444
232 448
232 521
232 579
232 778
232 800
233 168
233 178
233 239
233 346
233 428
233 485
233 555
233 912
234 91
234 367
234 406
234 561
234 619
234 675
235 5
235 51
235 171
235 392
235 495
235 720
235 748
235 782
235 858
235 897
235 910
235 961
236 146
236 178
236 187
236 199
236 429
236 443
236 519
236 599
236 753
237 498
237 527
237 687
237 908
237 918
238 59
238 76
238 170
238 436
238 576
238 589
238 623
238 716
238 821
239 147
239 217
239 392
239 421
239 437
239 465
239 586
239 763
239 858
239 968
239 974
240 190
240 272
240 323
240 361
240 385
240 576
240 606
240 721
240 727
240 901
241 58
241 76
241 80
241 85
241 218
241 244
241 286
241 331
241 359
241 427
241 443
241 490
241 660
241 712
241 729
241 822
241 876
242 100
242 262
242 364
242 390
242 401
242 410
242 453
242 461
242 474
242 576
242 685
242 688
242 715
242 750
242 827
242 877
242 904
242 988
243 37
243 101
243 170
243 211
243 267
243 297
243 322
243 361
243 507
243 535
243 555
243 647
243 658
243 721
243 812
243 845
243 944
244 7
244 106
244 206
244 483
244 649
244 733
244 806
244 826
244 918
244 991
245 44
245 81
245 130
245 273
245 286
245 326
245 329
245 342
245 431
245 538
245 599
245 744
245 838
245 955
245 978
246 52
246 101
246 275
246 343
246 371
246 454
246 539
246 549
246 671
246 721
246 743
246 759
246 944
247 50
247 55
247 153
247 191
247 402
247 451
247 669
247 714
248 13
248 98
248 152
248 283
248 307
248 333
248 415
248 528
248 665
248 670
248 680
248 691
248 847
248 848
249 70
249 128
249 358
249 410
249 466
249 476
249 477
249 761
249 763
249 795
249 853
249 910
250 203
250 282
250 366
250 451
250 583
250 694
250 711
250 956
251 107
251 126
251 444
251 477
251 565
251 571
251 685
251 754
251 770
251 857
251 860
252 100
252 434
252 587
252 691
252 802
252 897
252 947
253 91
253 186
253 266
253 345
253 840
253 887
253 928
253 945
254 171
254 237
254 244
254 360
254 405
254 461
254 497
254 527
254 554
254 555
254 660
254 863
255 121
255 131
255 235
255 498
255 511
255 517
255 578
255 763
255 794
255 843
255 925
256 94
256 178
256 430
256 453
256 590
256 671
256 693
256 702
256 793
256 834
256 857
256 868
257 60
257 77
257 273
257 292
257 385
257 495
257 614
257 641
257 644
257 647
257 792
257 947
257 951
258 117
258 144
258 232
258 273
258 290
258 372
258 398
258 481
258 656
258 828
258 836
258 861
258 881
258 896
259 247
259 313
259 505
259 535
259 753
259 768
259 813
260 72
260 96
260 383
260 421
260 440
260 546
260 592
260 748
260 901
260 931
260 940
260 997
261 92
261 125
261 169
261 211
261 323
261 350
261 575
261 735
261 819
262 119
262 150
262 199
262 322
262 470
262 486
262 532
262 541
262 584
262 607
262 667
262 675
262 843
262 862
262 871
262 970
263 55
263 105
263 168
263 285
263 504
263 512
263 782
264 76
264 156
264 215
264 327
264 636
264 861
265 29
265 78
265 109
265 208
265 273
265 322
265 395
265 468
265 539
266 56
266 126
266 250
266 300
266 361
266 557
266 637
266 757
266 851
266 906
267 74
267 76
267 79
267 113
267 151
267 349
267 468
267 603
268 9
268 207
268 443
268 498
268 510
268 665
268 751
268 766
268 793
268 924
269 74
269 215
269 303
269 494
269 508
269 628
269 696
269 799
269 973
270 293
270 413
270 528
270 562
270 598
270 608
270 705
270 995
271 49
271 98
271 132
271 341
271 916
272 123
272 151
272 266
272 274
272 366
272 448
273 62
273 75
273 298
273 367
273 410
273 447
273 678
273 778
274 31
274 114
274 152
274 172
274 207
274 336
274 551
274 650
274 662
274 832
274 854
275 9
275 103
275 184
275 200
275 251
275 298
275 451
275 549
275 700
275 720
275 889
276 11
276 75
276 311
276 316
276 688
276 705
277 215
277 220
277 229
277 479
277 555
277 652
277 905
277 963
278 13
278 251
278 451
278 580
278 883
278 933
279 73
279 148
279 388
279 721
279 723
279 784
279 804
279 965
280 46
280 181
280 207
280 276
280 502
280 549
280 559
280 632
280 641
280 680
280 752
280 770
280 845
280 916
280 959
281 19
281 46
281 362
281 428
281 460
281 621
281 685
281 715
281 939
282 10
282 196
282 249
282 478
282 576
282 876
283 133
283 277
283 361
283 384
283 386
283 739
283 768
283 804
283 839
284 90
284 233
284 349
284 499
284 704
284 970
285 143
285 176
285 239
285 248
285 259
285 296
285 342
285 447
285 526
285 724
285 951
285 996
286 15
286 25
286 63
286 180
286 229
286 244
286 273
286 366
286 436
286 611
286 684
286 708
286 818
286 857
286 997
287 101
287 346
287 402
287 561
287 760
287 872
287 874
287 928
288 3
288 15
288 96
288 294
288 369
288 444
288 495
288 745
288 814
288 867
288 958
289 29
289 45
289 314
289 513
289 748
290 123
290 131
290 240
290 482
290 566
290 669
290 686
290 705
290 956
291 166
291 188
291 224
291 445
291 454
291 473
291 521
291 663
291 713
291 791
291 978
292 156
292 266
292 287
292 714
292 865
293 101
293 123
293 230
293 295
293 330
293 633
293 897
293 962
294 21
294 457
294 500
294 521
294 532
294 779
294 816
295 115
295 243
295 512
295 650
295 683
295 689
295 772
295 849
296 64
296 69
296 113
296 159
296 183
296 397
296 458
296 465
296 484
296 506
296 583
296 625
296 647
296 724
296 764
296 809
296 974
297 48
297 77
297 303
297 345
297 351
297 455
297 551
297 554
297 655
297 663
297 842
297 873
298 17
298 50
298 53
298 58
298 110
298 276
298 508
298 674
298 776
298 828
298 829
298 908
299 95
299 161
299 164
299 172
299 216
299 265
299 289
299 633
299 686
299 733
300 5
300 62
300 91
300 112
300 314
300 333
300 560
300 603
300 717
300 863
301 29
301 123
301 312
301 427
301 487
301 608
301 651
301 768
301 826
302 149
302 236
302 311
302 511
302 738
302 846
302 912
302 948
302 970
303 222
303 270
303 324
303 470
303 534
303 599
303 824
303 866
304 122
304 202
304 213
304 328
304 388
304 490
304 566
304 649
304 892
304 977
304 995
305 188
305 337
305 381
305 421
305 446
305 664
305 675
305 809
305 993
306 73
306 112
306 179
306 217
306 383
306 562
306 599
306 633
306 634
306 647
306 706
306 900
307 203
307 329
307 460
307 664
307 748
307 852
307 865
307 868
307 991
308 70
308 201
308 340
308 636
308 637
308 841
308 858
308 981
308 991
309 144
309 322
309 385
309 561
309 804
309 968
310 64
310 119
310 456
310 533
310 545
310 556
310 611
310 614
310 624
310 765
310 784
310 809
310 898
310 909
310 911
310 922
311 64
311 65
311 203
311 227
311 230
311 276
311 579
311 597
311 733
311 980
311 999
312 88
312 217
312 327
312 386
312 405
312 537
312 597
312 726
312 752
312 769
313 205
313 238
313 265
313 302
313 342
313 463
313 555
313 675
313 839
313 960
313 984
314 38
314 139
314 146
314 222
314 228
314 246
314 411
314 469
314 472
314 491
314 531
314 717
314 726
314 832
314 841
314 876
315 66
315 241
315 244
315 339
315 367
315 398
315 678
315 785
315 904
315 976
316 6
316 25
316 73
316 182
316 229
316 307
316 322
316 630
316 743
316 861
317 25
317 128
317 249
317 296
317 560
317 775
317 938
318 71
318 373
318 423
318 472
318 548
318 856
318 892
318 912
319 89
319 142
319 229
319 238
319 262
319 486
319 499
319 514
319 570
319 622
319 651
319 666
319 748
319 784
320 60
320 108
320 340
320 400
320 423
320 447
320 539
320 731
320 757
320 800
320 863
320 978
320 980
320 985
321 40
321 116
321 296
321 374
321 568
321 594
321 622
321 750
321 801
321 858
322 18
322 214
322 420
322 791
322 851
322 914
323 83
323 102
323 211
323 237
323 363
323 372
323 384
323 525
323 540
323 581
323 653
323 789
323 829
323 918
324 68
324 139
324 293
324 305
324 339
324 390
324 447
324 612
324 626
324 693
324 780
324 936
324 961
325 27
325 305
325 307
325 343
325 509
325 540
325 594
325 744
325 943
325 963
326 92
326 598
326 604
326 614
326 637
326 645
326 845
326 847
326 897
326 969
327 65
327 114
327 435
327 447
327 478
327 755
327 894
327 983
327 987
328 88
328 151
328 227
328 504
328 815
328 953
329 11
329 134
329 451
329 674
329 801
329 820
329 832
330 297
330 322
330 406
330 624
330 730
330 734
331 90
331 351
331 358
331 418
331 501
331 781
331 803
331 898
332 52
332 63
332 261
332 309
332 316
332 376
332 447
332 464
332 561
332 575
332 578
332 644
332 696
332 760
332 805
332 892
332 901
332 993
333 35
333 46
333 97
333 176
333 197
333 316
333 433
333 570
333 580
333 685
333 710
333 857
334 53
334 154
334 202
334 312
334 322
334 358
334 455
334 537
334 645
334 663
334 829
335 170
335 252
335 274
335 323
335 341
335 360
335 678
335 754
335 770
335 804
335 819
335 925
336 161
336 268
336 472
336 700
336 775
336 789
336 873
336 875
337 76
337 88
337 165
337 364
337 456
337 513
337 689
337 841
337 908
338 13
338 93
338 308
338 407
338 409
338 418
338 465
338 477
338 582
338 654
338 717
338 744
339 29
339 30
339 33
339 61
339 133
339 257
339 436
339 584
339 870
340 26
340 94
340 190
340 330
340 459
340 731
340 856
340 884
340 898
341 233
341 261
341 315
341 336
341 447
341 507
341 658
341 762
341 781
341 829
341 970
342 182
342 187
342 395
342 401
342 480
342 493
342 698
342 704
342 728
342 811
342 816
342 966
343 3
343 18
343 62
343 72
343 404
343 442
343 459
343 529
343 593
343 623
343 637
343 888
344 203
344 406
344 429
344 590
344 675
344 733
344 824
344 913
344 932
345 10
345 15
345 16
345 102
345 265
345 375
345 394
345 462
345 491
345 508
345 602
345 755
345 802
345 863
345 887
345 944
346 33
346 189
346 431
346 550
346 947
347 131
347 150
347 169
347 211
347 270
347 401
347 530
347 710
348 40
348 225
348 511
348 562
348 893
349 84
349 118
349 301
349 370
349 494
349 576
349 585
349 632
349 640
349 681
349 710
349 887
350 27
350 61
350 156
350 349
350 401
350 437
350 525
350 629
350 633
350 823
350 910
351 50
351 110
351 219
351 250
351 272
351 422
351 492
351 519
351 589
351 700
351 970
352 181
352 275
352 318
352 422
352 486
352 489
352 548
352 890
352 900
352 906
352 938
353 100
353 273
353 464
353 575
353 624
353 737
353 771
354 171
354 274
354 319
354 397
354 448
354 454
354 469
354 580
354 592
354 610
354 688
354 702
354 805
354 853
354 862
355 129
355 195
355 348
355 398
355 469
355 626
355 664
355 904
355 936
355 986
356 202
356 253
356 425
356 525
356 544
356 599
356 613
356 644
356 662
356 748
356 848
357 254
357 326
357 335
357 430
357 789
358 45
358 120
358 346
358 348
358 732
358 893
359 14
359 49
359 52
359 64
359 113
359 135
359 258
359 418
359 525
359 543
359 573
359 616
359 835
359 879
359 894
359 989
360 183
360 314
360 351
360 408
360 511
360 617
360 948
361 150
361 228
361 229
361 241
361 307
361 326
361 441
361 642
361 797
361 810
361 820
361 899
361 930
362 142
362 156
362 223
362 230
362 368
362 596
362 610
362 640
362 738
362 826
363 418
363 430
363 535
363 658
363 661
363 727
363 784
364 17
364 19
364 346
364 402
364 416
364 450
364 484
364 488
364 512
364 529
364 543
364 631
364 657
364 668
364 716
364 765
364 787
364 922
365 62
365 128
365 171
365 362
365 482
365 559
365 669
365 680
365 773
365 803
365 932
365 963
365 979
366 4
366 23
366 199
366 388
366 490
366 569
366 691
366 858
366 923
366 932
366 937
366 939
367 492
367 503
367 690
367 706
367 735
367 787
367 900
367 930
367 953
367 990
368 245
368 301
368 411
368 478
368 552
368 604
368 670
368 763
368 849
368 930
368 984
369 173
369 191
369 240
369 265
369 304
369 380
369 387
369 418
369 582
369 666
370 22
370 25
370 224
370 411
370 534
370 674
371 22
371 52
371 405
371 477
371 484
371 496
371 558
371 566
371 590
371 686
371 713
371 736
371 753
371 759
371 768
371 970
372 55
372 111
372 144
372 181
372 190
372 214
372 240
372 290
372 464
372 467
372 489
372 591
372 749
372 784
372 915
373 31
373 108
373 124
373 212
373 314
373 624
373 715
373 825
373 861
373 974
374 5
374 11
374 14
374 91
374 121
374 348
374 456
374 479
374 572
374 630
374 799
374 946
374 970
375 3
375 154
375 189
375 236
375 346
375 477
375 686
375 794
375 843
375 918
376 77
376 345
376 417
376 460
376 537
376 783
376 871
376 877
376 981
376 985
377 49
377 145
377 201
377 222
377 642
377 652
377 654
377 718
377 728
377 807
377 908
377 930
377 967
378 73
378 204
378 230
378 262
378 277
378 550
378 734
378 809
378 888
378 894
379 2
379 15
379 31
379 133
379 337
379 363
379 373
379 449
379 507
379 524
379 545
379 557
379 601
379 730
379 797
379 800
379 806
379 818
379 824
379 826
379 888
379 891
379 931
379 935
380 15
380 56
380 59
380 159
380 211
380 213
380 236
380 255
380 308
380 494
380 584
380 671
380 832
380 943
381 61
381 105
381 145
381 207
381 216
381 267
381 409
381 514
381 525
381 644
381 686
381 764
381 827
381 985
382 4
382 64
382 224
382 398
382 547
382 872
382 960
383 33
383 34
383 207
383 228
383 302
383 528
383 540
383 563
383 672
383 796
383 860
383 890
383 952
383 966
384 36
384 43
384 139
384 149
384 425
384 442
384 607
385 19
385 41
385 173
385 364
385 380
385 470
385 476
385 507
385 709
385 789
385 977
386 93
386 125
386 305
386 315
386 359
386 542
386 563
386 652
386 777
386 798
386 846
387 441
387 498
387 575
387 584
387 838
387 894
387 921
388 172
388 401
388 405
388 428
388 490
388 521
388 570
388 599
388 640
388 696
388 924
389 10
389 146
389 190
389 216
389 246
389 327
389 464
389 533
389 647
389 847
389 977
390 10
390 89
390 117
390 192
390 283
390 286
390 360
390 574
390 657
390 679
390 719
390 857
390 865
390 917
391 45
391 224
391 314
391 329
391 623
391 665
391 673
391 712
391 853
391 926
391 997
392 12
392 139
392 211
392 229
392 329
392 443
392 471
392 528
392 562
392 822
392 919
392 999
393 92
393 162
393 190
393 192
393 459
393 507
393 541
393 616
394 51
394 55
394 92
394 297
394 308
394 410
394 473
394 539
394 700
394 759
394 794
394 993
395 48
395 72
395 80
395 100
395 251
395 308
395 648
395 765
395 889
395 916
395 972
396 31
396 45
396 131
396 211
396 232
396 451
396 523
396 627
396 632
396 655
396 686
396 784
396 875
396 877
396 976
397 12
397 58
397 64
397 108
397 190
397 201
397 277
397 363
397 529
397 541
397 595
397 856
397 907
397 939
398 70
398 131
398 152
398 189
398 290
398 378
398 463
398 765
398 783
398 786
398 843
398 896
398 989
399 44
399 461
399 467
399 496
399 634
399 665
399 698
399 781
400 112
400 175
400 259
400 328
400 377
400 565
400 602
400 653
400 656
400 665
400 693
400 719
400 739
400 842
400 961
401 67
401 84
401 94
401 125
401 174
401 355
401 689
401 746
401 979
402 6
402 8
402 322
402 338
402 353
402 532
402 580
402 971
402 986
403 519
403 614
403 641
403 789
403 790
403 831
403 930
404 4
404 187
404 323
404 337
404 589
404 675
405 59
405 77
405 134
405 138
405 278
405 423
405 513
405 538
405 563
405 743
405 824
405 861
406 255
406 372
406 385
406 421
406 467
406 493
406 501
406 552
406 579
406 652
406 711
406 912
406 937
406 976
407 0
407 48
407 131
407 420
407 443
407 749
407 767
407 925
407 960
407 977
408 350
408 461
408 761
408 974
409 103
409 143
409 417
409 552
409 621
409 698
409 772
409 815
409 880
409 897
410 238
410 427
410 647
410 687
411 93
411 746
411 788
411 864
412 37
412 56
412 103
412 153
412 178
412 238
412 273
412 276
412 294
412 301
412 338
412 434
412 821
412 957
413 23
413 92
413 179
413 190
413 250
413 331
413 346
413 410
413 502
413 503
413 526
413 619
413 691
413 952
414 361
414 483
414 608
414 943
415 12
415 142
415 173
415 235
415 245
415 394
415 426
415 556
415 560
415 593
415 629
415 688
415 725
415 733
415 933
416 61
416 175
416 243
416 248
416 281
416 286
416 318
416 393
416 436
416 531
416 544
416 596
416 600
416 658
416 717
416 897
416 952
416 973
416 982
417 78
417 105
417 201
417 271
417 323
417 326
417 395
417 414
417 418
417 433
417 474
417 580
417 620
417 736
417 773
417 907
418 87
418 130
418 196
418 409
418 658
418 679
418 816
418 828
418 926
419 403
419 493
419 495
419 521
419 742
420 89
420 228
420 296
420 321
420 368
420 530
420 746
420 769
420 796
420 828
420 885
421 6
421 174
421 179
421 209
421 211
421 229
421 301
421 527
421 558
421 584
421 760
421 955
422 38
422 54
422 68
422 343
422 414
422 425
422 520
422 601
423 79
423 99
423 180
423 234
423 332
423 359
423 584
423 605
423 839
423 918
424 46
424 169
424 178
424 317
424 335
424 443
424 449
424 934
425 15
425 98
425 237
425 277
425 412
425 613
425 708
425 766
425 802
425 854
426 84
426 98
426 176
426 511
426 559
426 653
426 683
427 106
427 234
427 277
427 430
427 517
427 619
427 693
427 933
427 961
428 59
428 139
428 187
428 281
428 290
428 294
428 420
428 457
428 480
428 657
428 674
428 847
428 973
429 55
429 286
429 422
429 629
429 667
429 687
429 691
429 713
429 784
429 972
430 347
430 517
430 571
430 751
430 824
430 897
430 900
431 380
431 470
431 508
431 514
431 721
431 762
431 768
431 983
431 999
432 222
432 288
432 406
432 429
432 536
432 643
433 235
433 360
433 430
433 434
433 498
433 656
433 666
433 692
433 762
433 776
434 218
434 396
434 490
434 622
434 848
434 992
435 149
435 180
435 210
435 238
435 368
435 478
435 512
435 624
435 706
435 781
435 796
435 879
435 964
435 971
435 995
436 57
436 61
436 81
436 103
436 116
436 285
436 291
436 632
436 848
436 901
436 902
437 231
437 326
437 501
437 662
437 887
437 892
437 953
437 973
437 990
438 508
438 541
438 682
438 722
438 887
438 918
439 247
439 390
439 468
439 551
439 753
439 781
439 890
440 20
440 104
440 188
440 234
440 265
440 349
440 461
440 638
440 852
440 854
440 873
441 74
441 79
441 177
441 300
441 657
441 833
441 841
441 953
442 25
442 242
442 269
442 460
442 547
442 658
442 823
443 17
443 54
443 108
443 162
443 421
443 433
443 625
443 792
443 811
443 823
443 877
444 267
444 329
444 421
444 525
444 659
444 697
444 812
444 919
445 34
445 38
445 87
445 103
445 216
445 299
445 388
445 568
445 674
445 811
445 906
446 31
446 257
446 404
446 484
446 485
446 486
446 596
446 653
446 714
446 741
446 742
446 884
447 114
447 235
447 264
447 282
447 382
447 436
447 472
447 485
447 873
447 946
448 89
448 126
448 182
448 186
448 405
448 426
448 429
448 456
448 597
448 613
448 623
448 655
449 83
449 155
449 287
449 347
449 418
449 685
449 735
449 848
449 990
450 23
450 42
450 374
450 391
450 422
450 595
450 614
450 781
450 883
451 130
451 260
451 264
451 528
451 541
451 551
451 725
451 751
451 900
451 997
451 999
452 32
452 88
452 93
452 114
452 174
452 189
452 210
452 475
452 511
452 542
452 545
452 614
452 679
452 685
452 770
453 26
453 153
453 184
453 215
453 300
453 378
453 546
453 674
453 920
454 59
454 72
454 125
454 144
454 197
454 217
454 233
454 337
454 377
454 424
454 468
454 532
454 575
454 675
454 921
454 935
455 41
455 152
455 168
455 240
455 257
455 359
455 403
455 408
455 515
455 539
455 585
455 600
455 628
455 638
455 921
456 18
456 95
456 137
456 241
456 244
456 363
456 408
456 467
456 580
456 632
456 758
456 919
457 361
457 449
457 562
457 664
457 696
457 765
457 846
458 57
458 232
458 524
458 654
458 738
458 751
459 38
459 113
459 182
459 211
459 406
459 426
459 523
459 686
459 694
459 787
459 826
459 864
460 52
460 77
460 220
460 458
460 479
460 523
460 558
460 696
460 769
460 865
461 50
461 217
461 290
461 296
461 414
461 612
461 662
461 723
461 755
461 845
461 996
462 31
462 152
462 217
462 256
462 488
462 787
462 898
462 920
463 46
463 239
463 258
463 389
463 590
463 634
463 731
463 821
463 949
464 1
464 43
464 57
464 157
464 397
464 407
464 669
464 727
464 831
464 897
464 949
464 957
464 992
465 20
465 31
465 190
465 209
465 216
465 442
465 478
465 486
465 502
465 522
465 662
465 691
465 790
465 867
465 904
466 7
466 292
466 328
466 517
466 557
466 683
466 701
466 814
466 899
467 248
467 252
467 255
467 337
467 342
467 349
467 406
467 490
467 653
467 678
467 870
467 994
468 42
468 99
468 168
468 172
468 518
468 557
468 952
469 53
469 77
469 140
469 262
469 329
469 430
469 449
469 483
469 565
469 635
469 790
469 908
469 925
470 28
470 99
470 168
470 656
470 831
470 865
470 903
470 984
471 162
471 231
471 276
471 330
471 417
471 458
471 530
471 629
472 8
472 24
472 32
472 87
472 262
472 357
472 362
472 589
472 616
472 815
472 946
472 991
473 107
473 156
473 221
473 293
473 369
473 419
473 469
473 537
473 641
474 149
474 159
474 219
474 251
474 346
474 460
474 530
474 541
474 749
474 795
474 845
474 854
474 902
474 914
474 952
474 953
475 66
475 208
475 257
475 307
475 313
475 367
475 400
475 512
475 653
475 723
475 803
475 898
475 926
475 988
476 329
476 639
476 664
476 669
476 722
476 856
476 938
476 989
477 4
477 19
477 150
477 271
477 559
477 682
477 899
478 48
478 158
478 267
478 338
478 343
478 390
478 429
478 444
478 475
478 638
478 706
478 738
478 831
478 863
478 911
478 912
479 7
479 48
479 71
479 310
479 311
479 370
479 431
479 468
479 752
479 813
479 851
479 934
480 24
480 109
480 163
480 328
480 364
480 449
480 491
480 512
480 614
480 661
480 817
480 844
480 901
480 936
481 49
481 66
481 191
481 356
481 412
481 529
481 534
481 544
481 611
481 795
481 864
482 94
482 107
482 308
482 325
482 731
482 878
482 917
482 943
482 979
483 656
483 877
483 927
483 939
483 973
484 13
484 161
484 334
484 491
484 528
484 537
484 959
484 987
485 0
485 158
485 204
485 223
485 327
485 338
485 465
485 511
485 534
485 713
485 844
485 951
486 29
486 41
486 59
486 118
486 232
486 445
486 841
486 872
486 890
486 952
486 967
487 63
487 529
487 661
487 666
487 758
487 809
487 830
487 907
487 957
488 55
488 88
488 157
488 205
488 260
488 462
488 513
488 528
488 544
488 581
488 878
488 917
489 27
489 79
489 981
490 6
490 240
490 319
490 555
490 570
490 594
490 663
490 729
490 748
490 749
490 778
490 870
490 927
491 78
491 120
491 204
491 321
491 453
491 641
491 685
491 871
491 876
491 915
491 961
491 965
492 318
492 342
492 775
492 873
492 887
492 967
493 273
493 342
493 429
493 443
493 486
493 515
493 913
494 23
494 75
494 194
494 257
494 275
494 395
494 635
494 699
494 835
494 884
495 17
495 218
495 314
495 321
495 558
495 733
495 935
496 115
496 148
496 159
496 228
496 268
496 381
496 402
496 754
496 858
496 906
496 918
497 33
497 95
497 170
497 261
497 357
497 432
497 448
497 488
497 543
497 552
497 640
497 798
497 967
498 413
498 505
498 577
498 668
498 701
498 778
499 259
499 272
499 352
499 376
499 439
499 476
499 498
499 524
499 632
499 967
500 255
500 292
500 642
500 718
500 769
500 840
501 213
501 395
501 496
501 506
501 555
501 574
501 668
501 850
502 153
502 192
502 200
502 322
502 436
502 634
502 773
502 779
502 862
502 926
503 113
503 124
503 192
503 299
503 801
503 913
503 988
504 63
504 122
504 398
504 454
504 521
504 557
504 626
504 834
504 980
505 2
505 138
505 364
505 476
505 481
505 519
505 609
505 761
506 43
506 48
506 144
506 215
506 296
506 586
506 661
506 695
506 755
506 837
506 883
506 896
507 80
507 106
507 195
507 309
507 347
507 726
507 976
507 982
508 12
508 200
508 253
508 323
508 370
508 382
508 425
508 471
508 500
508 633
508 843
508 925
508 968
509 30
509 198
509 277
509 332
509 337
509 698
509 796
509 822
509 909
509 965
510 44
510 80
510 106
510 451
510 480
510 715
510 789
510 847
510 850
510 988
511 345
511 475
511 653
512 70
512 73
512 162
512 398
512 668
512 734
512 746
512 792
512 922
512 949
513 75
513 372
513 436
513 502
513 509
513 579
513 592
513 616
513 649
513 701
513 709
513 745
513 804
513 832
514 123
514 213
514 270
514 271
514 542
514 668
514 719
514 758
514 764
514 899
515 56
515 92
515 260
515 528
516 13
516 534
516 688
516 713
516 827
516 955
517 87
517 118
517 201
517 269
517 299
517 391
517 447
517 450
517 706
517 750
517 972
518 76
518 121
518 379
518 400
518 402
518 406
518 469
518 475
518 542
518 719
518 895
519 147
519 162
519 211
519 401
519 466
519 675
519 960
520 20
520 332
520 555
520 724
520 762
520 781
520 850
520 884
520 905
521 13
521 92
521 142
521 246
521 316
521 406
521 547
521 679
521 720
522 142
522 154
522 221
522 253
522 260
522 290
522 301
522 447
522 463
522 745
522 946
523 93
523 237
523 408
523 450
523 460
523 706
523 909
523 928
524 180
524 258
524 508
524 595
524 779
524 898
524 943
524 985
525 28
525 125
525 161
525 259
525 315
525 383
525 537
525 588
525 765
525 867
525 916
525 942
526 34
526 50
526 188
526 403
526 413
526 745
526 799
526 851
526 911
526 970
527 60
527 75
527 90
527 188
527 252
527 277
527 331
527 418
527 515
527 532
527 609
527 697
527 751
527 793
527 851
527 952
528 44
528 72
528 205
528 241
528 481
528 912
529 10
529 19
529 180
529 339
529 503
529 521
529 603
529 945
529 976
530 118
530 205
530 254
530 363
530 605
530 622
531 51
531 57
531 227
531 295
531 715
531 792
532 70
532 174
532 175
532 557
532 813
532 864
532 907
533 40
533 212
533 228
533 400
533 406
533 423
533 452
533 461
533 517
533 579
534 36
534 184
534 198
534 369
534 458
534 491
534 595
534 621
534 692
534 714
534 825
534 879
534 957
535 158
535 226
535 274
535 360
535 391
535 446
535 716
535 805
535 859
536 15
536 111
536 184
536 272
536 280
536 409
536 469
536 560
536 576
536 591
536 779
536 902
536 912
536 969
536 974
537 177
537 313
537 360
537 424
537 454
537 456
537 674
537 745
537 761
537 859
538 152
538 184
538 339
538 454
538 540
538 566
538 567
538 646
538 714
538 763
538 913
538 989
539 2
539 120
539 181
539 462
539 561
539 572
539 605
539 642
539 644
539 655
539 699
539 731
539 826
540 70
540 220
540 284
540 321
540 442
540 486
540 487
540 491
540 671
540 773
540 810
540 909
541 68
541 173
541 239
541 285
541 354
541 504
541 558
541 566
541 586
541 757
541 820
541 968
541 999
542 127
542 162
542 266
542 281
542 580
542 585
542 720
542 732
542 870
542 968
543 56
543 59
543 88
543 214
543 444
543 532
543 574
543 861
543 882
543 934
544 96
544 221
544 241
544 348
544 398
544 502
544 697
544 783
544 850
544 982
545 78
545 89
545 100
545 287
545 304
545 525
545 756
545 826
545 995
546 19
546 545
546 553
546 796
546 825
546 890
547 487
547 512
547 536
547 940
547 962
548 50
548 191
548 198
548 325
548 381
548 780
548 783
549 121
549 151
549 159
549 370
549 519
549 651
549 681
549 898
550 1
550 14
550 44
550 65
550 303
550 397
550 448
550 615
550 812
550 845
550 853
550 982
551 10
551 27
551 80
551 85
551 143
551 144
551 481
551 492
551 503
551 665
551 689
551 919
551 997
552 67
552 94
552 118
552 245
552 457
552 479
552 581
552 594
552 613
552 764
552 956
553 73
553 78
553 143
553 229
553 241
553 316
553 325
553 565
553 579
553 827
553 868
554 107
554 380
554 437
554 650
554 662
554 734
554 795
554 837
554 860
554 864
554 894
555 219
555 265
555 271
555 301
555 341
555 450
555 487
555 490
555 666
555 671
555 699
555 741
555 871
555 887
555 907
555 964
555 989
556 55
556 70
556 309
556 337
556 344
556 357
556 373
556 398
556 553
556 670
556 689
556 797
556 892
557 51
557 90
557 115
557 263
557 519
557 545
557 782
558 52
558 341
558 365
558 535
558 830
558 925
558 930
558 969
559 108
559 233
559 236
559 302
559 481
559 562
559 598
559 632
559 672
559 687
559 827
560 64
560 161
560 255
560 373
560 419
560 453
560 546
560 600
560 657
560 769
560 835
560 912
560 969
561 13
561 88
561 91
561 183
561 225
561 365
561 578
561 651
561 654
561 656
561 968
562 166
562 169
562 432
562 492
562 585
562 795
562 805
562 938
563 75
563 79
563 153
563 223
563 231
563 233
563 346
563 403
563 407
563 626
563 897
563 915
564 111
564 553
564 595
564 647
564 652
564 660
564 774
564 785
564 803
564 897
564 986
565 5
565 231
565 307
565 343
565 582
565 715
565 789
565 790
565 969
566 122
566 156
566 444
566 475
566 532
566 575
566 644
566 930
567 12
567 36
567 155
567 162
567 385
567 404
567 594
567 782
567 833
567 840
567 885
568 87
568 129
568 136
568 191
568 219
568 316
568 424
568 637
568 777
568 814
569 370
569 604
569 776
569 832
569 922
570 30
570 83
570 192
570 534
570 555
570 650
570 881
571 294
571 342
571 346
571 406
571 663
571 719
571 761
571 886
571 985
572 196
572 220
572 234
572 282
572 342
572 495
572 537
572 784
572 954
573 6
573 18
573 70
573 380
573 402
573 447
573 526
573 540
573 594
573 613
573 620
573 690
573 962
574 41
574 145
574 256
574 421
574 670
574 931
575 147
575 208
575 225
575 265
575 352
575 411
575 422
575 448
575 524
575 540
575 663
575 848
575 867
575 887
575 948
576 44
576 88
576 316
576 546
576 779
576 793
577 375
577 430
577 437
577 590
577 787
577 879
578 45
578 125
578 140
578 368
578 640
578 697
578 762
578 817
578 833
579 67
579 256
579 344
579 366
579 418
579 419
579 440
579 673
579 749
579 832
579 950
579 992
580 39
580 97
580 202
580 242
580 366
580 430
580 578
580 649
580 730
580 758
580 878
581 141
581 212
581 322
581 360
581 366
581 577
581 722
581 979
582 302
582 352
582 474
582 586
582 637
582 812
582 856
582 887
583 56
583 172
583 212
583 213
583 378
583 600
583 748
583 796
584 216
584 267
584 316
584 473
584 682
584 749
584 832
584 918
584 940
585 706
585 998
586 74
586 117
586 146
586 189
586 241
586 260
586 277
586 394
586 397
586 487
586 490
586 742
586 859
586 963
587 144
587 210
587 232
587 619
587 628
587 878
587 890
588 26
588 142
588 148
588 153
588 181
588 192
588 204
588 369
588 496
588 667
588 766
588 987
589 59
589 77
589 204
589 598
589 601
589 675
590 2
590 294
590 307
590 340
590 465
590 561
590 665
590 792
590 886
590 920
590 987
590 991
591 17
591 352
591 656
591 763
591 989
592 98
592 168
592 170
592 250
592 426
592 443
592 559
592 651
592 712
592 746
592 844
593 92
593 109
593 145
593 151
593 348
593 404
593 464
593 524
593 620
593 630
593 652
593 803
593 872
593 934
593 999
594 82
594 115
594 150
594 306
594 495
594 750
594 995
595 140
595 364
595 417
595 430
595 449
595 471
595 575
595 681
595 772
595 843
595 853
596 34
596 151
596 163
596 321
596 361
596 434
596 470
596 507
596 514
596 703
596 749
596 831
596 883
597 43
597 239
597 253
597 551
597 563
597 839
597 922
598 72
598 129
598 194
598 247
598 701
598 757
598 773
598 876
598 972
598 988
599 70
599 177
599 212
599 248
599 364
599 554
600 161
600 236
600 419
600 470
600 484
600 512
600 554
600 562
600 570
600 624
600 738
601 134
601 203
601 208
601 314
601 688
601 760
601 830
601 886
601 915
602 194
602 490
602 855
602 935
602 940
603 32
603 271
603 340
603 346
603 391
603 411
603 468
603 655
603 938
604 275
604 476
604 506
604 522
604 536
604 664
604 732
604 751
604 947
604 949
605 229
605 268
605 272
605 425
605 721
605 739
605 780
605 832
605 872
605 887
605 996
606 42
606 44
606 212
606 356
606 459
606 711
606 771
607 114
607 148
607 187
607 226
607 236
607 267
607 322
607 554
607 573
607 612
607 632
607 687
607 770
607 828
607 847
608 7
608 59
608 96
608 105
608 107
608 122
608 195
608 262
608 303
608 403
608 422
608 432
608 459
608 679
608 752
608 800
609 2
609 37
609 109
609 161
609 176
609 196
609 483
609 493
609 660
609 824
610 187
610 379
610 402
610 562
610 604
610 655
610 705
610 779
610 790
610 868
611 129
611 170
611 189
611 220
611 481
611 503
611 557
611 670
611 761
611 833
611 852
611 868
611 893
612 113
612 267
612 273
612 297
612 323
612 363
612 594
612 655
612 664
612 684
612 688
612 746
612 861
612 942
612 966
613 24
613 114
613 132
613 326
613 341
613 538
613 684
613 880
613 941
614 353
614 439
614 643
614 698
614 759
614 955
614 994
615 21
615 28
615 59
615 96
615 163
615 207
615 271
615 652
615 680
615 719
615 723
615 745
616 167
616 192
616 314
616 360
616 591
616 757
616 871
616 905
616 935
617 28
617 96
617 98
617 178
617 205
617 309
617 377
617 547
617 638
617 671
617 819
618 3
618 105
618 158
618 431
618 466
618 545
618 684
618 720
618 851
619 15
619 67
619 87
619 262
619 271
619 277
619 565
619 624
619 670
619 817
620 21
620 220
620 240
620 405
620 485
620 598
620 781
621 24
621 78
621 198
621 291
621 327
621 477
621 769
621 783
621 812
621 861
621 984
622 133
622 164
622 221
622 257
622 425
622 823
622 906
622 909
623 14
623 274
623 293
623 334
623 656
623 857
623 897
623 915
624 6
624 30
624 49
624 85
624 263
624 478
624 788
624 823
624 931
625 322
625 357
625 420
625 538
625 581
625 590
625 605
625 687
625 712
625 742
625 780
625 824
625 871
625 909
625 984
626 77
626 99
626 102
626 152
626 304
626 495
626 557
626 559
626 576
626 609
626 658
626 679
626 714
626 934
627 96
627 111
627 263
627 329
627 502
627 582
627 973
628 50
628 94
628 131
628 342
628 378
628 493
628 546
628 590
628 821
628 911
628 991
629 43
629 131
629 202
629 315
629 322
629 507
629 714
629 873
630 9
630 113
630 298
630 332
630 381
630 499
630 524
630 640
630 779
631 26
631 150
631 243
631 253
631 495
631 710
631 858
631 865
631 898
631 937
631 979
631 989
631 990
632 103
632 118
632 198
632 492
632 669
632 991
633 59
633 299
633 349
633 582
633 593
633 640
633 702
633 770
633 894
634 9
634 30
634 300
634 335
634 405
634 436
634 485
634 716
634 949
635 32
635 40
635 41
635 105
635 298
635 394
635 714
635 755
635 763
635 855
635 868
635 884
635 907
635 912
636 50
636 94
636 252
636 272
636 296
636 338
636 758
636 774
636 872
636 897
636 913
636 915
636 980
637 1
637 15
637 82
637 99
637 103
637 140
637 225
637 248
637 257
637 398
637 434
637 636
637 639
637 688
637 692
637 716
637 935
638 17
638 20
638 168
638 447
638 470
638 558
638 600
638 886
638 891
638 974
638 975
639 22
639 48
639 147
639 175
639 254
639 263
639 272
639 293
639 500
639 904
640 173
640 325
640 333
640 476
640 751
640 817
640 825
640 900
640 921
640 989
641 24
641 223
641 423
641 485
641 580
641 658
641 712
641 720
642 71
642 271
642 386
642 387
642 557
642 630
642 632
642 690
642 837
642 915
642 991
643 141
643 209
643 253
643 346
643 396
643 413
643 440
643 555
643 876
644 163
644 165
644 190
644 216
644 528
644 588
644 830
644 857
644 926
644 950
644 974
645 34
645 235
645 582
645 658
645 688
645 792
646 147
646 148
646 231
646 401
646 422
646 718
646 751
646 820
646 951
647 78
647 85
647 436
647 611
647 659
647 697
647 875
647 970
648 85
648 119
648 125
648 157
648 285
648 352
648 410
648 448
648 702
648 768
648 858
648 994
648 998
649 36
649 115
649 121
649 155
649 251
649 353
649 565
649 698
649 733
649 896
649 923
649 954
649 996
650 8
650 50
650 55
650 65
650 346
650 354
650 372
650 428
650 466
650 497
650 569
650 599
650 643
650 683
650 764
651 5
651 159
651 196
651 445
651 498
651 989
652 207
652 306
652 530
652 706
652 762
652 796
652 821
652 840
653 43
653 67
653 82
653 216
653 226
653 316
653 334
653 453
653 457
653 461
653 495
653 572
653 657
653 708
653 774
653 788
653 814
653 854
653 895
654 68
654 119
654 236
654 283
654 446
654 502
654 529
654 665
654 721
654 834
655 70
655 217
655 258
655 356
655 477
655 480
655 607
655 688
655 691
655 693
655 700
655 790
655 898
656 146
656 298
656 332
656 612
656 738
657 148
657 211
657 221
657 263
657 383
657 468
657 471
657 984
658 92
658 265
658 427
658 456
658 666
658 957
659 107
659 341
659 402
659 458
659 767
660 21
660 72
660 143
660 181
660 363
660 375
660 436
660 488
660 732
660 926
660 993
660 994
661 34
661 79
661 118
661 145
661 466
661 706
661 784
661 970
661 971
662 76
662 291
662 348
662 464
662 578
662 631
662 758
663 22
663 87
663 237
663 280
663 308
663 471
663 549
663 581
663 654
663 682
663 868
663 871
663 886
663 890
663 986
664 356
664 384
664 563
664 648
665 158
665 332
665 356
665 362
665 399
665 592
665 729
665 923
666 152
666 423
666 490
666 511
666 775
666 821
666 877
666 913
667 116
667 119
667 120
667 139
667 376
667 534
667 535
667 757
667 784
667 817
667 916
668 3
668 314
668 326
668 403
668 456
668 520
668 583
668 597
668 691
668 788
668 888
668 957
669 144
669 150
669 188
669 273
669 311
669 336
669 358
669 754
669 905
669 947
669 960
670 21
670 54
670 164
670 186
670 293
670 340
670 512
670 632
671 139
671 427
671 433
671 871
671 888
671 917
671 941
671 987
672 156
672 214
672 251
672 424
672 470
672 703
672 704
672 761
672 829
672 946
673 85
673 184
673 303
673 568
673 580
673 787
673 980
674 133
674 139
674 274
674 276
674 331
674 358
674 501
674 507
674 532
674 534
674 555
674 616
674 955
675 175
675 213
675 248
675 271
675 359
675 646
675 692
675 812
676 220
676 284
676 507
676 583
676 586
676 688
676 710
676 756
676 760
676 774
677 33
677 119
677 411
677 569
677 587
677 619
677 872
677 947
678 24
678 206
678 354
678 384
678 459
678 521
678 607
678 692
678 700
678 717
678 723
678 730
678 800
678 953
678 971
679 200
679 230
679 261
679 451
679 467
679 520
679 553
679 626
679 636
679 722
679 914
679 992
680 53
680 86
680 225
680 377
680 413
680 424
680 521
680 758
680 824
680 846
680 851
680 871
680 956
680 995
681 5
681 19
681 23
681 329
681 472
681 570
681 753
681 813
681 842
681 849
681 872
681 886
681 912
682 46
682 118
682 162
682 182
682 209
682 236
682 347
682 373
682 379
682 403
682 775
682 878
682 967
683 94
683 132
683 148
683 186
683 274
683 289
683 471
683 530
683 620
683 775
683 811
684 138
684 178
684 346
685 3
685 162
685 178
685 223
685 278
685 339
685 749
686 299
686 487
686 552
686 568
686 692
686 696
686 891
686 918
687 2
687 141
687 294
687 377
687 414
687 437
687 471
687 588
687 595
687 610
687 713
687 786
687 833
688 72
688 169
688 306
688 367
688 437
688 615
688 664
688 807
688 861
688 880
688 895
688 980
689 155
689 171
689 272
689 307
689 433
689 655
689 674
689 718
689 903
689 951
689 976
690 46
690 516
690 568
690 744
690 799
690 821
690 849
690 957
690 973
691 20
691 91
691 431
691 448
691 521
691 548
691 641
691 815
692 41
692 362
692 368
692 450
692 485
692 492
692 524
692 730
692 938
693 82
693 165
693 170
693 289
693 361
693 585
693 833
693 955
693 982
694 2
694 19
694 74
694 243
694 342
694 415
694 605
694 681
694 807
694 832
694 863
694 893
694 913
694 987
695 42
695 46
695 386
695 462
695 744
695 797
695 865
695 947
696 88
696 132
696 254
696 312
696 378
696 432
696 521
696 695
696 796
697 259
697 269
697 425
697 799
698 6
698 11
698 72
698 114
698 625
698 745
698 931
698 955
699 4
699 442
699 455
699 682
699 814
699 953
699 989
700 28
700 61
700 62
700 169
700 473
700 582
700 640
700 725
700 855
700 884
701 77
701 124
701 181
701 329
701 342
701 354
701 600
701 713
701 768
701 817
701 828
701 840
701 909
701 977
702 90
702 251
702 465
702 532
702 634
702 726
702 773
702 784
702 881
703 280
703 328
703 510
703 783
703 882
704 224
704 280
704 356
704 537
704 847
704 935
705 197
705 243
705 642
705 928
705 930
706 72
706 76
706 153
706 154
706 206
706 234
706 386
706 419
706 429
706 458
706 526
706 600
706 666
706 697
706 732
706 790
706 925
707 62
707 76
707 101
707 133
707 291
707 335
707 361
707 413
707 444
707 542
707 563
707 770
707 812
707 856
707 912
707 998
708 63
708 78
708 103
708 137
708 172
708 185
708 254
708 352
708 538
708 586
708 619
708 626
708 688
708 725
708 735
708 758
708 836
709 198
709 392
709 489
709 773
709 788
709 926
710 331
710 492
710 569
710 807
710 842
710 992
711 197
711 285
711 410
711 423
711 481
711 504
711 593
711 639
711 650
711 972
712 23
712 175
712 204
712 243
712 371
712 395
712 478
712 680
712 847
713 135
713 330
713 507
713 551
713 630
713 767
713 806
713 887
714 35
714 95
714 123
714 280
714 435
714 437
714 477
714 610
714 615
714 813
714 949
715 153
715 244
715 263
715 328
715 339
715 689
715 720
715 842
715 874
715 942
716 445
716 500
716 645
716 770
716 784
716 785
716 798
717 70
717 196
717 229
717 409
717 497
717 700
717 761
717 879
717 934
717 958
717 984
718 170
718 195
718 281
718 315
718 356
718 370
718 391
718 491
718 528
718 781
719 1
719 116
719 209
719 404
719 545
719 632
719 660
719 679
719 906
720 449
720 607
720 684
720 747
720 794
720 945
721 63
721 103
721 144
721 154
721 192
721 243
721 393
721 561
721 733
721 883
721 919
721 973
722 16
722 94
722 260
722 314
722 321
722 330
722 391
722 457
722 467
722 563
722 595
722 630
722 746
722 954
722 991
722 993
722 998
723 35
723 134
723 306
723 346
723 351
723 429
723 781
723 894
723 992
724 123
724 158
724 244
724 342
724 362
724 412
724 420
724 470
724 479
724 502
724 669
724 863
725 53
725 103
725 272
725 311
725 314
725 378
725 380
725 501
725 552
725 583
725 884
725 933
725 939
725 943
726 70
726 153
726 157
726 193
726 309
726 558
726 580
726 905
727 126
727 131
727 215
727 295
727 430
727 514
727 569
727 592
727 595
727 692
727 932
728 43
728 197
728 296
728 363
728 433
728 481
728 560
728 561
728 877
728 926
728 946
728 965
728 977
729 152
729 188
729 202
729 299
729 442
729 464
729 703
729 709
729 742
729 930
729 990
729 993
730 101
730 107
730 172
730 581
730 770
730 891
730 900
730 946
731 39
731 90
731 130
731 190
731 285
732 1
732 21
732 40
732 262
732 279
732 311
732 369
732 418
732 440
732 451
732 572
732 594
732 620
732 680
732 862
732 967
733 372
733 456
733 507
733 550
733 580
733 829
733 878
733 907
733 962
734 431
734 809
735 87
735 255
735 364
735 514
735 557
735 637
735 837
735 868
735 876
735 889
735 939
735 962
735 987
736 256
736 394
736 470
736 519
736 671
736 767
736 828
736 834
736 846
736 853
736 855
736 870
737 343
737 402
737 474
737 526
737 571
737 595
737 656
737 778
737 808
737 825
737 829
738 31
738 175
738 184
738 333
738 347
738 354
738 414
738 449
738 490
738 536
738 871
738 908
739 46
739 135
739 142
739 160
739 489
739 558
739 591
739 615
739 630
739 788
739 791
739 827
740 49
740 121
740 223
740 297
740 334
740 405
740 426
740 480
740 596
740 606
740 621
740 640
740 651
740 972
741 9
741 49
741 151
741 172
741 235
741 241
741 327
741 427
742 47
742 73
742 84
742 404
742 594
742 821
742 866
743 4
743 35
743 46
743 76
743 79
743 106
743 157
743 169
743 234
743 366
743 454
743 468
743 492
743 547
743 554
743 572
743 590
743 593
743 861
743 927
743 939
744 48
744 77
744 163
744 216
744 306
744 329
744 517
744 679
744 692
744 832
745 206
745 435
745 592
745 659
745 887
745 971
746 14
746 65
746 92
746 224
746 503
746 576
746 634
747 62
747 201
747 251
747 274
747 309
747 403
747 432
747 509
747 616
747 951
747 972
747 995
748 62
748 197
748 201
748 203
748 240
748 259
748 348
748 514
748 709
748 753
748 847
748 885
748 889
749 6
749 46
749 374
749 494
749 520
749 539
749 598
749 822
749 847
750 55
750 281
750 480
750 653
750 864
750 919
750 991
751 299
751 450
751 674
752 66
752 89
752 469
752 522
752 542
752 561
752 682
752 712
752 860
753 157
753 162
753 230
753 332
753 400
753 712
753 804
753 813
754 18
754 61
754 178
754 235
754 243
754 313
754 696
754 756
754 842
754 879
754 904
754 967
755 105
755 155
755 182
755 208
755 261
755 453
755 467
755 526
755 552
755 594
755 632
755 640
755 742
755 993
756 61
756 90
756 133
756 150
756 275
756 334
756 513
756 677
756 751
756 911
757 85
757 86
757 137
757 227
757 358
757 383
757 498
757 530
757 661
757 804
757 850
757 932
758 109
758 241
758 338
758 440
758 566
758 635
758 642
758 671
758 830
758 921
759 241
759 408
759 496
759 509
759 577
759 607
759 867
760 481
760 493
760 666
761 108
761 114
761 209
761 293
761 474
761 681
761 687
761 946
762 153
762 155
762 398
762 453
762 780
762 909
762 948
762 962
763 36
763 122
763 163
763 342
763 659
763 765
763 825
763 869
763 954
764 216
764 534
764 652
764 998
765 5
765 14
765 16
765 165
765 200
765 264
765 303
765 476
765 617
765 778
765 838
766 136
766 149
766 327
766 339
766 434
766 591
766 692
766 720
766 736
766 869
767 17
767 205
767 209
767 237
767 332
767 418
767 507
767 635
767 737
767 804
768 143
768 187
768 274
768 314
768 329
768 355
768 391
768 411
768 619
768 726
768 781
768 805
768 972
769 34
769 71
769 373
769 666
769 700
769 995
770 84
770 97
770 151
770 239
770 318
770 404
770 479
770 536
770 600
770 753
770 797
770 815
770 927
771 48
771 278
771 317
771 455
771 518
771 521
771 555
771 559
771 703
772 13
772 221
772 246
772 295
772 385
772 519
772 661
772 742
772 862
772 896
772 903
772 915
772 922
772 997
773 93
773 123
773 258
773 361
773 489
773 637
773 676
773 740
773 824
773 849
774 479
774 503
774 730
774 830
774 937
774 980
775 8
775 16
775 160
775 305
775 309
775 316
775 686
775 912
776 43
776 112
776 378
776 384
776 426
776 466
776 485
776 505
776 517
776 571
776 589
776 921
776 923
776 928
776 999
777 23
777 252
777 257
777 487
777 493
777 694
777 863
777 984
778 117
778 418
778 429
778 661
778 668
778 683
779 43
779 47
779 53
779 106
779 136
779 361
779 467
779 542
779 730
780 24
780 28
780 236
780 259
780 272
780 396
780 474
780 610
780 705
780 857
781 4
781 154
781 341
781 430
781 500
781 534
781 668
781 734
781 951
782 56
782 70
782 131
782 140
782 204
782 209
782 299
782 356
782 372
782 536
782 669
782 810
782 906
782 941
783 153
783 408
783 543
783 595
783 728
783 916
783 956
783 999
784 22
784 188
784 238
784 313
784 339
784 525
784 597
784 642
784 705
784 893
785 31
785 224
785 404
785 527
785 534
786 85
786 198
786 421
786 424
786 512
786 537
786 542
786 703
786 755
786 807
786 867
786 937
787 68
787 384
787 471
787 473
787 519
787 699
787 809
788 87
788 317
788 400
788 458
788 621
788 835
788 908
788 916
789 130
789 136
789 338
789 417
789 448
789 490
789 515
789 570
789 580
789 788
789 876
790 30
790 36
790 43
790 97
790 181
790 596
790 641
790 650
790 652
790 678
790 727
791 33
791 57
791 63
791 141
791 194
791 317
791 345
791 376
791 422
791 457
791 556
791 564
791 599
791 790
791 919
791 980
792 70
792 133
792 197
792 296
792 305
792 573
792 836
792 974
792 989
793 75
793 89
793 759
793 762
793 876
793 981
794 220
794 311
794 489
794 681
794 768
794 820
795 79
795 137
795 328
795 359
795 399
795 419
795 540
795 594
795 607
795 696
795 772
795 836
796 82
796 137
796 260
796 289
796 323
796 434
796 570
796 615
796 687
796 716
796 764
796 767
796 988
797 290
797 325
797 748
797 840
797 966
798 93
798 154
798 200
798 339
798 440
798 532
798 935
798 984
799 87
799 264
799 267
799 330
799 401
799 408
799 440
799 442
799 634
799 639
799 691
799 849
799 864
800 16
800 20
800 228
800 271
800 331
800 356
800 386
800 439
800 624
800 820
800 990
800 993
801 38
801 158
801 326
801 554
801 598
801 667
801 686
801 842
802 9
802 141
802 439
802 455
802 468
802 599
802 631
802 881
802 967
803 7
803 127
803 152
803 177
803 281
803 321
803 592
803 598
803 613
803 615
803 667
803 673
803 771
803 789
803 883
804 224
804 338
804 424
804 616
804 741
804 802
804 819
804 829
805 109
805 305
805 446
805 537
805 547
805 806
805 895
805 944
806 149
806 190
806 244
806 373
806 389
806 403
806 823
806 893
806 970
807 6
807 69
807 80
807 194
807 312
807 651
807 863
807 952
808 5
808 125
808 146
808 173
808 219
808 662
808 690
808 841
808 865
808 894
809 66
809 153
809 185
809 300
809 305
809 361
809 414
809 472
809 475
809 505
809 518
809 730
809 836
809 893
809 969
810 21
810 90
810 108
810 165
810 199
810 393
810 552
810 724
810 882
811 106
811 347
811 356
811 488
811 553
811 620
811 701
811 809
811 853
811 983
812 46
812 83
812 170
812 420
812 456
812 468
812 514
812 766
812 813
812 840
812 841
813 65
813 85
813 348
813 405
813 553
813 574
813 615
813 652
813 686
813 752
813 790
813 844
813 892
813 912
813 927
813 952
813 995
814 69
814 122
814 183
814 238
814 301
814 325
814 435
814 512
814 528
814 548
814 655
814 724
814 759
814 970
815 92
815 256
815 343
815 368
815 535
815 658
815 738
815 896
815 902
815 916
815 965
815 977
816 50
816 99
816 320
816 351
816 671
816 840
816 984
817 16
817 211
817 220
817 272
817 316
817 328
817 371
817 412
817 634
817 739
817 828
817 841
818 26
818 69
818 473
818 589
818 924
819 21
819 63
819 93
819 220
819 337
819 456
819 503
819 527
819 533
819 682
819 807
819 828
819 910
819 927
820 99
820 248
820 290
820 303
820 595
820 654
820 699
821 86
821 108
821 137
821 152
821 172
821 223
821 337
821 547
821 659
821 763
821 866
821 950
822 6
822 28
822 89
822 96
822 130
822 290
822 500
822 662
822 694
823 58
823 97
823 599
823 623
823 680
823 682
823 735
823 826
823 828
824 39
824 292
824 553
824 569
824 752
824 759
824 907
824 935
825 129
825 204
825 237
825 312
825 416
825 765
825 788
825 789
825 827
825 945
826 4
826 30
826 166
826 264
826 454
826 569
826 653
826 675
826 686
826 753
826 801
826 806
826 848
826 973
827 6
827 39
827 56
827 366
827 391
827 463
827 496
827 547
827 841
827 875
828 4
828 256
828 402
828 643
829 0
829 41
829 85
829 398
829 685
829 749
829 786
829 814
829 968
830 14
830 223
830 295
830 318
830 331
830 499
830 544
830 575
830 790
830 941
831 57
831 125
831 198
831 251
831 258
831 326
831 416
831 489
831 577
831 773
831 798
831 923
831 969
831 991
832 102
832 131
832 336
832 369
832 376
832 456
832 817
832 929
832 976
833 46
833 79
833 195
833 257
833 309
833 352
833 419
833 609
833 619
833 778
833 884
834 103
834 149
834 263
834 280
834 387
834 437
834 521
834 589
834 659
834 798
834 883
834 989
835 236
835 322
835 385
835 387
835 728
835 824
835 853
836 91
836 194
836 320
836 381
836 471
836 522
836 546
836 801
836 824
836 854
836 873
836 923
837 19
837 63
837 65
837 361
837 413
837 446
837 466
837 599
837 818
837 899
838 7
838 89
838 98
838 202
838 582
838 887
839 248
839 268
839 355
839 387
839 414
839 549
839 570
839 601
839 615
839 670
839 840
840 23
840 286
840 297
840 566
840 769
840 853
840 873
840 912
840 956
840 999
841 35
841 151
841 252
841 571
841 694
841 719
841 765
841 843
841 865
841 892
841 918
841 964
842 79
842 89
842 171
842 340
842 341
842 352
842 425
842 500
842 509
842 690
842 695
842 697
842 796
842 862
842 953
843 9
843 52
843 77
843 353
843 553
843 577
843 642
843 766
843 864
843 981
844 47
844 73
844 128
844 419
844 448
844 460
844 614
844 650
844 778
844 812
844 886
844 910
844 994
845 7
845 109
845 290
845 659
845 822
845 888
846 144
846 356
846 705
846 795
846 924
847 200
847 223
847 247
847 382
847 389
847 530
847 668
847 790
847 807
848 43
848 57
848 73
848 95
848 180
848 368
848 489
848 549
848 570
848 661
848 761
848 858
848 946
849 236
849 446
849 617
849 757
849 826
849 907
850 159
850 342
850 343
850 469
850 617
850 658
850 708
850 795
850 818
850 821
850 833
850 856
850 937
850 955
850 997
851 41
851 205
851 287
851 446
851 546
851 709
851 820
851 846
852 52
852 209
852 338
852 435
852 496
852 551
852 596
852 639
852 724
852 844
852 960
852 990
853 373
853 386
853 498
853 611
853 834
853 875
853 955
853 979
854 77
854 129
854 150
854 521
854 631
854 719
854 781
854 793
854 845
854 923
855 127
855 130
855 163
855 166
855 199
855 226
855 623
855 682
855 850
855 894
855 956
856 215
856 342
856 377
856 535
856 666
856 813
856 860
857 39
857 61
857 248
857 299
857 731
857 841
857 910
857 997
858 32
858 216
858 242
858 588
858 721
858 811
859 167
859 300
859 310
859 331
859 506
859 557
859 588
859 609
859 689
859 722
859 753
859 765
859 790
859 795
859 930
860 38
860 80
860 148
860 185
860 299
860 378
860 566
860 811
860 998
861 116
861 290
861 306
861 815
861 875
861 942
862 72
862 156
862 161
862 348
862 432
862 484
862 523
862 636
862 891
862 961
863 243
863 258
863 264
863 396
863 541
863 592
863 613
863 628
863 650
863 944
864 65
864 112
864 173
864 271
864 486
864 698
864 712
864 721
864 771
864 841
865 53
865 379
865 830
866 72
866 168
866 182
866 198
866 211
866 360
866 417
866 475
866 633
866 736
866 741
867 93
867 162
867 305
867 338
867 433
867 436
867 457
867 490
867 517
867 542
867 958
867 991
868 78
868 126
868 343
868 400
868 561
868 618
868 718
868 794
868 811
868 851
868 957
869 71
869 160
869 183
869 254
869 264
869 298
869 463
869 485
869 543
869 768
869 774
869 785
870 176
870 271
870 565
870 575
870 872
870 900
870 983
871 35
871 178
871 180
871 287
871 328
871 389
871 528
871 820
872 207
872 286
872 385
872 503
872 780
872 806
872 846
872 884
873 115
873 125
873 319
873 320
873 372
873 654
874 222
874 239
874 333
874 574
874 587
874 639
874 729
874 741
874 836
875 12
875 33
875 81
875 86
875 181
875 191
875 208
875 241
875 353
875 480
875 505
875 602
875 714
875 732
875 795
875 802
875 834
875 886
875 923
876 37
876 78
876 124
876 389
876 510
876 639
876 658
876 870
876 916
876 956
877 104
877 203
877 243
877 368
877 453
877 454
877 501
877 589
877 952
877 982
877 995
878 248
878 277
878 450
878 758
878 805
878 897
879 1
879 276
879 317
879 346
879 490
879 495
879 561
879 665
879 682
879 778
879 870
880 17
880 285
880 338
880 438
880 498
880 507
880 519
880 716
880 773
880 900
880 981
881 72
881 224
881 302
881 425
881 627
881 651
881 733
881 785
881 787
881 813
881 817
881 855
881 882
881 900
882 90
882 115
882 252
882 292
882 297
882 490
882 496
882 586
882 687
883 679
883 727
883 842
883 986
884 40
884 63
884 156
884 294
884 398
884 774
884 807
884 872
884 931
884 963
884 983
885 18
885 24
885 33
885 89
885 110
885 126
885 230
885 281
885 310
885 329
885 348
885 410
885 491
885 773
886 12
886 53
886 99
886 108
886 122
886 197
886 205
886 221
886 402
886 543
886 579
886 588
886 611
886 789
886 888
886 914
886 981
887 16
887 124
887 262
887 281
887 513
887 591
887 663
887 826
887 844
887 912
887 968
888 181
888 646
888 719
888 999
889 58
889 66
889 157
889 184
889 239
889 259
889 260
889 562
889 613
890 222
890 301
890 557
890 690
890 725
890 760
890 871
891 33
891 39
891 62
891 83
891 281
891 470
891 540
891 585
891 747
891 967
892 51
892 152
892 175
892 256
892 260
892 305
892 516
892 743
892 861
892 978
893 576
893 577
893 747
893 990
894 10
894 114
894 163
894 232
894 236
894 302
894 367
894 404
894 497
894 600
894 676
894 690
894 748
894 799
894 905
894 912
895 59
895 163
895 327
895 484
895 534
895 629
895 707
895 714
895 917
895 979
895 980
896 10
896 45
896 145
896 234
896 425
896 581
896 779
896 791
897 53
897 83
897 127
897 151
897 153
897 321
897 516
897 694
897 774
897 947
898 14
898 49
898 187
898 217
898 561
898 594
898 830
898 841
898 900
898 915
898 925
899 207
899 209
899 327
899 331
899 388
899 396
899 515
899 554
899 730
899 755
899 894
899 923
900 213
900 254
900 343
900 363
900 488
900 489
900 497
900 568
900 831
900 943
900 980
900 983
901 128
901 167
901 204
901 303
901 329
901 333
901 514
901 560
901 573
901 768
901 925
901 948
901 991
901 993
902 2
902 34
902 58
902 161
902 262
902 758
902 765
902 813
902 854
902 872
902 918
902 991
903 106
903 232
903 338
903 349
903 472
903 674
903 875
903 922
903 999
904 56
904 107
904 159
904 202
904 326
904 640
904 699
904 729
904 795
904 956
904 981
905 118
905 175
905 247
905 264
905 423
905 489
905 628
905 663
905 708
905 858
905 917
905 938
905 959
906 12
906 22
906 63
906 215
906 249
906 326
906 400
906 429
906 806
906 860
906 910
907 144
907 164
907 379
907 432
907 451
907 465
907 562
907 635
907 640
907 668
907 767
907 780
907 787
907 862
907 938
908 220
908 354
908 415
908 490
908 617
908 840
909 222
909 260
909 297
909 382
909 438
909 439
909 549
909 648
909 924
909 978
910 34
910 85
910 137
910 204
910 213
910 267
910 465
910 468
910 526
910 656
910 747
910 769
910 839
910 927
911 35
911 235
911 243
911 258
911 332
911 390
911 422
911 437
911 444
911 459
911 670
911 989
912 115
912 117
912 183
912 240
912 547
912 663
912 747
912 751
912 759
912 966
912 994
913 12
913 117
913 156
913 184
913 225
913 295
913 341
913 748
913 753
913 793
913 869
914 15
914 97
914 130
914 134
914 156
914 214
914 278
914 360
914 378
914 650
914 917
914 936
915 110
915 132
915 154
915 302
915 644
915 737
915 942
916 373
916 409
916 445
916 574
916 745
916 758
916 865
916 981
917 67
917 160
917 930
918 1
918 226
918 313
918 320
918 515
918 539
918 596
918 684
918 691
918 754
918 813
919 220
919 280
919 353
919 402
919 421
919 427
919 521
919 689
919 705
919 776
919 786
919 863
920 303
920 401
920 437
920 497
920 499
920 594
920 614
920 622
920 650
920 880
921 2
921 216
921 245
921 289
921 369
921 400
921 469
921 567
921 568
921 590
921 662
921 671
921 713
921 768
921 837
921 838
921 865
922 25
922 27
922 265
922 344
922 388
922 473
922 867
923 21
923 31
923 321
923 652
923 676
923 712
923 721
923 729
923 905
924 75
924 95
924 202
924 386
924 398
924 411
924 418
924 516
924 632
924 662
924 681
924 702
924 761
924 831
924 920
924 928
924 944
925 90
925 123
925 199
925 248
925 265
925 270
925 351
925 572
925 630
925 674
925 743
925 812
925 918
926 2
926 129
926 311
926 382
926 591
926 784
926 971
927 24
927 35
927 46
927 97
927 228
927 266
927 282
927 386
927 407
927 535
927 684
927 837
928 7
928 27
928 104
928 188
928 399
928 417
928 500
928 600
928 802
928 864
928 906
928 911
928 919
928 927
929 189
929 245
929 298
929 541
929 638
929 667
929 768
929 890
930 77
930 101
930 114
930 147
930 256
930 711
930 744
930 831
930 982
930 997
930 999
931 283
931 291
931 415
931 746
931 842
931 946
932 282
932 299
932 552
932 598
932 610
932 709
932 831
932 851
932 872
932 893
933 105
933 113
933 273
933 361
933 506
933 518
933 595
933 706
933 812
933 967
934 334
934 391
934 560
934 566
934 586
934 742
934 795
934 855
934 961
935 251
935 330
935 388
935 443
935 595
935 614
935 657
935 744
935 896
935 907
936 160
936 193
936 253
936 321
936 659
937 49
937 139
937 176
937 215
937 279
937 375
937 428
937 463
937 786
937 801
937 957
937 990
938 41
938 161
938 231
938 276
938 280
938 299
938 447
938 643
938 646
938 721
938 835
938 979
939 92
939 93
939 163
939 289
939 587
939 588
939 594
939 764
939 841
940 0
940 65
940 75
940 140
940 275
940 320
940 374
940 442
940 477
940 653
940 707
940 943
940 948
941 129
941 178
941 222
941 289
941 599
941 610
941 717
941 741
941 745
941 761
941 861
942 145
942 258
942 307
942 414
942 451
942 497
942 527
942 584
942 651
942 939
943 156
943 217
943 531
943 592
943 664
943 776
943 822
943 922
944 360
944 386
944 400
944 536
944 542
944 583
944 677
944 798
944 816
944 871
944 892
944 910
944 927
944 976
944 995
945 149
945 190
945 213
945 315
945 386
945 452
945 496
945 618
945 690
945 707
945 757
945 760
945 926
946 6
946 66
946 209
946 291
946 318
946 338
946 347
946 362
946 403
946 469
946 490
946 513
946 785
946 860
947 13
947 58
947 270
947 394
947 413
947 425
947 459
947 477
947 720
947 778
947 832
947 946
948 45
948 94
948 177
948 215
948 249
948 500
948 547
948 553
948 624
948 658
948 767
948 833
948 931
949 17
949 48
949 76
949 105
949 149
949 161
949 214
949 443
949 462
949 655
949 751
949 888
950 82
950 88
950 130
950 189
950 215
950 219
950 393
950 411
950 447
950 517
950 786
950 854
951 280
951 308
951 323
951 457
951 511
951 639
951 679
951 959
951 998
952 29
952 104
952 182
952 412
952 413
952 480
952 488
952 620
952 655
952 705
952 717
952 733
952 740
952 925
952 949
953 17
953 61
953 145
953 214
953 447
953 561
953 604
953 675
953 815
953 878
953 896
953 955
954 112
954 139
954 288
954 409
954 561
954 566
954 663
954 680
954 708
954 732
955 65
955 220
955 300
955 341
955 348
955 689
955 703
955 875
955 923
956 71
956 371
956 392
956 403
956 501
956 523
956 544
956 592
956 604
956 928
956 978
957 20
957 29
957 348
957 398
957 748
957 919
957 921
958 95
958 250
958 279
958 305
958 323
958 491
958 572
958 646
958 660
958 701
958 856
958 857
958 899
959 23
959 151
959 317
959 396
959 420
959 494
959 514
959 523
959 593
959 660
959 878
959 899
959 915
959 920
959 921
959 922
959 951
960 45
960 280
960 369
960 436
960 558
961 49
961 296
961 411
961 489
961 530
961 598
961 730
961 748
961 786
961 843
961 862
961 933
962 64
962 199
962 348
962 467
962 524
962 613
962 651
962 683
962 726
962 831
963 63
963 88
963 139
963 159
963 343
963 439
963 521
963 539
963 617
963 954
963 987
964 37
964 140
964 145
964 313
964 348
964 358
964 604
964 738
964 758
965 5
965 38
965 189
965 271
965 426
965 538
966 36
966 293
966 343
966 528
966 735
966 794
966 851
967 48
967 294
967 320
967 347
967 384
967 768
967 804
967 845
967 940
968 173
968 226
968 360
968 427
968 660
968 732
968 889
968 978
969 195
969 197
969 506
969 536
969 591
969 610
969 658
969 681
970 109
970 158
970 178
970 220
970 246
970 273
970 397
970 553
970 592
970 650
970 662
970 718
970 731
970 739
970 763
970 865
970 910
970 935
970 971
971 56
971 159
971 180
971 297
971 505
971 642
971 739
971 916
971 976
971 993
972 235
972 456
972 472
972 571
972 735
972 869
972 917
973 140
973 226
973 230
973 256
973 609
973 836
974 48
974 332
974 345
974 455
974 512
974 793
975 264
975 415
975 455
975 486
975 932
976 193
976 197
976 199
976 344
976 550
976 592
976 624
976 688
976 730
976 767
977 8
977 373
977 417
977 420
977 515
977 579
977 624
977 705
977 875
978 2
978 262
978 386
978 522
978 564
978 569
978 573
978 595
978 823
978 872
978 983
979 431
979 788
979 819
979 869
979 900
980 323
980 609
980 769
980 928
980 961
981 414
981 454
981 656
981 710
981 790
981 791
981 821
981 840
981 873
981 895
982 4
982 106
982 149
982 275
982 339
982 450
982 502
982 594
982 647
982 670
982 936
982 996
983 9
983 81
983 143
983 270
983 339
983 364
983 374
984 10
984 154
984 210
984 394
984 415
984 752
984 769
984 817
984 830
985 6
985 45
985 67
985 233
985 254
985 376
985 383
985 440
985 490
985 609
985 683
985 765
985 774
985 790
985 826
985 904
985 984
986 70
986 104
986 140
986 170
986 267
986 271
986 459
986 567
986 842
986 886
986 920
986 992
986 995
987 151
987 332
987 548
987 632
987 643
987 764
987 841
987 910
987 936
987 982
988 63
988 171
988 387
988 499
988 503
988 519
988 609
988 667
988 788
988 818
988 819
988 940
989 216
989 221
989 325
989 384
989 394
989 742
989 949
989 979
990 93
990 187
990 265
990 290
990 443
990 449
990 539
990 676
990 766
990 821
990 996
991 166
991 222
991 231
991 483
991 499
991 500
991 632
991 685
991 802
991 837
991 861
991 878
991 884
991 954
992 293
992 300
992 329
992 353
992 365
992 400
992 450
992 492
992 596
992 706
993 91
993 197
993 231
993 291
993 381
993 385
993 425
993 466
993 487
993 531
993 542
993 559
993 705
993 761
993 932
993 942
993 994
994 294
994 330
994 515
994 563
994 808
994 897
995 496
995 569
995 607
995 666
995 809
995 868
995 898
996 32
996 191
996 258
996 386
996 653
996 680
996 685
996 693
996 942
997 29
997 114
997 166
997 210
997 667
997 679
997 737
997 775
997 867
998 139
998 142
998 412
998 497
998 546
998 665
998 676
998 712
998 771
998 850
998 866
998 941
998 974
999 156
999 284
999 524
999 699
999 723
999 817
