1000 3000
0 204
0 707
0 770
1 276
1 350
1 838
1 862
2 145
2 286
2 719
2 728
2 978
4 237
4 555
4 914
5 102
5 593
5 864
6 247
6 548
6 669
7 591
8 89
8 348
8 358
8 916
10 425
10 768
10 798
10 960
11 192
11 201
11 583
11 725
11 904
12 60
12 173
12 553
12 943
13 11
13 131
13 280
13 470
13 479
14 551
14 726
14 786
14 947
15 88
15 174
15 567
15 883
15 911
16 552
17 620
17 810
18 204
18 390
18 484
19 294
19 375
20 343
20 362
20 454
20 618
21 69
21 742
22 813
23 282
23 928
23 980
24 496
24 859
25 567
25 594
25 783
26 384
26 476
26 555
26 767
26 846
27 107
28 536
28 718
28 757
29 118
29 429
29 636
29 654
29 872
29 892
30 207
30 812
30 999
31 21
31 333
31 798
31 958
31 975
32 303
32 632
32 785
33 94
33 907
34 287
34 799
34 846
35 458
36 1
36 465
36 528
37 266
37 356
37 996
38 76
38 233
38 255
38 328
38 350
38 558
38 754
39 625
39 955
40 12
40 129
40 510
40 629
40 777
40 801
41 177
41 226
42 59
42 549
42 642
42 676
42 721
43 768
43 786
43 794
44 104
44 339
44 457
44 868
45 591
45 727
46 6
46 905
47 636
47 900
48 152
48 262
48 392
49 281
49 619
49 774
50 79
50 412
50 606
50 971
51 412
51 645
52 183
52 497
53 242
53 492
53 693
54 142
54 786
54 813
54 933
55 22
55 239
55 720
55 757
55 824
55 894
56 85
56 386
57 434
58 595
59 121
59 584
59 785
59 803
60 384
60 502
60 588
61 35
61 42
61 681
61 771
61 776
62 160
62 539
62 585
62 678
63 64
63 474
64 248
64 563
64 947
65 466
66 940
66 975
67 250
67 326
67 986
68 371
68 658
69 162
69 205
69 275
70 238
71 118
71 165
71 370
71 776
72 54
72 107
72 383
72 470
72 731
73 148
73 471
74 156
74 458
74 529
74 533
74 541
74 934
74 961
75 330
75 410
76 1
76 120
76 727
76 821
76 827
76 940
77 124
77 362
77 707
78 35
78 587
78 652
78 773
79 131
79 150
79 353
79 542
79 698
80 557
80 616
80 725
81 11
81 67
81 511
81 929
82 139
82 674
82 982
83 526
83 554
83 768
84 122
84 938
85 429
85 792
86 19
86 628
87 245
87 328
87 369
88 171
88 801
89 9
89 763
90 99
90 189
90 448
90 537
90 561
90 877
91 139
92 235
93 632
93 817
93 964
93 972
94 586
94 840
94 883
95 649
95 957
96 269
96 439
96 490
96 494
96 605
96 777
96 893
96 999
97 240
97 493
97 773
97 860
98 69
98 128
98 282
98 342
98 800
98 807
99 376
99 713
100 39
100 150
100 159
100 479
100 800
100 879
101 242
101 382
102 66
102 83
102 223
102 574
103 303
103 827
104 275
104 290
104 417
105 21
105 291
105 772
105 933
106 249
106 319
106 881
107 608
107 846
107 950
108 506
108 732
109 37
110 48
110 59
110 176
110 477
110 557
110 558
111 50
111 112
111 130
111 620
111 698
112 547
113 29
113 457
113 671
113 695
113 778
113 797
113 935
114 3
114 91
114 194
114 278
114 368
114 375
114 513
114 561
114 651
114 929
115 101
115 301
115 657
115 819
115 941
116 128
116 616
116 724
116 922
116 978
116 992
117 329
117 437
117 531
117 682
117 895
118 674
118 706
119 172
119 199
119 421
119 977
121 736
122 138
122 522
123 48
123 327
123 426
123 465
123 927
123 984
124 551
124 690
124 719
124 962
124 963
125 424
125 756
125 956
126 79
126 312
126 486
127 116
127 942
128 319
128 359
128 887
130 937
131 668
132 113
132 414
133 287
133 489
134 370
134 650
134 651
134 956
135 6
135 171
135 294
135 565
135 680
135 734
135 770
136 169
136 173
136 239
136 518
136 605
136 769
138 326
138 656
138 872
139 134
139 550
140 75
140 145
140 798
141 222
141 323
141 532
141 539
142 164
143 19
143 223
143 661
143 824
145 312
145 688
145 749
145 951
147 105
147 298
147 323
147 885
148 16
148 67
148 754
149 437
149 873
149 902
150 129
150 758
150 798
151 301
151 382
151 537
151 549
151 728
152 539
152 828
152 925
153 72
153 701
154 83
154 147
154 765
155 41
155 99
155 250
155 412
157 219
157 984
159 184
159 482
159 831
161 584
161 658
161 710
162 43
162 93
162 168
162 397
162 595
162 706
162 871
163 182
163 622
163 759
164 766
165 22
166 240
166 569
167 318
167 727
167 895
168 523
168 828
168 922
169 316
169 442
170 445
170 568
170 773
170 871
171 499
172 427
172 968
173 626
174 278
174 433
174 666
175 446
175 543
176 258
176 573
176 965
177 621
178 306
178 824
179 374
179 592
180 5
180 154
181 0
182 511
182 613
183 242
183 799
183 947
184 630
186 495
186 681
186 806
186 880
187 48
187 92
187 125
187 591
187 705
189 169
189 698
190 49
190 315
190 388
190 673
190 700
191 176
191 198
192 208
192 484
192 738
192 825
193 323
193 436
193 710
193 759
194 379
194 764
195 481
195 689
195 942
196 119
196 233
197 745
197 857
198 640
199 300
199 737
200 221
200 588
200 795
201 227
201 320
201 405
201 419
201 484
201 546
201 727
202 201
202 214
202 401
203 1
203 391
203 576
203 677
203 708
204 236
204 249
204 282
205 144
205 283
205 367
205 402
206 2
206 496
206 705
207 66
207 264
207 313
207 528
207 576
207 632
207 878
207 999
208 212
208 301
208 488
208 653
209 95
209 329
209 939
210 100
210 353
210 781
211 101
211 716
211 850
212 126
212 404
212 718
212 793
213 165
213 324
213 326
213 560
214 24
214 308
215 81
215 314
215 374
215 398
215 502
216 67
216 227
216 918
217 414
218 87
218 270
218 498
218 870
219 19
219 28
219 370
219 441
220 148
220 434
220 491
220 736
221 134
221 288
221 653
221 830
222 300
222 384
223 150
223 170
223 283
223 415
223 851
223 984
224 400
224 862
224 877
225 475
225 823
225 890
226 202
226 347
227 5
227 415
227 495
228 398
228 755
229 54
229 338
229 585
230 856
231 45
231 50
231 266
231 388
231 549
232 226
232 460
232 528
232 963
233 137
233 945
234 223
234 538
234 962
234 997
235 611
236 242
236 466
236 624
236 803
237 419
237 653
237 701
238 538
238 588
239 620
240 159
241 416
241 517
241 548
242 360
243 190
244 14
244 323
244 479
244 653
245 161
245 196
245 472
245 655
245 799
246 108
246 230
246 355
246 748
246 936
247 324
247 326
247 352
247 809
248 404
248 478
248 662
248 700
248 710
249 418
249 661
249 927
250 358
250 532
250 635
250 814
251 248
252 593
253 300
253 939
253 953
254 64
254 355
254 395
254 401
254 440
255 158
255 169
255 363
255 554
256 127
256 939
256 984
257 56
257 163
257 553
257 669
258 300
258 420
258 786
259 236
259 708
260 66
260 317
260 327
260 614
260 829
260 930
261 129
261 408
261 956
261 978
262 15
262 179
262 427
262 458
262 656
262 660
263 193
263 207
263 378
263 580
264 290
264 315
264 657
265 167
265 547
265 953
266 12
266 90
267 119
267 256
267 697
268 73
268 218
268 383
268 416
268 575
268 601
268 608
268 925
269 540
269 558
269 609
271 13
271 92
271 344
271 405
271 600
272 710
272 868
273 170
273 178
274 686
274 769
274 798
274 817
274 910
274 917
275 63
275 191
275 770
275 895
276 188
276 855
277 145
277 404
277 511
277 680
278 371
278 563
278 871
279 247
279 250
279 524
279 779
279 937
280 95
281 296
281 414
282 19
282 333
282 756
282 926
284 691
284 713
284 832
285 242
285 537
286 46
286 141
286 179
286 403
287 290
287 420
287 720
287 873
287 898
288 275
288 800
288 832
288 929
289 558
291 242
291 245
292 47
292 352
292 602
292 935
293 814
294 376
294 778
295 234
295 340
295 568
295 865
295 917
296 248
296 460
296 717
296 830
298 26
298 412
299 329
299 373
299 508
300 920
301 31
301 57
301 88
302 226
302 463
302 547
303 221
303 572
303 734
304 342
304 665
304 914
306 204
306 507
306 899
307 519
307 531
307 804
309 380
310 58
310 947
311 379
311 427
311 433
311 714
311 726
312 125
312 178
312 353
312 451
313 228
313 439
313 477
313 803
314 462
314 643
314 721
314 956
315 784
316 70
316 105
316 597
316 826
316 940
316 946
317 107
317 228
317 962
318 113
318 542
318 778
318 899
318 972
319 318
319 458
319 463
320 937
321 424
323 123
323 424
323 444
323 974
324 82
324 111
324 373
325 59
325 148
325 250
325 887
326 170
326 601
327 387
328 398
328 507
328 550
328 856
328 864
329 891
330 235
330 280
330 625
330 637
330 746
331 273
332 929
333 52
333 478
334 821
334 978
335 752
335 998
336 118
336 519
337 40
337 417
337 672
338 61
338 703
338 802
339 11
339 396
339 536
339 782
339 822
340 261
340 545
341 129
341 376
341 465
341 683
341 753
341 918
341 998
342 469
343 88
343 607
343 644
344 385
344 922
346 79
346 235
347 408
347 605
347 650
347 726
347 793
347 833
347 904
348 713
348 735
348 981
349 117
349 235
350 178
350 197
350 316
350 557
350 790
351 776
352 343
352 614
352 696
352 752
353 277
353 593
354 516
354 561
355 30
355 427
356 9
356 385
356 646
358 244
358 841
358 974
359 407
359 693
359 708
359 856
359 992
360 310
360 868
361 406
361 548
361 836
361 886
362 115
362 450
362 562
362 639
362 877
363 37
363 53
364 413
364 985
365 111
365 134
366 277
366 619
366 798
367 260
367 418
367 672
367 970
368 16
368 456
368 611
368 612
369 804
370 50
370 210
370 264
370 805
371 137
371 930
372 477
373 4
374 25
374 634
375 132
375 675
376 186
376 524
377 379
377 861
378 741
379 110
380 456
380 687
380 890
381 180
381 368
381 628
382 470
382 705
384 3
384 430
384 448
384 858
385 485
386 828
386 853
387 234
387 729
387 754
387 840
388 461
388 470
388 729
388 862
388 935
389 483
389 752
389 921
390 213
390 322
391 837
392 317
392 369
392 386
392 656
393 20
393 137
393 255
393 568
393 975
394 237
394 801
395 360
396 239
396 330
396 485
396 738
397 113
397 243
397 309
397 539
397 638
397 965
398 481
398 954
399 319
399 657
400 791
400 804
401 287
401 634
401 720
401 783
402 69
402 263
402 317
402 374
403 575
403 898
403 906
404 219
404 568
405 504
405 844
405 924
406 413
406 487
406 606
406 985
407 116
409 366
410 260
411 344
412 456
415 344
415 864
415 935
416 437
416 917
417 205
417 214
417 978
418 111
418 648
419 19
419 279
420 172
420 731
420 972
421 121
421 145
421 410
422 310
422 413
422 481
422 512
422 583
422 720
422 769
423 34
423 736
424 13
424 571
424 670
424 941
425 32
425 278
425 461
425 488
425 874
426 13
426 225
426 401
426 496
426 598
426 767
426 949
426 956
426 979
427 19
427 122
427 407
427 716
427 874
428 12
429 462
429 782
430 104
430 306
430 316
430 445
430 738
430 879
431 72
431 513
432 462
432 527
432 568
432 867
432 982
433 108
433 365
434 163
434 865
435 488
435 691
436 386
436 468
437 149
437 244
437 449
437 542
437 809
437 914
438 643
438 809
439 517
439 992
440 265
440 310
440 370
440 446
440 855
441 480
441 836
441 948
441 954
442 113
442 258
442 491
442 646
442 868
442 953
442 961
443 358
443 362
443 459
443 578
443 660
443 691
444 267
444 827
445 178
445 616
445 713
445 751
446 989
447 676
448 228
448 498
448 502
449 401
449 493
449 559
449 617
450 289
450 823
451 156
451 572
452 267
452 698
453 556
453 797
454 102
454 178
454 466
454 543
455 816
456 415
456 536
456 933
456 995
457 102
457 337
457 867
458 617
458 709
459 208
459 620
459 682
460 442
460 445
460 553
460 943
461 7
461 84
461 368
461 543
461 550
461 786
462 230
462 750
462 974
463 215
463 281
463 376
464 72
464 507
464 645
464 910
465 145
465 187
466 130
466 324
466 679
467 2
467 65
467 148
467 192
468 79
468 155
468 203
468 234
468 548
468 824
468 983
469 92
469 93
469 525
470 66
470 72
470 161
470 235
471 319
471 337
471 357
471 910
472 535
472 766
472 843
472 929
473 658
474 163
474 172
474 576
474 976
475 197
475 506
475 556
475 687
475 886
476 36
477 551
478 172
478 555
478 571
479 137
479 520
480 352
480 387
480 725
481 51
481 913
482 89
482 191
482 938
482 943
483 402
483 626
483 655
483 803
483 900
484 159
484 447
485 173
485 813
486 204
486 637
486 990
487 111
487 367
487 408
487 462
488 155
488 440
488 928
489 217
489 422
490 19
490 917
490 982
491 275
491 463
491 752
492 33
492 557
492 868
493 134
493 428
493 468
493 616
494 42
494 171
494 647
495 4
495 86
495 587
496 92
496 218
496 412
496 509
496 923
496 931
497 178
497 192
497 295
497 457
497 655
497 867
498 90
498 269
498 476
498 645
498 882
499 777
501 184
501 193
501 530
501 856
501 971
502 303
502 548
502 619
502 684
502 714
502 822
503 13
503 49
503 433
503 614
503 664
503 671
503 735
503 991
504 392
505 150
505 260
506 61
506 948
507 231
507 248
507 696
508 9
509 35
509 96
509 594
509 841
509 924
509 981
510 212
510 670
510 901
510 949
511 452
511 507
511 628
511 881
511 907
512 187
512 535
513 25
513 376
513 468
513 508
513 929
514 112
514 413
514 422
514 497
514 517
515 171
515 214
515 860
516 36
516 319
516 364
516 764
516 929
518 18
518 66
518 742
518 944
518 955
519 63
519 203
519 211
519 238
519 277
519 367
519 570
520 91
520 862
520 941
521 261
521 434
521 441
521 760
522 190
522 341
523 801
524 914
525 676
525 687
526 795
527 75
527 777
528 339
528 728
528 872
528 966
529 555
529 560
530 466
530 904
531 38
531 324
531 328
532 608
533 6
533 200
533 240
533 574
534 239
534 501
534 953
535 78
535 493
535 712
535 890
536 570
538 55
538 555
539 420
540 449
541 297
541 313
542 347
542 353
542 446
543 40
543 177
543 262
543 316
544 739
544 786
544 924
545 331
546 281
546 494
546 590
546 830
547 5
547 28
547 79
547 476
547 598
547 753
547 802
548 85
548 99
548 275
548 385
548 535
548 583
549 133
549 158
549 189
549 266
549 797
549 967
550 62
550 108
550 451
551 294
551 702
552 421
552 447
552 698
552 978
553 17
553 334
554 257
554 398
554 781
554 819
554 863
555 468
555 665
556 5
556 299
556 337
556 401
556 573
556 645
557 226
557 414
557 849
557 869
558 709
558 796
558 929
559 548
559 664
559 711
559 871
560 395
560 524
560 537
561 37
561 203
561 441
561 996
562 40
562 825
563 137
563 274
563 424
563 632
564 142
564 486
565 13
565 161
565 234
565 785
565 920
565 968
566 512
567 385
567 505
568 297
569 358
571 26
571 573
571 643
571 665
571 712
571 804
572 126
572 257
572 547
572 626
573 56
573 501
573 635
573 904
574 267
574 675
575 182
575 388
575 408
576 183
576 222
576 339
576 614
578 254
578 333
578 493
578 849
579 123
579 129
579 222
579 263
579 552
579 986
580 27
580 224
580 443
580 598
580 750
580 889
581 819
581 861
582 516
582 519
582 876
583 1
583 282
583 364
583 979
584 56
584 135
584 302
584 992
585 6
585 102
585 679
586 331
586 739
586 918
586 965
586 978
587 10
587 552
587 639
587 755
587 927
588 266
588 301
588 449
588 672
588 805
588 855
589 353
589 443
589 966
590 66
590 286
590 290
590 312
590 693
590 756
590 801
591 112
591 892
592 112
592 127
592 359
592 512
592 532
593 443
593 801
594 91
594 202
594 577
595 12
596 218
596 383
596 586
596 837
596 843
596 863
597 80
597 204
597 379
597 514
597 576
597 599
598 113
598 307
598 747
599 58
599 363
599 723
600 204
600 255
600 612
600 865
601 780
602 481
602 998
603 114
603 795
604 60
604 166
604 528
604 625
604 816
605 17
605 156
606 853
606 878
607 624
608 202
608 296
608 635
608 706
609 138
609 178
609 575
609 756
609 901
610 615
611 5
611 86
611 286
611 955
612 227
612 549
612 552
612 601
612 977
612 985
613 130
614 178
614 261
614 293
614 592
614 753
614 806
615 240
615 715
615 957
616 80
616 342
616 852
617 619
617 620
617 642
618 162
618 178
618 301
618 763
618 843
619 44
620 901
621 22
621 59
621 125
621 327
621 435
621 634
622 25
622 125
622 238
623 565
623 730
625 738
625 852
626 246
626 630
626 761
626 780
626 915
626 970
627 834
627 846
628 170
628 250
628 350
628 742
628 850
628 893
628 985
629 619
629 807
630 61
630 225
630 349
630 376
630 569
630 805
631 41
632 568
632 659
632 733
632 760
632 926
632 928
633 444
633 533
635 182
635 495
635 569
635 660
635 741
635 939
636 21
636 196
636 470
636 835
637 9
637 526
637 905
638 876
639 710
639 747
639 780
639 819
640 660
641 57
641 74
641 243
641 521
641 944
642 86
642 238
643 12
643 351
643 520
643 682
643 883
643 981
645 73
645 194
645 316
645 580
645 626
645 719
645 798
646 121
646 266
646 585
646 613
646 907
647 76
647 238
648 174
648 744
649 62
649 288
649 655
650 27
650 60
650 673
650 783
651 333
651 928
652 102
652 418
653 60
653 829
654 407
655 70
655 411
655 808
656 28
656 581
656 997
658 107
658 723
659 510
659 697
659 739
659 820
660 317
660 530
660 676
660 881
661 79
661 118
661 166
662 451
662 654
662 732
663 435
663 784
663 843
663 977
664 21
664 451
664 931
665 9
665 364
665 822
666 770
667 8
667 47
667 315
667 391
668 643
669 329
669 398
669 536
669 587
669 841
669 914
669 960
670 24
670 410
671 217
671 640
672 154
672 169
672 365
672 897
672 923
672 950
673 109
673 874
673 972
674 456
674 497
674 721
675 177
675 299
675 395
675 700
675 903
676 279
676 667
676 747
677 585
677 631
678 105
678 214
678 406
679 62
679 129
679 480
679 549
680 34
680 323
680 393
680 697
681 49
681 83
681 140
681 288
681 398
682 233
682 274
682 537
682 749
682 838
682 960
683 298
683 811
683 940
684 659
685 158
685 882
686 804
687 527
687 579
688 170
688 198
688 547
688 584
689 981
690 167
690 621
691 94
691 198
691 496
691 588
691 807
692 240
692 344
692 509
692 761
693 99
693 124
693 482
693 642
694 180
694 446
694 447
694 883
695 183
695 374
695 382
695 470
695 554
695 787
696 24
697 276
697 826
697 828
698 415
698 731
699 68
699 335
699 476
700 0
701 310
701 665
702 3
702 227
702 463
702 568
702 682
703 653
703 694
703 870
704 66
704 79
704 629
705 12
705 72
705 119
705 939
705 995
706 461
706 555
706 573
706 804
707 367
707 732
708 459
708 479
708 606
708 747
709 17
709 307
709 348
709 463
709 714
709 869
710 52
710 120
710 571
710 579
710 608
711 688
711 814
711 996
712 799
712 837
713 864
714 325
714 500
714 613
715 10
715 855
716 367
717 604
717 924
718 576
719 835
720 44
721 346
721 438
722 817
722 986
723 313
723 325
723 577
723 790
724 486
724 507
724 952
724 976
725 239
725 671
725 862
726 49
726 270
726 302
726 545
726 569
726 976
727 433
727 662
728 565
728 675
728 962
729 425
729 674
730 83
730 308
730 492
730 780
730 944
731 88
731 123
731 831
732 326
732 389
732 418
732 590
732 700
733 240
734 865
735 58
735 184
735 508
735 704
736 667
737 304
737 312
737 367
737 597
737 638
738 20
738 93
738 383
738 913
739 74
739 646
740 34
740 201
740 782
740 881
741 218
741 269
741 562
742 432
742 546
743 262
743 493
743 953
743 978
744 273
744 553
744 793
744 906
745 51
746 2
746 76
746 93
747 113
747 179
747 490
747 769
748 94
748 559
748 605
748 860
749 212
750 11
751 587
752 64
752 660
752 796
752 854
753 4
753 268
753 655
754 424
754 560
754 973
755 381
755 459
755 460
755 643
755 787
756 71
756 522
756 572
756 992
757 41
757 48
757 93
757 345
757 497
759 446
759 463
759 578
760 72
760 132
760 221
760 258
760 367
760 797
761 937
762 125
762 706
762 852
762 918
763 569
763 858
763 864
764 232
764 566
766 275
766 668
766 920
767 126
767 678
768 70
768 502
768 985
769 640
769 677
769 727
770 113
770 301
770 607
770 793
771 383
771 809
771 931
772 347
772 667
773 38
773 776
774 120
774 479
774 803
775 91
775 387
775 662
775 939
776 213
776 500
776 540
777 460
777 769
778 494
778 593
779 55
780 152
780 329
780 505
780 523
780 550
780 951
781 230
781 666
781 883
782 187
782 663
783 283
783 550
783 552
783 557
783 740
783 987
784 415
784 987
785 515
786 43
786 55
786 181
786 226
786 597
786 635
786 647
787 15
787 58
787 345
788 34
788 449
789 150
789 413
791 412
791 452
792 209
792 941
792 979
793 278
793 460
794 377
794 405
794 600
794 939
795 78
795 695
796 855
796 950
797 770
798 198
798 411
798 583
798 907
799 135
799 250
799 546
799 700
799 994
800 323
800 820
801 162
801 207
801 690
801 978
802 148
802 290
802 490
802 780
802 939
803 728
804 372
805 536
805 566
805 631
806 242
806 349
806 580
807 93
807 283
807 374
807 695
807 748
808 234
808 412
808 576
808 667
809 262
809 288
811 223
811 314
811 397
811 735
811 774
811 778
811 857
811 911
812 787
812 814
812 904
813 501
813 568
814 871
815 215
815 805
815 903
816 150
816 550
816 681
817 104
817 384
817 664
817 786
817 923
818 181
818 567
818 600
818 652
819 107
819 108
819 206
819 478
820 244
820 538
820 679
820 816
820 857
820 993
821 32
821 517
822 242
822 434
822 690
822 959
823 520
823 647
823 666
823 689
823 842
823 917
824 519
824 682
825 357
825 480
825 730
825 734
825 743
825 969
826 203
826 402
826 446
826 573
826 717
826 778
826 897
827 420
827 712
827 762
827 777
827 794
828 322
828 595
828 802
828 881
830 159
831 629
831 655
831 855
831 976
832 314
832 321
832 968
833 85
833 329
833 996
834 288
834 308
834 359
834 795
835 287
835 337
835 716
835 735
835 873
836 455
836 666
836 757
836 796
836 975
837 139
837 173
837 768
838 205
838 551
838 893
838 969
839 312
839 436
839 445
839 905
841 108
841 299
841 863
841 947
842 247
842 700
842 825
842 863
843 103
843 136
843 380
843 552
843 799
843 836
846 772
846 905
847 101
847 527
848 288
848 733
848 840
849 3
849 449
849 823
850 57
850 242
850 830
850 953
851 244
853 40
853 528
854 59
855 376
855 402
855 507
855 570
855 787
856 197
856 276
856 308
856 346
856 771
857 490
857 845
857 998
858 268
858 650
859 87
859 466
859 642
859 654
860 509
860 609
860 787
861 313
861 600
862 561
863 419
863 590
863 856
864 74
864 773
864 852
865 130
866 167
866 221
866 592
866 906
867 27
867 631
868 303
868 410
868 744
868 858
868 955
869 218
869 675
869 717
869 865
869 886
869 932
870 838
871 157
871 476
872 18
872 42
872 132
874 326
874 331
874 447
874 718
874 791
875 334
876 464
876 789
876 894
877 303
877 674
877 886
877 977
878 36
878 212
878 572
878 659
878 983
879 384
879 519
879 540
879 770
881 28
881 122
881 136
882 138
882 362
882 745
883 296
883 954
884 412
884 802
884 915
884 947
885 232
885 487
885 656
885 673
885 871
886 28
886 514
886 788
887 352
887 465
887 600
887 631
887 850
888 963
889 443
889 493
889 577
890 2
890 55
890 254
890 349
890 861
890 875
891 382
891 428
892 225
892 310
892 395
892 484
892 534
892 810
892 922
892 960
893 48
893 134
893 623
893 913
893 969
894 16
894 401
894 434
894 961
895 47
895 588
895 740
895 779
896 627
896 922
897 744
897 759
898 804
898 897
899 644
900 114
900 426
901 17
901 406
901 514
901 638
901 746
901 814
902 159
902 337
904 8
904 31
904 270
904 814
904 963
905 147
905 445
905 635
905 799
906 0
907 922
907 968
908 589
910 558
910 592
910 846
911 72
911 414
911 439
911 470
911 847
912 28
912 181
912 836
913 376
913 844
913 873
914 286
914 654
914 800
915 213
915 781
915 949
915 981
916 406
916 659
916 764
916 928
917 300
917 929
918 139
919 9
919 183
919 300
919 953
920 109
920 259
920 262
920 850
921 525
921 674
921 835
922 804
922 978
923 220
923 617
924 661
924 712
925 118
925 591
925 825
925 828
926 726
926 738
926 870
926 938
928 618
928 653
930 19
930 249
930 433
931 117
931 168
931 264
931 659
932 11
932 930
933 296
933 329
933 716
933 732
933 860
934 151
934 408
934 773
935 197
935 261
936 144
936 320
936 440
936 513
936 679
938 513
938 607
938 659
939 265
940 330
940 703
941 247
941 376
942 213
942 260
942 456
942 785
943 11
943 138
943 145
943 509
944 165
945 751
945 855
946 716
946 718
946 926
947 1
947 188
947 392
947 799
948 953
949 347
949 587
949 738
950 376
950 836
951 288
951 673
951 988
952 937
953 546
953 662
953 988
954 65
954 150
954 254
955 44
955 773
955 838
956 43
956 968
957 18
958 265
958 300
959 844
960 408
961 245
961 422
962 811
963 245
963 504
963 521
963 777
964 459
964 557
964 784
965 549
965 637
965 774
966 308
966 363
968 150
968 626
968 635
968 808
968 964
969 329
969 436
969 905
970 40
970 114
971 173
971 441
971 871
971 914
972 130
972 398
972 642
972 802
972 917
972 935
972 942
973 204
973 326
973 333
973 424
973 983
974 351
974 471
975 467
975 805
975 810
976 44
976 210
976 390
976 410
976 431
977 310
977 520
977 802
978 137
978 459
978 777
979 174
979 642
980 904
981 165
981 341
982 216
982 444
982 452
982 458
982 566
983 222
983 445
983 486
984 242
984 991
985 17
985 161
985 743
985 843
986 30
986 399
986 840
987 898
988 32
988 563
988 622
989 492
989 684
989 704
989 831
990 697
990 998
991 206
991 659
991 661
991 726
992 94
992 238
992 489
992 505
992 514
992 651
993 718
994 274
994 294
994 757
994 952
995 978
996 363
996 693
997 99
998 140
998 490
998 890
999 8
999 231
999 280
999 351
999 400
999 702
999 704
999 899
999 934
999 946
