1000 5000
0 543
0 718
0 862
1 121
1 260
1 504
1 967
2 445
2 504
2 671
2 766
3 63
3 496
3 685
3 719
3 722
4 39
4 373
4 789
4 819
4 864
4 871
4 901
4 944
5 450
5 717
5 751
5 964
5 983
6 29
6 151
6 552
6 702
6 954
7 104
7 364
7 501
7 549
7 621
7 671
8 99
8 128
9 225
9 320
9 648
10 40
10 126
10 161
10 291
10 562
10 622
10 733
10 974
11 99
11 320
11 460
11 658
11 794
11 809
11 953
12 518
12 547
12 635
12 679
12 695
12 814
13 157
13 352
13 425
13 566
13 646
13 949
14 65
14 127
14 133
14 137
14 219
14 330
14 443
14 490
14 520
14 843
14 853
15 0
15 392
15 780
15 882
16 298
16 413
16 631
17 183
17 326
17 619
17 631
17 695
17 727
17 751
17 823
18 165
18 453
19 28
19 39
19 209
19 214
20 531
20 920
21 202
21 255
21 527
21 538
22 452
22 658
22 878
22 961
23 687
23 896
23 939
23 952
23 993
24 156
24 243
24 523
24 554
24 677
24 685
24 694
25 186
25 503
26 308
26 323
26 326
26 545
27 21
27 261
27 293
27 299
27 595
27 767
28 420
28 490
28 865
29 16
29 234
29 332
29 445
29 811
29 880
30 294
30 787
31 171
31 611
32 304
32 727
32 740
32 780
32 823
33 25
33 80
33 133
33 249
33 279
33 317
33 424
33 502
33 657
33 666
33 899
34 427
34 659
34 756
34 799
34 849
34 987
35 105
35 617
35 787
36 11
36 28
36 223
36 600
36 630
36 761
37 239
37 346
37 473
37 491
37 601
37 877
37 957
38 70
38 505
38 558
38 727
39 727
39 847
40 100
40 283
40 360
40 401
40 813
41 115
41 313
41 338
41 349
41 596
41 681
42 143
42 467
43 334
43 440
43 758
43 842
43 997
44 318
44 375
44 391
44 913
44 970
44 989
45 185
45 280
45 445
45 569
45 632
47 255
47 338
47 376
47 530
47 802
47 823
47 910
48 11
48 325
48 410
48 494
48 630
48 934
49 361
49 925
49 998
50 366
50 397
50 492
50 575
50 820
50 981
51 374
51 745
51 955
51 978
52 173
52 177
52 436
52 547
52 692
52 798
53 627
53 728
53 760
53 958
54 75
54 109
54 248
54 332
54 358
55 145
55 408
55 785
56 59
56 136
56 250
56 340
56 362
56 796
57 937
57 996
58 396
58 934
59 431
59 592
59 699
60 58
60 200
60 626
60 793
61 88
61 456
61 694
61 708
61 739
61 829
62 33
62 206
62 217
62 276
62 403
62 618
62 842
62 950
63 45
63 256
63 282
63 327
63 341
63 350
63 505
63 591
63 703
63 706
63 726
63 741
64 120
64 138
64 144
64 163
64 629
64 712
64 862
64 884
65 426
65 590
65 848
65 979
66 138
66 318
66 422
66 442
66 743
66 887
66 914
66 970
67 124
67 269
67 550
67 978
68 300
68 335
68 397
68 401
68 715
68 716
68 853
68 898
69 545
69 597
69 957
69 978
70 189
70 396
70 400
70 490
70 662
70 863
70 971
71 3
71 35
71 78
71 412
71 573
71 647
71 710
71 712
71 756
72 358
73 189
73 262
73 328
73 331
73 550
73 896
74 521
74 623
74 793
75 103
75 399
75 577
75 753
76 413
76 774
76 798
77 417
77 589
77 710
77 719
78 169
78 762
79 139
79 509
79 541
79 773
79 912
80 210
80 335
80 357
80 733
80 904
80 945
81 186
81 239
81 476
81 834
81 842
82 57
82 389
82 497
82 616
83 78
83 112
83 166
83 361
84 101
84 250
84 592
84 650
84 661
84 981
85 84
85 128
85 360
85 403
85 591
85 710
85 879
86 192
86 246
86 317
86 430
86 438
86 469
86 872
87 142
87 339
87 365
87 448
87 770
87 911
88 116
88 451
88 968
89 655
90 57
90 159
90 171
90 396
90 401
90 811
91 42
91 107
91 605
91 841
91 897
92 79
92 224
92 631
93 299
93 354
93 410
93 650
93 673
93 914
93 925
94 18
94 298
94 958
95 209
95 242
95 444
95 607
95 667
95 692
95 856
95 947
96 41
96 185
96 488
96 653
96 659
97 32
97 81
97 96
98 23
98 168
98 170
98 257
98 439
98 508
98 921
98 951
98 993
99 196
99 452
99 626
99 796
99 814
99 880
100 151
100 213
100 604
101 18
101 440
101 547
101 714
102 198
102 384
102 605
102 630
102 844
103 25
103 41
103 480
103 780
103 982
104 229
104 240
104 491
104 663
104 815
105 197
105 202
105 578
105 636
105 878
106 61
106 181
106 321
106 460
106 561
106 888
107 84
107 87
107 335
107 429
107 586
107 788
107 976
107 981
108 601
109 264
109 883
109 986
110 392
110 555
110 634
110 651
111 342
111 418
111 708
111 908
111 981
112 570
112 715
112 826
113 42
113 162
113 195
113 360
113 577
113 652
113 732
113 749
113 929
113 947
114 185
114 399
114 627
115 234
115 302
115 452
115 796
115 821
116 368
116 485
116 552
116 577
116 839
116 915
116 986
117 15
117 43
117 649
117 785
117 867
117 869
118 146
118 250
118 425
118 574
118 671
118 692
119 15
119 181
119 746
120 375
120 432
120 589
120 668
120 688
120 699
120 749
120 773
121 588
121 644
121 844
121 987
122 395
122 946
123 194
123 322
123 848
124 180
124 250
124 260
124 532
124 903
124 910
124 969
124 995
125 16
125 191
126 556
127 425
127 430
127 525
127 960
128 105
128 685
128 734
128 747
128 881
129 445
129 504
129 694
129 731
129 995
130 253
130 273
130 682
130 733
130 825
130 887
131 111
131 281
131 618
131 658
131 774
131 835
131 888
132 131
132 184
132 209
132 392
133 1
133 171
133 360
133 382
133 469
133 598
135 43
135 377
135 442
135 616
135 621
135 847
136 84
136 226
136 306
136 575
136 940
137 13
137 621
137 710
137 942
138 377
138 479
138 571
138 779
138 803
138 901
139 233
139 406
140 371
140 476
140 482
140 511
140 817
140 897
140 918
141 1
141 334
141 683
141 730
142 206
142 725
142 804
143 225
143 382
143 658
143 668
143 714
144 335
144 699
144 897
145 66
145 106
145 124
145 125
145 141
145 343
145 394
145 443
145 480
145 570
145 905
146 78
146 134
146 151
146 384
146 530
146 583
147 793
148 211
148 466
148 623
148 637
148 966
149 97
149 380
149 408
149 521
149 634
149 688
149 731
149 852
149 995
150 59
150 139
150 186
150 690
150 969
150 993
151 329
151 375
151 490
151 563
151 720
151 952
152 454
152 726
153 438
153 527
153 812
153 996
154 81
154 249
154 419
154 555
154 800
154 871
154 897
154 903
154 956
155 16
155 555
155 891
155 944
156 437
156 607
156 659
157 7
157 21
157 35
157 83
157 298
157 533
157 753
157 769
157 770
157 941
157 961
158 526
159 63
159 251
159 360
159 553
159 713
160 23
160 121
160 170
160 287
160 389
160 610
160 667
161 444
161 562
161 960
162 3
162 86
162 327
162 613
162 742
162 984
163 257
163 281
163 284
163 615
163 822
163 824
163 854
164 284
164 289
164 336
164 614
165 810
165 897
166 125
166 560
166 743
166 809
166 860
167 59
167 301
167 348
167 633
167 859
167 878
167 959
168 66
168 298
168 568
168 746
168 883
168 909
169 130
169 302
169 378
169 704
169 862
169 969
169 988
170 135
170 215
170 972
171 159
171 196
171 340
171 432
171 566
171 829
171 932
171 964
172 348
172 581
172 647
172 868
172 996
173 83
173 115
173 372
173 385
173 387
173 472
173 585
173 806
174 97
174 374
174 378
174 791
174 883
175 25
175 363
175 374
175 985
176 29
176 79
176 656
177 743
177 930
178 39
178 590
178 640
179 457
179 739
179 871
180 22
180 276
180 405
180 688
180 773
181 199
181 269
181 356
181 885
181 952
182 20
182 162
182 468
182 675
182 677
183 11
183 693
183 743
183 931
184 104
184 156
184 523
184 630
184 671
184 797
184 957
185 6
185 120
185 526
185 714
185 836
186 27
186 134
186 501
186 520
186 625
186 805
187 249
187 375
187 406
187 439
188 313
188 397
188 459
188 510
188 815
188 843
189 385
189 464
189 544
189 928
190 123
190 229
190 234
190 268
190 361
190 532
190 618
190 741
190 862
190 937
190 967
191 266
191 363
191 866
191 913
192 10
192 615
192 680
192 683
192 761
192 970
192 972
193 499
193 506
193 960
194 125
194 319
194 431
194 448
194 590
194 593
194 662
194 725
194 870
195 21
195 141
195 245
195 260
195 598
195 677
195 916
196 42
196 387
196 518
196 655
196 859
197 24
197 98
197 835
197 932
198 172
198 304
198 450
198 487
198 617
198 744
199 76
199 404
199 561
199 577
200 58
200 448
200 675
200 717
200 876
201 68
201 70
201 466
201 564
201 602
201 818
202 170
202 513
202 766
202 769
203 14
203 130
203 155
203 286
203 334
203 585
203 982
204 41
204 105
204 225
204 268
204 518
204 861
204 965
205 148
205 247
205 312
205 357
205 501
205 691
206 108
206 196
206 614
206 860
207 39
207 540
207 579
207 751
207 857
208 255
208 502
208 744
209 48
209 52
209 991
210 377
210 433
210 579
210 885
211 639
211 722
212 147
212 181
212 225
212 295
212 396
212 673
212 824
213 283
213 314
213 559
213 575
213 873
214 24
214 74
214 141
214 193
214 263
214 448
214 482
214 773
215 54
215 146
215 264
215 465
215 624
215 751
216 619
216 930
217 312
217 378
217 418
217 835
217 891
218 128
218 214
218 399
218 743
218 855
218 929
218 931
219 232
219 256
219 259
219 328
219 379
219 525
219 718
220 23
220 24
220 86
220 292
220 458
220 947
221 426
221 796
222 200
222 311
222 541
223 379
223 738
223 944
224 17
224 38
224 105
224 157
224 304
224 533
225 697
226 144
226 185
226 278
226 280
226 290
226 432
226 498
226 617
226 662
226 725
226 943
227 62
227 128
227 183
227 192
227 285
227 358
227 381
227 431
227 595
227 785
228 63
228 237
228 345
228 421
228 768
228 802
228 943
228 978
229 13
229 297
229 371
229 483
229 499
229 552
229 578
229 687
229 974
230 58
230 294
230 485
230 571
230 683
231 488
231 498
231 897
232 257
232 574
232 620
232 669
232 919
233 30
233 200
233 208
233 241
233 409
233 542
233 563
233 603
233 817
234 117
234 155
234 410
234 782
234 811
234 944
234 946
235 226
235 239
235 481
235 713
235 775
235 825
235 874
235 902
235 941
236 176
236 224
236 623
237 28
237 339
237 351
237 792
237 797
238 236
238 900
239 34
239 114
239 245
239 309
239 323
239 505
239 691
240 161
240 255
240 419
241 72
241 607
241 652
242 570
242 721
242 728
242 798
242 804
242 857
242 914
243 82
243 165
243 260
243 451
244 512
244 584
244 770
245 276
245 949
246 653
246 843
246 929
247 647
247 698
248 55
248 92
248 116
248 507
248 815
249 82
249 118
249 227
249 372
249 708
250 165
250 436
250 580
250 987
251 44
251 479
251 713
251 855
252 338
252 675
253 5
253 172
253 683
253 774
253 889
254 429
254 796
254 844
255 624
255 628
255 684
255 699
255 950
256 12
256 32
256 413
256 627
257 223
257 643
258 118
258 459
258 725
258 792
258 842
258 873
259 41
259 81
259 798
260 555
260 784
260 864
260 978
260 993
261 248
261 522
262 62
262 73
262 91
262 364
262 496
262 566
262 596
262 754
263 126
263 670
263 877
263 891
263 971
264 272
264 414
264 546
264 636
264 686
264 708
264 717
265 199
265 411
265 468
265 705
266 80
266 431
266 572
266 969
267 427
267 607
268 102
268 302
268 317
268 867
268 936
269 14
269 45
269 232
269 335
269 376
269 550
269 758
270 47
270 130
270 572
270 677
270 692
270 864
271 318
271 344
271 396
271 462
271 789
271 905
272 322
272 358
272 361
272 417
272 462
272 613
272 770
272 966
273 81
273 84
273 158
273 225
273 414
273 490
273 941
274 360
274 443
274 455
274 457
274 606
274 912
275 19
275 421
275 480
275 634
275 821
275 989
276 576
276 676
276 741
276 889
276 995
277 252
277 350
277 371
277 698
277 859
278 26
278 79
278 136
278 219
278 612
278 730
278 932
279 204
279 271
279 354
279 956
280 88
280 149
280 738
281 499
281 521
281 672
281 719
281 998
282 276
282 353
282 583
283 22
283 302
283 575
283 781
283 817
283 867
284 68
284 413
284 525
284 723
284 786
285 312
285 382
286 58
286 485
286 716
286 903
287 85
287 169
287 503
287 544
287 848
288 152
288 665
288 790
288 939
289 192
289 231
289 460
289 461
289 679
289 680
289 692
289 838
289 950
290 212
290 393
290 980
291 53
291 377
291 478
291 655
291 832
291 836
292 76
292 296
292 461
292 538
292 622
292 657
292 805
292 883
293 233
293 383
293 709
293 795
293 897
294 618
294 656
294 786
295 214
295 320
295 344
295 595
295 692
295 694
295 840
296 60
296 230
296 356
296 840
297 43
297 772
298 359
298 743
298 861
298 925
298 926
298 932
298 952
298 966
298 969
299 3
299 24
299 449
299 563
299 756
300 153
300 256
300 347
300 513
300 543
300 655
301 5
301 187
301 609
301 636
301 683
301 884
301 903
302 364
302 417
302 618
302 704
302 715
303 1
303 432
303 462
303 616
303 627
304 69
304 75
304 151
304 229
304 667
304 857
304 887
305 5
305 32
305 573
305 613
305 646
305 671
305 801
305 870
306 114
306 587
306 707
306 820
307 40
307 591
307 673
307 740
307 997
308 420
308 485
308 497
308 546
308 684
308 939
309 116
309 169
309 261
309 727
309 791
309 867
310 344
310 862
311 246
311 281
311 353
311 553
311 812
312 328
312 747
312 968
313 74
313 130
313 382
313 440
313 685
314 12
314 19
314 99
314 509
314 967
315 187
315 353
315 483
315 903
316 98
316 300
316 342
316 598
316 693
316 716
316 765
316 967
317 190
317 221
317 238
317 258
317 741
318 13
318 532
318 592
318 594
318 599
318 959
319 155
319 313
319 317
319 349
319 378
319 407
319 473
319 559
319 748
320 51
320 310
320 845
320 998
321 215
321 306
321 440
321 575
321 689
322 659
323 492
324 441
324 689
325 8
325 108
325 195
325 196
325 373
325 428
325 868
325 921
326 864
327 120
327 426
327 623
327 648
327 817
327 915
328 114
328 167
328 324
328 563
328 884
328 890
329 66
329 189
329 328
329 432
329 449
329 541
329 549
329 966
330 309
330 598
330 761
330 948
331 73
331 978
332 39
332 118
332 158
332 351
332 504
332 690
333 113
333 294
333 434
333 762
334 495
334 606
334 661
334 707
334 718
334 779
334 783
334 808
335 24
335 188
335 325
335 490
336 322
336 576
337 54
337 121
337 208
337 271
337 285
337 411
337 484
337 717
337 721
338 230
338 315
338 526
338 674
338 822
338 930
339 216
339 303
339 360
339 367
339 898
339 948
340 203
340 513
340 690
340 793
340 826
341 58
341 63
341 471
341 539
341 618
341 852
341 886
342 102
342 924
343 531
343 567
344 15
344 82
344 287
344 596
344 763
345 172
345 294
345 323
345 576
345 671
345 872
346 10
346 12
346 41
346 955
347 27
347 72
347 463
347 685
347 845
347 928
348 346
348 396
348 403
348 915
348 960
348 962
349 236
350 356
350 502
350 731
350 987
351 92
351 222
351 720
351 794
351 919
352 227
352 258
352 450
352 540
352 686
352 978
353 89
353 216
353 411
353 708
353 774
353 864
353 986
354 409
354 719
354 838
355 84
355 96
355 259
355 261
355 572
355 592
355 700
355 756
355 908
355 933
356 65
356 258
356 812
357 154
357 165
357 298
357 323
357 441
357 706
357 731
357 846
357 889
358 125
358 294
358 301
358 396
358 670
358 804
358 895
359 357
359 705
360 72
360 221
360 349
360 588
360 696
360 865
360 890
361 165
361 452
361 552
362 7
362 9
362 102
362 278
362 959
363 28
363 68
363 135
363 141
363 402
363 957
364 79
364 94
364 304
364 852
365 115
365 249
365 506
365 694
365 834
365 998
366 431
366 552
367 121
367 176
367 210
367 486
367 667
367 833
368 271
368 497
368 531
368 755
368 836
368 900
368 932
368 953
369 40
369 171
369 195
369 383
369 400
369 476
369 703
369 905
370 59
370 433
370 476
370 583
370 810
370 867
370 887
371 11
371 157
371 293
371 873
371 896
371 962
372 538
372 979
373 502
373 550
373 660
373 822
374 240
374 369
374 701
374 864
375 187
375 198
375 459
375 673
375 705
375 747
376 140
376 636
376 675
376 780
377 35
377 93
377 113
377 145
377 345
377 874
378 116
378 249
378 279
378 324
378 877
378 928
379 95
379 190
379 471
379 719
379 798
379 826
379 853
380 80
380 140
380 182
380 455
380 477
380 650
380 706
381 167
381 217
381 284
381 299
381 397
381 662
381 932
382 163
382 450
382 568
382 901
383 166
383 284
383 492
383 576
383 625
383 633
384 52
384 129
384 435
384 807
385 43
385 122
385 208
385 245
385 327
385 334
385 441
385 522
385 697
385 827
385 848
385 934
386 547
386 656
386 720
386 769
386 892
386 932
387 231
387 298
387 421
387 449
387 569
387 627
387 746
388 504
389 142
389 282
389 451
389 487
389 631
389 891
390 157
390 436
390 553
390 652
391 1
391 243
391 736
391 752
391 968
392 139
392 315
392 323
392 388
392 509
392 783
393 165
393 443
393 694
393 697
393 819
394 449
394 482
394 757
394 846
394 941
394 971
395 124
395 169
395 220
395 381
395 684
395 705
395 769
395 855
395 885
396 111
396 247
396 261
396 372
396 459
396 669
396 883
397 241
397 649
397 982
397 993
398 115
398 328
398 479
398 760
399 157
399 194
399 951
399 991
400 380
400 393
400 456
400 671
400 814
401 157
401 421
401 480
401 522
401 540
402 102
402 469
402 965
403 13
403 193
403 219
403 558
404 91
404 94
404 458
404 626
404 920
405 1
405 139
405 213
405 447
406 514
406 671
406 706
406 798
406 814
407 282
407 371
407 448
407 467
407 880
408 194
408 330
408 622
408 911
409 133
409 290
409 343
409 355
409 439
409 524
410 71
410 91
410 389
410 738
410 754
410 765
410 890
411 298
411 803
411 855
412 216
412 602
412 615
413 41
413 164
413 205
413 352
413 507
413 601
414 151
414 401
414 474
414 651
414 767
414 849
414 938
415 204
415 308
415 417
415 669
415 703
415 980
416 25
416 203
416 521
416 541
416 719
417 268
417 294
417 364
417 413
417 875
418 92
418 289
418 395
418 487
418 532
418 591
418 651
418 763
418 930
418 944
419 223
419 483
419 505
419 622
420 40
420 88
420 354
420 522
420 995
421 119
421 184
421 207
421 287
421 329
421 399
421 544
421 725
422 119
422 273
422 547
422 690
422 767
423 375
423 646
423 792
424 302
424 323
424 427
424 770
424 858
424 967
425 183
425 430
425 642
426 841
427 603
427 743
427 745
427 836
428 659
428 682
428 753
428 867
428 949
429 17
429 69
429 346
429 448
430 9
430 60
430 90
430 983
431 54
431 214
431 582
431 922
432 76
433 97
433 204
433 337
433 441
433 458
433 541
433 618
433 843
434 264
434 267
434 308
434 407
435 89
435 476
435 758
435 813
435 946
436 244
436 353
436 784
437 283
437 295
437 422
437 519
437 671
438 497
438 553
438 700
438 805
439 560
440 231
440 785
440 805
440 960
441 127
441 173
441 579
441 618
442 261
442 294
442 503
442 520
442 769
442 783
443 282
443 329
443 346
443 379
443 895
444 459
444 481
445 120
445 148
445 161
445 229
445 244
445 423
445 599
445 820
446 55
446 59
446 359
446 395
446 822
446 916
447 114
447 303
447 320
447 613
447 731
448 22
448 77
448 155
448 281
448 358
448 725
448 963
449 339
449 565
449 735
449 791
449 821
450 347
450 504
450 564
450 585
450 969
451 303
451 325
451 412
451 472
451 653
451 854
452 4
452 48
452 312
452 556
452 611
452 640
452 949
452 962
453 49
453 685
453 752
453 902
454 446
454 523
454 536
454 629
455 171
455 229
455 393
456 236
456 875
456 956
456 986
457 282
457 289
457 498
457 550
457 675
457 767
458 63
458 404
458 435
458 858
459 314
459 619
459 951
460 8
460 315
460 780
460 868
461 227
461 409
461 679
461 774
462 679
462 707
462 719
463 8
463 300
463 894
463 992
464 0
464 573
465 206
465 216
465 260
465 380
465 964
466 7
466 123
466 283
466 590
466 792
467 336
467 496
467 684
468 346
468 503
468 672
468 720
468 960
469 712
469 733
470 313
470 330
470 616
470 918
471 175
471 306
471 393
472 86
472 122
472 411
472 573
472 705
472 830
472 867
472 873
472 895
473 72
473 143
473 196
473 219
473 398
473 481
473 623
473 738
473 828
474 28
474 311
474 535
474 753
474 920
475 75
475 197
475 422
475 472
475 913
475 931
476 59
476 155
476 329
476 389
476 557
477 263
477 272
477 381
477 440
477 929
478 94
478 319
478 446
478 467
478 704
479 185
479 962
480 0
480 123
480 208
480 236
480 467
480 555
480 590
481 227
481 293
481 328
481 654
481 698
481 946
482 128
482 233
482 410
482 536
482 664
482 825
483 31
483 412
483 676
484 86
484 892
484 962
485 102
485 243
485 339
485 354
485 381
485 549
485 985
486 106
486 150
486 467
486 561
486 803
486 971
487 141
487 452
487 788
488 135
488 406
488 422
488 734
488 959
489 84
489 334
489 585
489 731
489 811
490 94
490 158
490 348
490 441
490 663
490 720
490 734
490 955
491 73
491 194
491 431
492 855
492 932
493 51
493 167
493 347
493 766
493 774
493 834
494 191
494 377
494 406
494 551
494 618
494 640
494 719
494 730
494 952
495 149
495 249
495 407
495 411
495 426
495 985
496 408
496 530
496 534
496 969
497 6
497 16
497 175
497 336
497 355
497 539
497 556
497 625
497 938
497 954
498 164
498 230
498 267
498 495
498 562
498 661
498 731
498 734
498 880
498 934
498 940
499 297
499 310
499 312
499 595
499 757
500 140
500 406
500 564
500 672
500 765
500 806
500 927
500 991
501 322
501 490
501 530
501 666
502 46
502 224
502 676
502 695
502 837
503 251
503 820
504 164
504 323
504 687
504 711
505 124
505 182
505 285
505 380
505 401
505 609
505 625
505 651
506 419
506 778
506 871
507 138
507 281
507 382
507 452
507 528
507 858
508 71
508 126
508 157
508 174
508 282
508 598
509 271
509 396
509 928
510 883
511 100
511 121
511 155
511 685
511 835
512 16
512 160
512 865
512 905
513 468
513 553
513 650
514 0
514 217
514 330
514 687
514 699
514 842
514 984
515 395
515 422
515 657
516 377
517 330
517 600
517 983
518 901
518 933
519 460
519 625
519 715
519 926
519 930
519 997
520 236
520 273
520 403
520 611
520 731
520 780
520 889
521 99
521 342
521 793
522 55
522 92
522 510
522 549
522 599
522 743
523 19
523 261
523 419
524 357
524 796
524 964
525 183
525 208
525 272
525 345
525 393
525 454
525 827
525 973
526 148
526 183
526 245
526 331
526 705
526 848
527 511
527 647
527 673
527 704
528 303
528 476
528 979
529 136
529 506
529 509
529 666
529 831
529 913
530 14
530 496
530 998
531 62
531 309
531 315
531 432
531 657
531 677
531 935
531 976
532 249
532 266
532 291
532 325
532 892
532 904
533 27
533 180
533 203
533 482
533 495
533 553
533 581
533 923
534 452
534 676
534 693
535 183
535 549
535 881
536 186
536 341
536 512
536 700
537 138
537 476
537 540
537 937
538 312
538 678
538 700
539 115
539 433
539 514
539 850
540 79
540 340
540 601
540 709
541 618
541 722
542 183
543 144
543 161
543 437
543 446
543 517
543 571
543 760
544 145
544 150
544 837
544 943
545 322
545 624
545 781
545 833
545 952
545 965
546 681
546 738
546 878
546 919
546 955
547 17
547 50
547 109
547 189
547 203
547 273
547 292
547 334
547 888
548 44
548 546
549 124
550 377
550 920
551 257
551 368
551 603
551 633
551 973
552 27
552 150
552 228
552 332
552 464
552 571
552 699
552 981
553 136
553 277
553 409
553 509
553 685
553 823
554 335
554 560
554 877
555 218
555 312
555 325
555 491
555 675
556 67
556 78
556 435
556 560
557 114
557 177
557 500
557 640
557 874
558 171
558 477
558 751
558 952
559 83
559 634
559 883
560 279
560 336
560 659
560 830
560 925
561 348
561 443
561 487
561 509
561 607
561 721
561 773
561 778
561 964
562 5
562 39
562 259
562 282
562 633
562 814
563 110
563 211
563 324
563 421
563 585
563 656
563 966
564 362
564 628
565 30
565 199
565 448
565 452
565 454
566 166
566 480
566 551
567 24
567 27
567 250
568 71
568 907
569 160
569 241
569 579
569 608
569 617
569 657
569 756
569 856
569 973
569 993
570 45
570 860
570 896
571 214
571 249
571 263
571 383
571 526
571 662
571 745
571 825
572 193
572 303
572 463
573 6
573 70
573 187
573 207
573 277
573 922
573 943
574 413
574 519
574 981
575 329
575 939
576 445
576 531
576 683
577 56
577 174
577 248
577 286
577 925
578 250
578 388
578 719
579 86
579 122
579 212
579 553
579 828
580 313
580 479
580 579
580 908
580 932
581 71
581 446
581 561
582 20
582 281
582 365
582 411
582 813
583 301
583 322
583 569
583 977
584 288
584 976
585 0
585 668
586 190
586 302
586 332
586 627
586 850
587 526
588 39
588 141
588 524
588 552
588 610
588 832
588 884
589 146
589 797
590 18
590 282
590 309
590 835
590 840
591 228
591 627
591 788
591 827
591 867
591 868
592 47
592 248
592 293
592 439
592 442
592 458
592 615
592 733
592 783
592 869
592 994
593 302
593 314
593 794
593 845
594 294
594 973
595 13
595 365
595 613
596 505
596 797
596 888
596 919
596 947
597 166
597 552
597 823
597 984
598 226
598 347
598 685
598 938
598 981
599 9
599 107
599 293
600 281
600 603
600 620
600 798
600 857
600 930
600 935
601 7
601 188
601 220
601 293
601 458
601 762
602 833
602 911
603 153
603 222
603 578
603 610
603 892
604 36
604 62
605 37
605 586
605 654
605 803
606 96
606 224
606 332
606 674
606 774
607 25
607 596
607 706
607 916
607 966
608 274
608 421
608 455
608 461
608 927
609 674
609 843
610 2
610 140
610 141
610 820
611 352
611 872
612 330
612 556
612 801
613 425
613 607
613 866
614 189
614 360
614 453
614 564
614 674
614 722
614 760
614 829
615 142
615 359
615 427
615 896
616 205
616 541
616 634
616 773
616 967
617 347
617 589
617 918
617 947
617 961
618 32
618 199
618 685
619 63
619 144
619 400
619 961
619 992
620 333
620 447
620 448
620 803
620 877
621 112
621 117
621 619
621 753
622 29
622 79
622 132
622 775
622 980
623 69
623 541
623 545
623 773
624 185
624 335
625 351
625 449
625 515
625 709
626 960
627 418
627 445
627 566
627 694
627 765
628 117
628 336
628 371
628 595
628 958
629 87
629 496
630 0
630 470
630 592
630 616
630 821
631 933
631 973
631 982
632 225
632 341
632 444
632 543
633 82
633 279
633 307
633 384
633 394
633 419
633 479
633 587
633 717
633 737
633 919
634 158
635 55
635 64
635 331
635 355
635 443
635 914
635 961
636 83
636 117
636 824
636 946
637 87
637 680
637 703
637 778
638 364
638 678
639 330
639 470
639 670
640 305
640 833
640 925
641 119
641 298
641 512
641 826
641 877
641 934
641 959
642 117
642 193
642 208
642 498
642 685
642 730
642 809
643 190
643 509
644 337
644 923
645 76
645 104
645 217
645 460
646 17
646 460
646 676
647 133
647 543
647 631
647 956
647 973
648 221
648 382
648 402
648 753
648 947
648 981
649 2
649 343
649 454
649 584
649 660
649 698
650 489
650 607
651 693
651 847
651 986
652 79
652 84
652 212
652 249
652 342
652 415
652 573
652 845
652 909
653 251
653 365
653 464
653 687
654 15
654 546
655 28
655 96
655 117
655 477
655 723
655 740
655 803
655 965
656 81
656 221
656 235
656 326
656 329
656 442
656 671
657 839
657 969
658 41
658 211
658 417
658 465
658 666
658 794
658 833
659 101
659 107
659 354
659 746
659 824
659 898
659 922
660 36
660 315
660 333
660 403
660 427
660 565
660 869
661 160
661 572
661 750
662 151
662 629
662 792
662 884
662 928
662 970
663 233
663 248
663 287
663 865
663 942
664 3
664 423
664 834
664 946
665 100
665 120
665 190
665 616
665 913
666 123
666 215
666 266
666 425
666 586
666 662
667 100
667 539
667 711
667 847
667 899
668 1
668 563
668 627
668 888
669 128
669 149
669 386
669 558
669 922
670 19
670 250
670 367
670 551
670 593
670 698
671 52
671 65
671 85
671 250
671 268
671 453
671 464
671 481
671 613
671 616
671 802
671 837
672 70
672 379
672 421
672 443
672 682
672 688
672 839
672 969
673 131
673 297
673 340
673 489
673 495
673 575
673 753
674 49
674 125
674 409
674 566
674 604
674 889
674 978
675 343
675 666
675 794
675 827
675 890
676 143
676 350
676 536
676 749
676 861
677 59
677 103
677 330
677 484
677 649
677 674
678 106
678 165
678 290
678 626
678 852
678 911
679 66
679 329
679 372
679 445
680 366
680 690
680 853
681 228
681 334
681 338
681 628
681 792
682 52
682 494
682 845
682 858
682 915
682 957
683 303
683 361
683 523
683 638
684 249
684 816
685 215
685 365
685 406
685 781
685 959
686 2
686 69
686 98
686 341
686 372
686 432
686 457
686 674
686 747
686 856
687 22
687 477
687 570
687 660
688 269
688 548
688 732
689 179
689 380
689 440
689 533
689 655
690 94
690 177
690 445
691 44
691 228
691 341
691 415
691 456
692 134
692 386
693 299
693 405
693 574
693 595
693 973
694 10
694 50
694 85
694 165
694 225
694 258
694 398
694 433
694 549
694 563
694 568
694 664
694 760
694 764
694 822
695 155
695 165
695 809
695 912
696 258
696 517
696 952
697 146
697 289
697 712
697 810
698 65
698 172
698 182
698 341
698 424
698 687
698 838
698 865
698 914
698 923
699 17
699 527
699 923
700 141
700 186
700 481
700 628
700 713
701 162
701 399
701 476
701 617
701 763
701 775
701 992
702 105
702 220
702 585
702 637
702 753
703 181
703 192
703 222
703 319
703 381
703 436
703 583
703 611
703 761
703 829
703 930
704 12
704 18
704 58
704 177
704 277
704 450
704 485
704 573
704 809
704 957
705 125
705 238
705 340
705 425
705 821
706 131
706 162
706 205
706 240
706 778
707 112
707 172
707 342
707 373
707 615
707 832
707 838
708 158
708 282
708 400
708 677
708 807
708 922
709 298
709 787
709 894
710 29
710 117
710 118
710 141
710 165
711 2
711 110
711 361
711 498
711 752
711 773
711 941
712 57
712 315
712 450
712 455
713 426
713 485
714 52
714 95
714 622
714 682
714 881
714 892
715 576
715 872
715 940
716 474
716 514
716 634
716 756
716 785
717 87
717 232
717 324
717 494
717 969
718 642
718 705
719 284
719 296
719 395
719 630
719 728
719 915
720 678
720 809
720 850
720 961
721 8
721 42
721 267
721 268
721 356
721 952
722 70
722 77
722 87
722 675
722 921
723 206
723 306
723 323
723 331
723 337
723 417
723 627
723 742
723 849
724 30
724 34
724 141
724 210
724 705
725 209
725 788
725 870
726 128
726 174
726 332
726 557
726 875
727 40
727 270
727 289
727 518
727 843
727 862
728 114
728 319
728 608
729 174
729 219
729 303
729 346
729 347
729 410
729 513
729 608
729 621
729 666
729 891
729 966
730 130
730 165
730 348
730 486
730 744
730 993
731 759
731 977
732 410
732 872
733 42
733 314
733 410
733 479
733 534
733 650
733 895
733 932
733 960
734 172
734 646
734 694
734 847
734 939
735 44
735 149
735 158
735 382
735 460
735 737
736 188
736 701
737 280
737 549
737 986
738 79
738 141
738 411
738 551
738 556
739 3
739 159
739 492
739 548
739 639
739 706
739 722
739 766
739 934
739 967
740 724
740 942
741 57
741 61
741 96
741 612
741 644
741 975
742 197
742 335
742 446
742 463
742 575
742 957
742 960
743 401
743 422
743 595
743 893
744 410
744 427
744 446
744 665
744 698
744 964
745 223
745 498
745 663
745 855
746 4
746 27
746 52
746 70
746 83
746 96
746 144
746 276
746 329
746 773
746 839
747 114
747 208
747 431
747 772
747 849
747 890
748 11
748 146
748 490
748 522
748 635
748 654
748 910
748 978
749 326
749 353
749 406
749 708
749 756
750 190
750 338
750 379
750 764
750 777
750 828
751 120
751 256
751 511
751 687
751 695
752 63
752 119
752 213
752 473
752 492
752 941
752 991
752 995
753 294
753 376
754 39
754 114
754 169
754 402
754 509
754 871
755 392
755 466
755 498
756 288
756 314
756 329
756 354
756 410
756 513
756 625
756 776
757 12
757 336
757 545
757 927
758 154
758 334
758 482
758 716
758 816
758 875
758 901
758 931
759 11
759 98
759 334
759 427
759 627
759 641
759 976
760 196
760 367
760 582
761 402
761 566
761 690
763 158
763 597
763 850
764 43
764 151
764 541
765 213
765 334
765 584
765 819
766 374
766 601
766 835
766 930
767 92
767 307
767 339
767 587
767 637
767 944
768 159
768 281
768 400
768 438
768 457
768 461
768 651
768 799
769 249
769 318
770 103
770 475
770 860
770 958
771 47
771 673
771 846
772 353
772 511
772 600
772 688
772 751
772 763
772 803
772 820
773 165
773 389
773 627
774 117
774 386
774 468
774 489
774 710
774 941
775 93
775 143
775 154
775 371
775 487
775 514
776 998
777 417
777 508
778 199
778 312
778 401
778 441
778 555
778 919
779 695
779 888
780 131
780 152
780 357
780 408
780 961
781 84
781 271
781 544
781 736
781 914
782 415
782 434
782 442
783 27
783 147
783 295
783 647
783 962
784 239
784 546
784 610
784 850
784 899
785 189
785 397
785 499
786 180
786 487
786 523
786 573
786 828
786 849
786 879
787 227
787 448
787 487
787 688
787 967
788 18
788 757
788 900
788 921
789 237
789 260
789 280
789 504
789 880
790 80
790 532
790 624
790 815
790 828
791 77
791 139
791 312
791 353
791 409
791 700
791 722
791 916
792 502
792 546
792 750
793 203
793 383
794 1
794 11
794 123
794 331
794 585
794 625
794 864
795 62
795 130
795 138
795 240
795 739
796 4
796 123
796 513
796 638
796 860
796 940
797 301
797 308
797 941
798 170
798 372
798 533
798 728
798 949
799 37
799 212
799 675
799 775
799 802
800 9
800 133
800 365
800 909
800 937
801 95
801 290
801 618
801 746
801 778
801 922
802 7
802 201
802 277
802 296
803 9
803 257
803 325
803 645
804 292
804 337
804 672
804 782
804 987
805 12
805 17
805 24
805 391
805 503
805 550
805 668
806 111
806 262
806 447
806 502
806 507
806 597
806 693
806 804
806 901
807 369
807 645
807 698
807 728
807 913
807 961
808 19
808 174
808 343
808 363
808 365
808 850
808 904
809 131
809 147
809 231
809 431
809 444
809 733
809 787
809 876
809 981
810 129
810 226
810 621
810 651
810 834
811 263
811 553
811 684
811 813
811 923
812 6
812 223
812 271
812 286
812 463
812 468
812 720
813 585
813 744
813 803
814 267
814 307
814 342
814 578
814 608
814 692
814 836
814 859
815 38
815 182
815 257
815 487
815 692
815 853
816 285
816 529
816 846
816 848
816 950
816 984
817 195
817 608
817 636
817 722
817 781
817 898
817 951
818 107
818 255
818 356
818 381
818 588
818 610
818 653
819 57
819 197
819 216
819 465
819 850
819 932
820 151
820 241
820 592
820 674
821 64
821 72
822 188
822 274
822 456
822 476
822 629
822 686
822 755
822 911
823 69
823 141
823 248
823 419
823 592
823 689
824 236
824 279
824 988
824 994
825 23
825 105
825 510
825 682
825 747
825 839
825 858
826 3
826 817
826 983
827 282
827 320
827 583
827 825
827 938
828 191
828 660
828 687
829 419
829 421
829 674
829 739
829 886
829 913
830 197
830 306
831 317
831 754
832 157
832 211
832 264
832 340
832 883
833 5
833 306
833 860
834 6
834 313
834 339
834 477
834 958
835 178
835 611
835 869
836 38
836 209
836 477
836 482
836 540
836 650
836 663
836 700
836 877
836 946
837 243
837 712
838 24
838 263
838 428
838 458
838 700
838 727
839 267
839 295
839 330
839 404
839 506
839 547
839 569
839 968
839 972
840 157
841 110
841 210
841 386
841 391
841 582
841 867
842 1
842 81
842 205
842 215
842 381
842 979
843 7
844 37
844 115
844 291
844 608
844 675
844 741
844 752
845 22
845 141
845 219
845 457
845 729
845 994
846 199
846 246
846 670
846 773
846 844
847 326
847 333
847 380
847 552
847 630
847 700
847 772
847 932
847 936
848 21
848 79
848 517
848 975
849 78
849 180
849 200
849 595
849 641
849 927
850 509
850 618
850 926
850 929
850 998
851 89
851 405
851 571
851 573
852 336
852 389
852 410
853 88
853 109
853 161
853 494
853 559
853 735
853 863
853 886
854 0
854 216
854 235
854 569
854 733
854 814
854 819
855 278
855 403
855 552
855 790
855 945
856 62
856 73
856 266
856 324
856 518
856 926
856 970
857 38
857 747
857 888
858 10
858 70
858 112
858 225
858 244
858 525
858 581
858 592
858 897
859 105
859 463
859 631
859 646
860 1
860 53
860 307
860 314
860 338
860 533
860 721
860 879
861 134
861 358
861 605
861 635
861 694
861 813
861 924
862 109
862 575
862 631
862 686
863 481
863 571
863 577
863 911
863 930
864 30
864 377
864 590
864 673
864 905
865 164
865 346
865 681
866 192
866 391
866 560
866 613
866 895
867 219
867 350
867 733
867 933
868 92
868 132
868 263
868 564
868 618
868 942
868 998
869 211
869 476
869 636
869 743
869 848
870 107
870 251
870 700
870 907
871 271
871 394
871 505
871 510
871 556
872 7
872 199
872 519
872 614
872 834
872 915
872 937
872 963
872 983
873 57
873 186
873 391
874 117
874 393
874 591
874 877
874 932
874 960
875 369
875 559
875 579
875 963
875 989
876 255
876 456
876 535
876 667
876 686
876 872
877 8
877 17
877 43
877 279
877 466
877 783
877 807
877 887
878 57
878 228
878 652
878 702
879 59
879 126
879 213
879 262
879 641
879 677
879 809
879 836
879 889
879 926
880 124
880 140
880 321
880 375
880 539
881 559
881 708
882 153
882 663
882 698
882 741
883 270
883 463
883 782
883 934
883 944
883 975
884 276
884 287
884 344
884 641
884 650
884 690
885 70
885 130
885 250
885 349
885 540
885 785
885 808
886 275
887 6
887 119
887 256
887 340
888 97
888 284
888 614
889 246
889 311
889 362
889 598
889 785
890 142
890 166
890 247
890 708
891 53
891 97
891 206
891 247
891 346
891 436
891 541
891 628
891 724
891 901
891 939
892 212
892 262
892 326
892 452
892 523
892 591
892 625
892 686
892 931
893 235
893 251
893 483
893 709
893 984
894 4
894 422
894 908
895 4
895 204
895 446
895 623
895 631
896 51
896 252
896 583
896 719
897 449
897 547
897 876
898 177
898 654
898 677
898 695
898 874
898 951
899 257
899 672
899 909
900 530
900 603
900 899
901 658
901 833
901 922
902 116
902 232
902 282
902 340
902 350
902 378
902 409
902 478
902 900
902 955
903 48
903 61
903 403
903 416
903 677
903 976
904 84
904 281
904 386
904 522
904 682
904 880
904 949
905 80
905 102
905 106
905 546
905 707
905 923
906 423
906 843
907 486
907 505
907 695
908 337
908 386
908 476
908 535
908 793
908 889
908 994
909 241
909 866
910 310
910 531
910 589
910 592
910 688
910 874
910 933
911 142
911 373
911 499
911 529
912 210
912 515
912 599
912 769
912 839
913 269
913 493
913 848
913 986
914 393
914 402
914 466
914 498
914 882
914 941
915 99
915 170
915 292
915 596
915 889
916 18
916 122
916 197
916 348
916 359
917 83
917 209
917 292
917 469
917 636
917 639
918 49
918 142
918 392
918 735
918 764
919 138
919 915
919 972
920 44
920 535
920 824
920 955
921 27
921 116
921 581
921 805
922 45
922 133
922 463
922 656
922 765
922 820
923 148
923 384
923 493
923 638
923 639
923 741
923 744
923 861
924 329
924 410
924 457
924 939
924 945
925 70
925 212
925 235
925 262
925 293
925 310
925 404
925 796
925 945
926 50
926 334
926 516
926 890
926 916
926 978
926 983
927 195
927 386
927 418
927 584
928 188
928 239
928 306
928 340
928 348
928 770
929 125
929 135
929 356
929 540
929 968
930 281
930 393
930 739
930 740
930 815
930 931
931 376
931 787
931 825
932 115
932 206
932 227
932 262
932 640
932 824
933 219
933 465
933 509
933 520
933 798
933 858
933 896
933 950
933 973
934 29
934 120
934 623
934 690
935 148
935 250
935 419
935 453
935 591
935 702
935 790
935 940
936 179
936 504
936 533
936 670
936 699
936 748
936 857
937 178
937 519
938 83
938 286
938 313
939 1
939 222
939 228
939 512
940 231
940 319
940 761
941 163
941 177
941 365
941 514
941 800
941 933
942 146
942 197
942 375
942 469
942 713
942 764
942 978
943 469
943 647
943 658
944 22
944 173
944 400
944 515
944 555
944 839
944 901
944 970
945 43
945 202
945 338
945 573
945 750
945 940
946 23
946 169
946 239
946 429
946 817
946 957
946 966
946 973
947 68
947 243
947 686
947 751
947 924
948 43
948 112
948 322
948 499
948 781
948 891
949 417
949 552
949 684
950 28
950 142
950 367
950 687
950 905
951 359
951 455
951 501
951 573
951 604
951 669
952 43
952 136
952 209
952 326
952 348
952 587
952 740
952 884
952 919
952 928
953 36
953 316
953 481
953 506
953 698
954 876
955 414
955 684
955 720
956 71
956 74
956 216
956 614
956 643
956 678
956 713
956 790
956 877
956 979
956 991
957 22
957 84
957 263
957 377
958 82
958 242
958 299
958 322
958 438
958 812
958 910
959 97
959 186
959 240
959 386
959 569
959 900
960 308
960 741
960 885
961 28
961 156
961 342
961 674
961 982
962 336
962 509
962 612
962 641
962 644
962 676
962 699
962 891
962 914
963 95
963 104
963 277
963 654
963 658
963 919
963 956
964 217
964 262
964 445
964 604
964 676
964 880
965 262
966 36
966 274
966 299
966 639
966 787
966 865
966 885
967 37
967 242
967 468
967 897
968 10
968 13
968 151
968 305
968 313
968 453
968 552
968 608
968 714
968 906
969 10
969 358
969 462
969 663
969 728
970 174
970 797
971 217
971 238
971 626
971 660
971 974
971 983
972 197
972 265
972 336
972 404
972 462
972 735
972 938
973 87
973 865
973 901
974 0
974 520
974 523
974 906
975 100
975 237
975 255
975 449
976 143
976 249
976 328
976 361
976 491
976 507
976 588
976 794
977 266
977 286
977 338
977 505
978 174
978 199
978 314
978 316
978 403
978 979
979 51
979 173
979 341
979 950
980 353
980 406
980 502
980 617
980 887
980 992
981 41
981 146
981 206
981 365
981 518
981 539
981 618
981 715
981 953
982 359
982 395
982 667
982 692
982 698
982 701
982 777
982 946
983 207
983 306
983 648
983 720
983 924
983 947
984 222
984 579
984 593
984 918
985 111
985 168
985 374
985 404
985 619
985 637
985 861
985 908
985 955
985 962
985 976
986 69
986 306
986 502
986 704
986 746
987 666
987 795
987 858
988 591
988 629
988 703
988 790
989 10
989 162
989 782
990 411
990 489
990 848
991 413
991 486
991 535
992 335
992 399
992 410
992 547
992 558
992 649
992 691
992 766
993 37
993 122
993 243
993 667
993 976
994 16
994 718
994 799
995 9
995 93
995 265
995 385
995 441
995 528
995 546
995 662
995 712
996 55
996 199
997 432
997 448
997 455
997 563
997 719
997 908
998 267
999 31
999 209
999 362
999 662
999 668
999 711
999 986
