250 1250
0 3
0 5
0 10
0 35
0 156
0 228
1 9
1 91
1 134
1 169
2 5
2 33
2 64
2 77
2 174
2 190
2 212
3 85
3 107
3 242
4 0
4 13
4 109
4 137
4 225
4 244
5 14
5 28
5 78
5 228
6 167
7 34
7 98
7 122
7 135
7 141
7 248
8 28
8 30
8 57
8 144
8 184
9 44
9 93
9 107
9 124
9 152
9 193
10 42
10 61
10 115
10 122
10 215
11 19
11 77
11 124
11 145
11 152
11 178
11 227
12 65
12 102
12 106
12 122
12 135
12 158
12 218
12 232
13 56
13 68
13 105
13 123
13 128
13 145
13 158
13 169
13 235
14 29
14 56
14 244
15 13
15 57
15 108
15 122
15 151
15 155
15 191
15 208
15 227
15 248
16 7
16 22
16 25
16 54
16 128
16 184
17 42
17 97
17 118
17 194
17 198
18 3
18 55
18 61
18 78
18 118
18 124
18 131
18 213
18 243
19 35
19 42
19 45
19 154
19 196
19 243
20 86
20 131
20 161
20 172
20 216
20 219
21 78
21 154
21 180
21 209
21 232
22 19
22 82
22 100
22 101
22 120
23 27
23 36
23 120
23 140
23 217
23 236
24 93
24 111
25 59
25 91
25 93
25 132
25 149
25 189
26 29
26 112
26 118
26 187
26 214
26 248
27 7
27 8
27 12
27 178
27 180
27 182
28 3
28 11
28 36
28 75
28 163
28 216
29 33
29 37
29 71
29 85
29 98
29 167
29 224
30 59
30 134
30 245
31 39
31 44
31 92
31 168
31 200
33 12
33 49
33 95
33 146
33 184
33 202
34 84
34 148
34 211
35 42
35 132
35 167
35 183
35 187
35 209
36 3
36 6
36 12
36 63
36 80
36 131
36 217
37 44
37 69
37 164
37 221
37 226
38 10
38 32
38 55
38 76
38 136
38 218
39 38
39 174
40 17
40 157
40 185
40 197
41 12
41 75
41 85
41 242
42 77
42 87
42 128
42 174
42 194
43 16
43 62
43 234
44 24
44 42
44 68
44 89
44 108
44 190
44 198
44 207
45 44
45 117
45 152
45 196
45 209
46 95
46 96
46 118
46 135
46 144
46 148
46 174
46 184
46 208
47 53
47 67
47 78
48 7
48 46
48 92
48 117
48 237
49 55
49 152
49 233
50 27
50 37
50 81
50 102
50 105
50 124
50 133
50 166
50 205
51 20
51 61
51 88
51 91
51 121
51 197
51 248
52 24
52 57
52 226
53 36
53 79
53 87
53 94
53 158
53 214
54 33
54 51
54 109
54 239
55 17
55 139
55 147
55 148
55 243
56 113
56 141
56 160
56 162
56 193
56 230
56 244
57 10
57 28
57 146
58 29
58 44
58 134
58 186
58 234
59 201
59 216
59 226
60 130
60 147
60 184
60 198
60 206
60 222
61 65
61 73
61 113
61 128
61 181
61 211
61 248
62 81
62 89
62 125
62 187
62 228
62 248
63 125
63 136
63 208
63 234
63 236
64 39
64 55
64 78
64 181
65 2
65 48
65 53
65 79
65 147
66 88
66 178
66 185
66 238
66 249
67 88
67 122
67 164
67 188
67 194
68 75
68 149
68 188
69 79
69 184
70 33
70 69
70 100
70 200
70 228
71 106
71 190
72 46
72 78
72 94
72 168
72 183
72 203
72 217
72 240
72 241
72 248
73 15
73 50
73 126
73 233
74 46
74 78
75 34
75 42
75 69
75 79
75 124
75 127
75 210
75 240
76 12
76 36
76 62
76 117
76 167
76 196
77 17
77 130
77 168
77 187
77 205
77 235
78 12
78 116
78 117
78 168
78 209
79 5
79 27
79 117
79 141
79 146
79 153
79 223
80 145
80 165
80 211
80 245
81 5
81 51
82 17
82 58
82 98
82 134
82 138
82 162
82 197
82 230
82 244
83 26
83 85
83 89
83 231
85 17
85 30
86 60
86 182
86 222
87 1
87 85
87 111
87 159
87 206
87 232
88 22
88 29
88 36
88 44
88 150
88 197
89 43
89 50
89 73
89 79
89 87
89 186
89 243
90 31
90 51
90 154
90 161
90 193
90 226
90 241
91 19
91 83
91 172
91 211
91 224
91 226
92 27
92 41
92 117
93 140
93 200
93 224
93 234
94 1
94 4
94 76
94 95
94 113
94 115
94 123
94 128
94 198
94 225
94 227
94 228
94 238
95 11
95 71
95 204
95 216
95 222
95 233
95 236
97 119
97 146
97 165
97 231
98 5
98 47
98 62
98 80
98 86
98 156
99 26
99 34
99 58
99 82
99 121
99 210
100 10
100 72
100 101
100 120
100 126
100 131
100 133
100 159
100 175
100 193
100 226
100 232
101 6
101 56
101 77
101 143
102 55
102 95
102 96
102 128
102 224
103 67
103 89
103 113
103 185
103 189
104 30
104 44
104 88
104 92
104 102
105 74
105 102
105 140
105 240
106 3
106 83
106 117
106 192
106 198
107 92
107 118
107 179
107 190
107 200
107 204
108 11
108 133
108 193
108 206
108 247
109 37
109 111
109 167
109 184
110 62
110 67
110 136
110 155
110 230
111 62
111 95
111 146
111 152
111 169
111 193
112 78
112 97
112 127
112 133
112 229
113 73
113 104
113 144
113 155
113 193
113 216
114 49
114 54
114 80
114 177
114 188
114 217
114 226
114 229
114 241
115 73
115 122
115 149
115 159
116 89
116 131
116 241
117 73
117 96
117 121
117 229
117 230
117 240
118 86
118 112
118 145
118 178
119 12
119 34
119 60
119 80
119 87
119 114
119 179
120 158
120 162
120 225
121 31
121 43
121 66
121 114
121 179
121 213
121 236
122 4
123 71
123 86
123 97
123 195
124 92
124 238
125 12
125 20
125 160
125 202
125 207
125 210
125 218
126 101
126 161
126 174
126 238
126 249
127 36
127 40
127 112
127 153
128 50
128 73
128 75
128 79
128 104
128 193
129 78
129 96
129 126
129 157
129 205
129 220
129 241
130 32
130 54
130 108
130 126
131 22
131 43
131 82
131 94
131 134
131 210
131 220
132 43
132 131
132 150
132 186
132 213
132 214
133 131
133 202
133 208
133 219
134 32
134 51
134 193
134 207
134 229
134 242
135 158
135 184
135 208
136 10
136 19
137 27
137 98
137 139
137 206
138 4
138 95
138 106
138 114
138 116
138 155
138 191
138 200
138 205
139 100
139 178
139 201
140 54
140 117
140 214
141 200
141 237
141 246
141 247
142 10
142 49
142 119
142 174
142 236
143 64
143 133
143 168
143 245
144 8
144 92
144 99
144 130
145 31
145 96
145 121
145 216
146 177
146 183
146 220
146 241
147 30
147 85
147 117
147 159
148 154
148 223
150 15
150 23
150 214
150 229
151 19
151 39
151 130
151 135
151 146
151 157
151 226
151 240
152 8
152 38
152 44
152 155
152 198
152 206
152 239
153 64
153 181
153 192
153 197
153 203
153 208
153 222
154 30
154 71
154 90
155 59
155 69
155 71
155 141
155 145
155 159
155 176
155 235
155 238
156 31
156 138
156 159
156 201
156 223
157 10
157 42
157 67
157 87
157 101
157 105
157 166
157 219
157 248
158 30
158 168
158 175
158 246
159 45
159 132
159 155
159 180
159 181
159 229
160 70
160 73
160 247
161 47
161 74
162 47
162 96
162 102
162 112
162 154
162 174
162 233
162 235
163 106
163 134
163 174
164 126
164 147
164 163
164 178
164 197
164 223
164 240
165 43
165 111
165 121
165 140
166 63
166 137
167 237
168 1
168 52
168 128
168 154
168 169
168 182
168 195
169 89
169 103
169 134
169 136
169 147
170 28
170 78
170 217
171 26
171 85
171 115
171 160
171 186
172 3
172 97
172 170
172 177
172 184
172 199
172 204
172 213
172 223
172 243
173 60
173 208
173 222
173 235
173 241
174 14
174 44
174 78
174 193
174 199
174 229
175 201
176 4
176 51
176 213
176 249
177 49
177 61
177 110
178 54
178 73
178 82
178 121
178 129
178 221
179 2
179 163
179 215
180 27
180 99
180 155
181 11
181 96
181 187
182 37
182 82
182 223
183 240
184 73
184 85
184 194
184 212
184 227
185 31
185 83
185 136
185 186
185 200
186 41
186 103
186 123
186 137
187 21
187 42
187 99
187 205
187 224
188 33
188 156
189 19
189 87
189 142
189 164
189 219
189 239
190 0
190 1
190 18
190 53
190 75
190 96
190 150
190 172
190 247
192 20
192 40
192 72
192 111
192 137
193 116
193 153
193 214
194 1
194 181
194 210
194 214
195 5
195 8
195 17
195 226
196 104
196 154
197 20
197 61
197 68
197 72
197 74
197 90
197 99
197 123
197 200
197 205
197 211
198 172
199 66
200 88
200 92
200 96
200 118
200 175
200 202
200 215
201 31
201 44
201 111
201 154
201 174
201 194
201 198
201 231
202 169
202 201
203 140
203 142
204 83
204 157
205 39
205 88
205 106
205 179
206 19
206 24
206 52
206 127
206 159
207 74
207 75
207 115
207 127
207 233
207 245
208 21
208 83
208 99
208 153
208 162
208 184
208 201
209 13
209 17
209 81
209 107
209 121
209 131
209 156
209 215
209 248
210 52
210 193
210 231
211 15
211 27
211 66
211 111
211 128
211 209
211 234
212 30
212 58
212 68
212 149
212 165
212 230
213 30
213 96
213 159
213 175
213 190
213 245
214 37
214 39
214 173
214 184
214 185
214 213
214 217
215 33
215 79
215 102
215 149
215 240
216 20
216 103
216 130
216 210
216 219
216 230
217 10
217 108
217 192
217 230
218 1
218 88
218 92
218 175
218 238
219 45
219 116
219 125
219 182
220 72
220 116
220 119
220 223
221 31
221 192
221 245
222 4
222 7
222 50
222 65
222 124
223 96
223 166
223 178
223 204
224 82
224 84
224 125
224 136
224 233
225 33
225 146
225 179
226 14
226 38
226 71
226 100
226 110
226 147
226 150
226 207
227 21
227 65
227 78
227 83
227 97
228 23
228 32
228 35
228 55
228 111
228 123
228 134
228 185
228 226
228 238
229 96
229 101
229 146
229 195
229 240
230 116
230 166
230 187
230 248
231 11
231 55
231 163
231 181
231 187
231 233
232 36
232 215
232 218
233 83
233 89
233 92
233 223
234 27
234 40
234 65
234 77
234 82
234 117
234 155
234 186
234 195
234 211
235 45
235 67
235 81
235 83
235 84
235 171
235 228
236 66
236 70
236 73
236 106
236 116
236 152
236 205
236 213
237 16
237 76
237 112
237 130
237 139
237 165
237 170
237 182
237 200
237 230
238 10
238 48
238 142
238 151
238 226
239 92
239 100
239 216
240 31
240 52
240 116
240 221
240 232
241 82
241 124
241 143
241 151
241 199
241 229
242 4
242 35
242 58
242 104
242 132
242 150
243 2
243 29
243 51
244 1
244 29
244 49
244 55
244 178
244 222
245 64
245 67
245 94
245 121
245 174
245 239
246 3
246 27
246 28
246 102
246 110
246 113
246 241
246 248
247 42
247 45
247 99
247 127
247 156
248 16
248 48
248 59
248 194
249 58
249 236
