250 750
0 31
0 202
1 145
1 244
2 67
2 246
3 13
3 194
4 16
4 30
4 40
4 249
5 2
5 38
5 42
5 147
5 212
7 26
7 130
7 173
8 37
8 88
9 8
9 210
10 135
10 185
11 66
11 116
12 225
13 32
13 101
13 192
13 246
14 88
14 144
14 204
15 14
15 84
15 92
16 99
16 248
17 19
17 115
17 172
17 221
17 233
18 26
18 61
18 90
18 104
18 190
18 230
19 82
19 93
19 225
20 102
20 115
21 185
21 220
22 10
22 240
23 68
23 117
23 177
23 188
23 191
23 230
24 30
24 69
24 163
25 111
25 116
25 156
25 228
26 21
26 174
27 66
27 134
29 77
29 165
30 33
30 66
31 24
31 26
31 186
31 249
32 12
32 89
32 112
32 157
32 175
33 47
33 81
33 171
34 83
34 188
34 243
34 246
35 19
35 32
35 114
35 226
36 51
36 56
36 89
36 136
36 145
36 237
37 18
37 46
37 61
37 167
37 181
37 206
37 218
37 236
38 150
38 175
38 217
38 220
39 139
39 159
39 169
39 229
39 230
39 239
40 179
40 219
41 78
41 102
42 78
42 187
43 1
43 8
43 27
43 210
44 80
44 102
44 188
44 196
45 29
45 56
45 104
45 105
45 198
45 202
46 162
46 203
46 209
47 35
47 85
47 107
47 128
47 130
48 73
49 37
49 175
50 99
50 179
51 84
51 134
51 182
53 214
54 51
54 111
54 186
55 57
55 123
55 190
55 214
56 170
57 83
57 158
58 33
58 47
58 138
58 184
59 101
59 121
59 230
60 6
60 28
60 67
60 125
60 128
61 127
61 153
62 21
62 106
62 154
62 158
63 35
63 127
63 245
64 129
64 164
64 171
65 85
65 87
65 207
65 222
66 81
66 99
66 151
66 152
66 217
67 65
67 99
67 153
68 56
68 122
68 126
68 128
69 22
69 90
69 207
69 221
70 39
70 91
70 167
70 173
70 230
71 53
72 92
72 144
72 220
73 114
73 154
73 187
74 126
74 143
74 215
74 235
74 246
75 8
75 46
75 52
75 89
75 104
75 159
75 201
75 239
76 10
76 217
77 168
77 246
78 13
78 130
78 244
79 202
80 47
80 53
80 191
81 86
81 115
81 142
81 192
81 205
82 44
83 12
83 96
83 209
85 15
85 50
85 75
85 104
86 24
86 218
86 244
87 51
88 132
88 182
88 193
88 233
89 43
89 54
89 84
89 155
90 6
90 15
91 105
91 135
91 139
92 109
92 126
93 185
93 233
94 3
94 135
95 44
95 52
95 68
95 71
95 231
96 85
96 153
96 238
97 42
97 84
97 127
98 13
98 100
98 161
98 174
98 198
99 176
99 196
99 240
99 245
101 44
101 49
101 205
101 242
102 23
102 64
102 170
103 74
103 226
104 96
104 188
104 215
105 22
105 36
106 30
106 44
106 46
106 84
106 89
106 134
106 190
106 238
106 241
107 3
107 193
108 22
108 48
108 191
108 194
108 238
109 71
109 81
109 99
109 137
110 15
110 21
111 32
111 190
111 245
112 29
112 154
113 182
114 41
114 151
114 185
115 152
115 165
115 169
116 127
116 200
116 236
117 123
117 188
118 64
118 155
118 181
118 222
119 221
119 223
120 40
120 123
120 131
120 242
121 3
121 185
121 246
123 59
123 151
123 244
124 20
124 35
124 65
124 105
124 185
124 243
125 80
125 112
126 23
127 245
128 85
128 92
128 107
128 150
128 183
128 190
128 220
129 154
129 160
130 86
130 135
132 231
133 44
134 62
134 99
134 145
135 5
135 92
135 114
135 125
135 212
135 233
136 5
136 76
136 202
136 229
136 238
137 195
137 237
138 79
140 71
140 72
140 105
140 190
141 13
141 173
141 188
141 223
141 236
141 243
142 5
142 7
142 112
142 196
143 43
143 245
144 51
144 78
144 90
144 103
144 136
145 193
145 229
146 54
146 117
146 222
147 78
147 126
147 132
147 187
148 7
148 38
148 105
148 153
149 9
149 182
150 45
150 85
150 173
150 187
151 177
152 10
152 22
152 30
152 48
152 101
152 184
153 218
154 12
154 86
154 215
154 224
155 115
155 117
155 134
156 35
156 44
156 49
156 224
156 239
157 148
158 18
158 59
158 112
158 133
158 200
158 212
159 127
159 133
160 42
160 96
160 217
161 17
161 146
161 246
162 21
162 24
162 133
162 181
162 228
163 59
163 134
163 149
164 82
164 132
164 244
165 145
165 159
166 31
166 119
166 179
166 197
167 119
167 125
167 191
168 127
168 230
169 202
170 95
170 135
170 212
171 119
171 246
172 225
173 106
173 190
174 50
174 90
174 180
174 220
175 42
176 46
176 113
176 184
176 233
177 237
178 0
178 28
178 201
179 4
179 112
180 127
180 223
180 247
181 68
181 184
182 43
182 96
182 134
182 176
183 188
184 16
184 21
184 120
184 186
185 52
185 83
185 211
185 247
186 0
186 44
186 57
186 167
186 198
186 226
187 54
187 116
187 176
187 193
187 226
188 92
188 133
188 227
189 71
189 95
189 139
190 22
190 81
190 93
190 147
190 195
190 236
191 4
191 36
191 107
191 110
191 172
192 41
192 199
192 246
193 74
193 110
194 3
194 20
194 23
194 43
194 130
194 191
194 196
194 236
195 16
195 83
195 101
195 157
195 241
196 149
197 44
197 101
197 215
197 224
198 32
198 133
199 27
199 174
199 213
199 219
200 50
200 87
200 112
200 113
200 133
200 179
201 78
201 233
202 45
202 115
202 171
203 111
204 185
204 228
205 80
205 115
205 194
205 200
206 72
207 138
207 215
207 237
208 151
208 170
209 170
209 219
210 0
210 91
210 93
210 159
210 176
210 233
211 6
211 14
211 143
211 172
212 41
212 71
212 147
213 14
213 154
213 163
213 202
214 87
214 91
214 99
214 158
215 43
215 48
215 90
216 41
216 148
216 194
216 197
217 9
217 118
218 77
218 129
218 161
218 211
219 123
219 139
219 154
219 165
220 46
220 219
221 97
221 205
221 248
223 63
223 83
224 53
224 73
224 123
224 197
224 226
225 35
225 103
225 209
226 178
227 39
227 110
228 77
228 136
228 187
229 240
229 241
230 153
231 75
231 76
231 245
232 34
232 170
233 130
234 236
235 6
236 37
236 43
236 52
236 82
236 91
236 118
237 121
237 151
238 186
239 210
239 236
240 18
241 187
242 104
243 9
243 33
243 35
243 42
243 75
243 100
243 136
243 202
244 140
244 171
244 191
244 216
245 179
245 220
245 231
246 32
246 149
246 156
246 221
247 114
247 187
248 113
248 185
248 205
249 115
249 242
