250 2500
0 1
0 30
0 47
0 91
0 108
0 126
0 130
0 139
0 140
0 162
0 204
0 227
0 229
1 2
1 63
1 113
1 151
1 182
1 222
2 5
2 72
2 80
2 111
2 116
2 177
2 205
2 221
2 223
2 226
2 237
3 9
3 36
3 43
3 53
3 101
3 103
3 115
3 125
3 146
4 44
4 65
4 66
4 67
4 76
4 103
4 108
4 154
4 161
4 186
4 190
4 196
4 209
4 214
4 237
5 16
5 30
5 95
5 97
5 173
5 237
6 22
6 45
6 92
6 106
6 127
6 141
6 167
6 177
6 244
7 38
7 68
7 96
7 105
7 122
7 126
7 215
7 243
8 2
8 56
8 69
8 76
8 82
8 90
8 118
8 140
8 152
8 154
8 170
8 201
8 245
9 1
9 12
9 14
9 31
9 74
9 91
9 93
9 102
9 132
9 133
9 146
9 153
9 162
10 6
10 14
10 27
10 59
10 157
10 203
10 243
10 245
11 6
11 14
11 24
11 25
11 104
11 115
11 145
11 148
11 157
11 165
11 173
11 220
11 231
12 24
12 34
12 53
12 78
12 105
12 108
12 137
12 166
12 173
12 183
12 204
12 233
13 21
13 45
13 53
13 76
13 83
13 88
13 110
13 144
13 146
13 171
13 209
13 227
13 228
13 237
14 18
14 43
14 57
14 104
14 112
14 117
14 132
14 183
14 191
14 202
15 91
15 119
15 121
15 145
15 166
15 170
15 203
15 210
16 30
16 45
16 49
16 120
16 175
16 176
16 197
16 204
16 241
17 0
17 2
17 3
17 30
17 43
17 73
17 101
17 112
17 161
17 211
17 224
18 43
18 63
18 147
18 149
18 185
18 204
18 225
18 235
19 13
19 29
19 38
19 106
19 118
19 130
19 161
19 171
19 228
19 237
20 24
20 45
20 46
20 47
20 76
20 129
20 130
20 172
20 191
20 210
20 220
20 223
20 225
21 43
21 69
21 80
21 82
21 176
21 189
21 235
21 241
22 32
22 65
22 97
22 169
22 179
22 218
22 234
22 235
23 10
23 87
23 96
23 193
23 212
24 40
24 48
24 109
24 115
24 138
24 139
24 176
24 188
24 191
24 211
25 24
25 56
25 203
25 211
26 60
26 79
26 94
26 100
26 110
26 142
26 156
26 167
26 185
26 220
26 230
27 12
27 15
27 50
27 55
27 65
27 85
27 170
27 181
27 222
28 31
28 39
28 62
28 76
28 90
28 109
28 110
28 117
28 136
28 140
28 188
29 26
29 59
29 65
29 119
29 121
29 122
29 171
29 202
29 208
29 211
29 223
29 233
30 35
30 41
30 87
30 150
30 171
30 178
30 230
31 26
31 89
31 126
31 130
31 141
31 143
31 179
31 181
31 184
31 207
32 0
32 47
32 80
32 95
32 98
32 150
32 178
32 192
32 231
32 235
32 247
32 248
33 0
33 56
33 67
33 87
33 104
33 114
33 118
33 125
33 157
33 167
33 207
34 14
34 47
34 54
34 87
34 97
34 98
34 103
34 138
34 166
34 177
35 19
35 42
35 73
35 91
35 97
35 105
35 163
35 184
35 186
35 198
35 205
35 227
35 242
36 13
36 22
36 57
36 68
36 86
36 87
36 104
36 112
36 114
36 144
36 164
36 165
36 167
36 175
36 190
36 229
36 237
36 240
37 38
37 40
37 45
37 83
37 84
37 96
37 136
37 148
37 178
37 203
37 242
37 246
38 23
38 45
38 53
38 90
38 171
38 184
38 188
38 201
38 220
38 226
38 229
38 235
38 249
39 29
39 81
39 109
39 134
39 145
39 150
39 152
39 159
39 196
39 227
40 43
40 44
40 62
40 112
40 140
40 243
41 25
41 34
41 45
41 65
41 81
41 132
41 143
41 145
41 187
41 228
42 35
42 249
43 6
43 39
43 54
43 74
43 128
43 151
43 173
43 194
43 198
44 4
44 31
44 41
44 43
44 90
44 150
44 181
44 202
45 1
45 8
45 43
45 46
45 148
45 178
45 200
46 21
46 31
46 38
46 51
46 52
46 101
46 105
46 125
46 146
46 161
46 205
46 210
46 216
46 237
47 125
47 170
47 239
48 52
49 0
49 120
49 135
49 145
49 177
49 204
50 7
50 10
50 60
50 92
50 142
50 176
50 179
50 184
50 205
50 212
51 1
51 14
51 37
51 44
51 57
51 59
51 78
51 95
51 96
51 98
51 115
51 154
51 167
51 199
51 241
52 27
52 28
52 62
52 87
52 104
52 128
52 129
52 134
52 153
52 169
52 185
52 238
52 245
53 11
53 29
53 57
53 109
53 122
53 131
53 149
53 207
53 212
54 12
54 21
54 22
54 110
54 126
54 171
54 207
54 211
54 231
54 232
54 238
55 3
55 51
55 69
55 116
56 24
56 28
56 40
56 70
56 103
56 104
56 116
56 148
56 163
56 174
56 245
57 69
57 88
57 173
57 221
57 233
58 22
58 46
58 56
58 65
58 84
58 92
58 146
58 150
58 207
58 243
59 8
59 26
59 30
59 34
59 43
59 64
59 76
59 92
59 94
59 129
59 190
59 204
59 242
60 37
60 43
60 48
60 93
60 103
60 105
60 106
60 109
60 113
60 119
60 211
60 219
60 242
61 9
61 29
61 66
61 68
61 85
61 112
61 126
61 174
61 202
61 233
62 71
62 92
62 118
62 128
62 143
62 150
62 170
62 171
63 20
63 25
63 45
63 66
63 92
63 208
64 39
64 59
64 79
64 127
64 139
64 190
64 197
65 1
65 21
65 58
65 64
65 75
65 135
65 162
65 174
65 185
65 190
65 196
65 219
66 43
66 57
66 98
66 127
66 147
66 163
66 169
67 14
67 65
67 69
67 133
67 155
67 165
67 215
67 220
67 244
68 9
68 24
68 79
68 130
68 135
68 139
68 144
68 225
68 242
68 243
69 41
69 68
69 78
69 129
69 199
69 209
70 4
70 23
70 27
70 52
70 54
70 59
70 61
70 76
70 86
70 107
70 110
70 118
70 119
70 154
70 191
70 195
70 204
70 206
70 229
70 248
71 1
71 58
71 59
71 60
71 76
71 82
71 120
71 167
71 185
71 191
71 192
71 203
71 217
72 45
72 100
72 132
72 139
72 173
72 209
72 213
72 230
73 19
73 43
73 78
73 101
73 114
73 134
73 146
73 213
73 215
73 226
73 230
74 1
74 9
74 10
74 62
74 64
74 82
74 87
74 110
74 125
74 144
74 158
74 174
74 221
75 90
75 98
75 148
75 153
75 181
75 209
76 8
76 11
76 16
76 20
76 40
76 61
76 77
76 85
76 87
76 107
76 153
76 155
76 205
76 216
76 231
77 32
77 128
77 130
77 148
77 189
77 196
77 236
77 246
78 4
78 37
78 117
78 127
78 140
78 153
78 231
79 10
79 13
79 43
79 58
79 75
79 96
79 109
79 118
79 120
79 191
79 209
79 246
80 135
80 151
81 4
81 22
81 41
81 42
81 65
81 73
81 120
81 174
81 176
82 0
82 9
82 36
82 53
82 125
82 153
82 158
82 163
82 245
83 3
83 26
83 34
83 63
83 126
83 128
83 168
83 205
83 207
84 30
84 40
84 52
84 60
84 79
84 87
84 92
84 121
84 153
84 165
84 198
84 205
84 232
85 25
85 26
85 30
85 35
85 185
85 199
85 207
85 210
85 225
85 238
86 103
86 108
86 118
86 126
86 169
86 186
86 203
86 207
86 243
86 244
87 33
87 50
87 82
87 91
87 95
87 107
87 108
87 248
87 249
88 7
88 55
88 71
88 79
88 184
88 185
89 76
89 91
89 101
89 119
89 154
89 167
89 210
90 49
90 111
90 121
90 126
90 182
90 190
90 193
90 194
90 197
90 220
90 246
91 53
91 101
91 111
91 115
91 127
91 234
92 13
92 18
92 49
92 84
92 88
92 175
92 204
92 234
92 235
93 8
93 40
93 78
93 102
93 118
93 137
93 203
94 1
94 7
94 38
94 51
94 85
94 96
94 103
94 111
94 134
94 143
94 163
94 167
94 177
94 198
94 235
95 34
95 97
95 98
95 123
95 177
95 238
95 239
96 25
96 60
96 68
96 73
96 76
96 78
96 126
96 129
96 157
96 216
96 227
96 242
97 32
97 43
97 45
97 63
97 78
97 140
97 166
97 227
97 247
98 5
98 34
98 39
98 68
98 77
98 169
98 206
98 214
98 248
99 84
99 121
99 154
99 168
99 180
99 200
99 246
100 15
100 60
100 78
100 101
100 106
100 135
100 149
100 198
100 207
100 230
101 72
101 78
101 99
101 113
101 133
101 139
101 141
101 143
101 152
101 157
101 174
101 175
101 176
101 191
101 193
101 247
102 4
102 26
102 43
102 50
102 57
102 95
102 122
102 138
102 205
102 221
103 19
103 21
103 31
103 49
103 63
103 237
104 0
104 4
104 13
104 18
104 34
104 62
104 81
104 98
104 126
104 133
104 154
104 158
104 183
104 194
104 200
104 234
104 244
105 26
105 39
105 77
105 104
105 127
105 162
105 194
105 230
106 6
106 43
106 93
106 96
106 138
106 193
107 12
107 63
107 73
107 136
107 148
107 172
107 198
108 23
108 68
108 101
108 161
108 228
108 233
108 243
108 245
109 2
109 9
109 20
109 29
109 53
109 65
109 98
109 99
109 128
109 141
109 147
109 183
109 186
109 187
109 191
109 204
109 213
110 16
110 71
110 91
110 103
110 116
110 145
110 156
110 165
110 237
111 68
111 106
111 112
111 168
111 181
111 193
111 205
112 18
112 33
112 35
112 36
112 51
112 76
112 81
112 90
112 106
112 108
112 110
112 166
112 173
112 180
112 220
112 229
112 242
113 8
113 18
113 26
113 36
113 59
113 84
113 121
113 125
113 131
113 167
113 169
113 173
113 182
113 190
113 197
113 241
114 6
114 54
114 57
114 69
114 92
114 99
114 167
115 195
115 196
115 227
116 3
116 79
116 83
116 87
116 152
116 170
116 175
116 194
116 225
116 236
117 71
117 105
117 132
117 152
117 180
117 183
117 188
117 194
117 201
117 202
117 223
117 240
118 24
118 62
118 77
118 139
118 158
118 169
119 1
119 48
119 95
119 129
119 153
119 166
119 180
119 189
119 191
119 198
120 16
120 31
120 52
120 59
120 85
120 86
120 122
120 129
120 182
120 235
121 3
121 4
121 21
121 64
121 73
121 77
121 95
121 98
121 107
121 119
121 138
121 174
121 182
121 232
122 27
122 42
122 67
122 86
122 94
122 134
122 163
122 208
122 212
122 234
123 17
123 35
123 44
123 158
123 174
123 230
123 238
124 12
124 16
124 40
124 105
124 107
124 149
124 177
124 179
124 198
124 199
125 7
125 8
125 23
125 40
125 54
125 96
125 107
125 123
125 124
125 133
125 182
125 185
125 196
125 206
126 3
126 9
126 16
126 42
126 51
126 64
126 81
126 83
126 135
126 141
126 150
126 177
126 241
126 248
127 13
127 27
127 98
127 124
127 180
127 215
127 226
127 241
127 249
128 14
128 126
128 127
128 224
129 6
129 31
129 85
129 98
129 132
129 133
129 143
129 153
129 216
129 239
129 240
130 38
130 44
130 89
130 108
130 112
130 122
130 126
130 153
130 171
130 174
130 243
130 244
131 18
131 51
131 54
131 87
131 122
131 173
131 208
131 209
131 233
131 241
132 27
132 42
132 48
132 51
132 56
132 85
132 149
132 163
132 178
132 221
132 225
133 2
133 6
133 62
133 69
133 76
133 149
133 162
133 172
133 191
133 192
134 12
134 28
134 32
134 40
134 64
134 84
134 138
134 157
134 175
134 209
134 214
135 48
136 6
136 7
136 43
136 52
136 70
136 71
136 84
136 88
136 97
136 139
136 166
136 169
136 192
136 236
137 2
137 76
137 96
137 118
137 130
137 176
137 190
137 206
137 233
138 23
138 36
138 48
138 57
138 70
138 73
138 89
138 112
138 122
138 186
138 187
139 2
139 15
139 37
139 50
139 71
139 92
139 114
139 122
139 130
139 138
139 153
139 159
139 162
139 221
139 223
140 2
140 72
140 89
140 107
140 109
140 160
140 221
140 223
141 6
141 7
141 8
141 15
141 21
141 35
141 45
141 86
141 152
141 163
141 191
141 192
141 242
142 36
142 47
142 52
142 129
142 155
143 7
143 9
143 88
143 103
143 105
143 132
143 135
143 163
143 170
143 207
143 212
143 215
143 244
144 0
144 3
144 4
144 84
144 85
144 87
144 201
145 51
145 114
145 162
145 179
145 223
145 235
145 239
145 244
146 41
146 68
146 74
146 89
146 121
146 174
146 215
146 216
146 234
147 125
147 150
147 166
147 205
148 11
148 20
148 33
148 37
148 95
148 102
148 140
148 177
148 187
148 188
148 204
148 230
148 235
149 27
149 88
149 107
149 176
149 190
149 205
149 208
149 210
149 219
149 234
149 241
150 7
150 13
150 20
150 63
150 84
150 87
150 107
150 114
150 217
150 227
151 1
151 101
151 118
151 135
151 176
151 177
151 180
151 215
152 32
152 39
152 53
152 56
152 86
152 88
152 145
152 182
152 217
153 11
153 19
153 40
153 45
153 50
153 56
153 61
153 72
153 75
153 85
153 106
153 137
153 138
153 167
153 199
153 200
154 44
154 48
154 60
154 72
154 86
154 131
154 173
154 185
154 206
155 4
155 44
155 45
155 55
155 69
155 122
155 151
155 156
155 196
155 212
155 230
156 21
156 30
156 47
156 64
156 76
156 80
156 139
156 198
156 201
156 204
156 227
156 229
156 230
156 239
157 18
157 44
157 51
157 190
157 192
157 204
157 246
158 4
158 19
158 43
158 90
158 120
159 9
159 34
159 36
159 41
159 88
159 105
159 117
159 122
159 163
159 180
159 224
159 230
160 5
160 43
160 59
160 100
160 114
160 126
160 137
160 147
160 203
160 231
161 10
161 15
161 25
161 35
161 45
161 54
161 98
161 108
161 113
161 118
161 148
161 199
161 227
161 233
162 28
162 39
162 58
162 63
162 77
162 95
162 114
162 130
162 138
162 140
162 174
162 209
163 10
163 46
163 51
163 69
163 92
163 105
163 156
163 160
163 176
163 200
163 209
164 84
164 97
164 112
164 116
164 127
164 130
164 141
164 154
164 225
164 232
164 236
165 58
165 81
165 87
165 161
165 233
165 247
166 2
166 16
166 41
166 109
166 111
166 118
166 161
166 182
166 190
166 196
166 221
167 6
167 8
167 20
167 41
167 112
167 114
167 149
167 157
168 8
168 115
168 183
168 219
168 223
168 230
169 38
169 47
169 101
169 103
169 130
169 134
169 146
169 170
169 171
169 180
169 182
169 200
169 225
169 234
169 244
170 4
170 25
170 51
170 65
170 85
170 100
170 112
170 118
170 142
170 147
170 155
170 161
170 174
170 179
170 184
170 191
170 205
171 0
171 29
171 126
171 137
171 153
171 165
171 182
171 224
171 226
172 15
172 78
172 86
172 117
172 131
172 148
172 153
172 207
172 208
172 217
172 230
172 235
173 19
173 35
173 38
173 56
173 93
173 113
173 154
173 163
173 219
173 231
173 243
174 16
174 83
174 88
174 187
174 202
174 207
174 233
175 17
175 73
175 101
175 171
175 182
175 193
175 212
175 229
175 235
176 20
176 31
176 33
176 52
176 61
176 102
176 181
176 193
176 199
176 209
176 215
176 229
176 235
176 241
177 14
177 50
177 52
177 64
177 125
177 143
177 210
177 241
177 246
178 55
178 112
178 129
178 159
178 200
179 12
179 23
179 30
179 56
179 74
179 95
179 104
179 173
179 175
179 196
179 201
179 247
180 14
180 43
180 89
180 116
180 133
180 223
180 225
180 231
181 40
181 133
181 159
181 165
181 179
181 184
181 191
181 204
181 224
181 240
182 0
182 38
182 56
182 65
182 97
182 103
182 224
182 233
183 9
183 21
183 36
183 51
183 60
183 67
183 85
183 97
183 114
183 119
183 132
183 167
183 169
183 180
183 187
183 196
183 231
183 232
184 14
184 38
184 66
184 91
184 104
184 108
184 148
184 156
184 158
184 174
184 194
184 205
184 247
185 21
185 69
185 156
185 160
185 172
185 178
185 188
185 213
185 233
186 1
186 19
186 24
186 66
186 79
186 140
186 167
186 170
186 178
186 181
187 46
187 53
187 65
187 88
187 133
187 146
187 175
187 231
188 53
188 75
188 81
188 104
188 108
188 154
188 209
188 234
188 237
189 50
189 150
189 182
189 217
190 45
190 86
190 92
190 114
190 141
190 143
190 199
190 243
191 52
191 81
191 98
191 109
191 110
191 115
191 138
191 151
191 169
191 175
191 199
191 216
191 221
191 223
192 58
192 67
192 81
192 89
192 90
192 95
192 135
192 185
192 206
192 220
192 245
193 15
193 85
193 88
193 97
193 164
193 171
193 182
193 201
193 205
193 208
193 210
194 5
194 40
194 65
194 71
194 76
194 107
194 133
194 163
194 180
194 182
194 192
194 203
194 238
194 244
195 44
195 56
195 121
195 144
195 151
195 157
195 165
195 171
195 231
196 51
196 56
196 60
196 62
196 125
196 127
196 137
196 165
196 178
196 179
196 181
196 208
197 4
197 10
197 15
197 34
197 41
197 46
197 48
197 51
197 64
197 66
197 91
197 95
197 119
197 121
197 126
197 167
197 199
197 208
197 225
197 246
198 14
198 20
198 21
198 25
198 29
198 65
198 73
198 81
198 91
198 92
198 128
198 130
198 134
198 136
198 138
198 166
198 181
198 187
198 190
198 207
198 219
198 225
198 246
199 4
199 45
199 58
199 71
199 93
199 97
199 145
199 155
199 159
199 223
199 244
200 3
200 33
200 59
200 75
200 102
200 103
200 224
201 12
201 14
201 82
201 83
201 84
201 90
201 91
201 96
201 114
201 120
201 199
201 206
201 207
201 215
201 241
202 64
202 81
202 89
202 114
202 144
202 157
202 199
202 219
202 232
203 33
203 97
203 120
203 122
203 137
203 141
203 146
203 197
203 231
204 29
204 79
204 90
204 116
204 147
204 157
204 212
204 231
205 19
205 33
205 80
205 168
205 178
205 213
206 7
206 24
206 75
206 78
206 117
206 202
206 208
206 221
206 237
207 18
207 24
207 26
207 112
207 141
207 172
207 175
207 182
207 194
207 241
207 243
208 10
208 11
208 13
208 21
208 31
208 50
208 56
208 63
208 79
208 82
208 112
208 122
208 147
208 171
208 181
208 209
208 221
208 224
209 9
209 27
209 131
209 197
209 211
209 243
209 249
210 4
210 25
210 40
210 47
210 65
210 67
210 73
210 94
210 121
210 166
210 225
210 227
211 46
211 88
211 110
211 122
211 131
211 140
211 147
211 159
211 217
211 238
211 239
212 4
212 23
212 44
212 60
212 84
212 130
212 144
212 158
212 162
212 197
212 227
212 228
213 4
213 48
213 50
213 79
213 81
213 98
213 138
213 146
213 170
213 177
213 185
213 226
213 237
213 240
214 7
214 19
214 47
214 64
214 77
214 122
214 204
214 205
215 5
215 39
215 40
215 58
215 153
215 191
215 193
216 21
216 76
216 115
216 130
216 131
216 138
216 142
216 203
216 235
217 28
217 91
217 95
217 100
217 134
217 151
217 158
217 179
217 209
218 4
218 18
218 37
218 127
218 207
218 209
218 238
219 37
219 40
219 85
219 100
219 119
219 164
219 197
219 215
219 227
220 70
220 79
220 85
220 149
220 158
220 162
220 197
220 213
220 217
220 227
220 231
220 233
221 5
221 23
221 54
221 179
221 210
221 211
221 228
221 239
221 248
222 8
222 11
222 16
222 38
222 55
222 58
222 89
222 96
222 109
222 129
222 132
222 141
222 146
222 163
222 168
222 174
222 175
222 188
222 191
222 231
222 238
222 244
223 9
223 48
223 192
223 217
224 2
224 8
224 9
224 69
224 102
224 111
224 117
224 123
224 131
224 173
224 220
224 227
224 230
224 231
225 24
225 26
225 43
225 111
225 126
225 136
225 164
225 166
225 247
226 9
226 48
226 64
226 118
226 155
226 201
226 207
226 223
227 1
227 6
227 19
227 60
227 69
227 70
227 118
228 7
228 99
228 169
228 170
228 176
228 177
228 182
228 234
229 2
229 41
229 55
229 70
229 84
229 88
229 94
229 138
229 158
229 188
229 228
229 236
230 3
230 48
230 50
230 63
230 167
230 225
230 232
230 234
230 240
231 33
231 120
231 216
232 12
232 20
232 50
232 66
232 70
232 99
232 119
232 166
232 181
232 188
232 207
232 217
233 1
233 4
233 44
233 66
233 68
233 77
233 85
233 107
233 142
234 13
234 91
234 101
234 114
234 152
234 167
234 169
234 191
234 240
235 40
235 46
235 100
235 116
235 153
235 161
235 162
235 164
235 179
235 183
235 192
235 203
235 219
236 12
236 35
236 39
236 45
236 68
236 71
236 86
236 87
236 122
236 125
236 151
236 170
236 196
236 197
236 212
236 215
236 247
237 5
237 31
237 71
237 78
237 93
237 132
237 162
237 169
237 180
237 222
237 244
238 2
238 5
238 22
238 35
238 44
238 50
238 89
238 136
238 137
238 167
238 190
238 196
238 237
238 240
239 11
239 58
239 91
239 120
239 123
239 125
239 188
239 196
239 203
239 204
239 235
239 238
239 249
240 2
240 55
240 78
240 102
240 187
240 197
240 206
240 207
240 211
240 231
241 51
241 88
241 94
241 105
241 146
241 224
241 225
242 17
242 47
242 48
242 138
242 150
242 206
243 14
243 81
243 87
243 92
243 112
243 202
243 213
243 223
243 241
244 40
244 69
244 86
244 165
244 176
244 184
244 197
244 241
245 22
245 31
245 33
245 61
245 65
245 88
245 113
245 125
245 157
245 214
245 216
245 230
246 5
246 14
246 63
246 68
246 99
246 105
246 107
246 112
246 115
246 142
246 231
247 87
247 90
247 107
247 108
247 128
247 183
247 205
247 210
247 233
247 235
247 243
247 245
248 114
248 117
248 138
248 150
248 157
249 15
249 65
249 80
249 121
249 129
249 148
249 156
249 173
249 205
249 220
249 247
