250 5000
0 9
0 25
0 29
0 31
0 34
0 36
0 54
0 62
0 67
0 73
0 77
0 90
0 96
0 104
0 114
0 115
0 116
0 130
0 141
0 166
0 178
0 185
0 193
0 196
0 209
0 242
0 248
1 19
1 32
1 39
1 40
1 73
1 83
1 92
1 96
1 104
1 105
1 114
1 128
1 135
1 136
1 141
1 159
1 174
1 187
1 191
1 237
2 1
2 5
2 33
2 48
2 57
2 73
2 82
2 136
2 151
2 153
2 171
2 175
2 184
2 194
2 205
2 219
2 220
2 236
2 239
2 245
3 16
3 36
3 42
3 44
3 66
3 105
3 108
3 111
3 121
3 139
3 141
3 152
3 163
3 174
3 190
3 194
3 199
3 204
3 220
3 221
3 229
3 232
3 234
4 6
4 20
4 42
4 43
4 45
4 46
4 48
4 73
4 79
4 90
4 97
4 98
4 99
4 106
4 110
4 117
4 120
4 141
4 148
4 154
4 156
4 160
4 172
4 189
4 207
4 209
4 210
4 219
4 234
4 235
4 236
4 239
5 21
5 22
5 36
5 72
5 93
5 163
5 166
5 180
5 188
5 194
5 206
5 218
5 220
5 232
5 234
5 237
6 2
6 11
6 72
6 85
6 90
6 93
6 95
6 123
6 124
6 125
6 159
6 161
6 167
6 170
6 186
6 193
6 210
6 231
7 9
7 16
7 24
7 31
7 60
7 69
7 81
7 82
7 99
7 105
7 144
7 153
7 162
7 186
7 190
7 230
7 236
7 246
8 4
8 29
8 54
8 108
8 115
8 121
8 144
8 173
8 177
8 206
8 207
8 220
8 235
8 239
8 240
9 2
9 4
9 23
9 51
9 54
9 57
9 70
9 100
9 129
9 151
9 166
9 172
9 208
9 210
9 213
9 247
9 248
10 4
10 16
10 21
10 28
10 29
10 40
10 44
10 67
10 71
10 84
10 105
10 115
10 122
10 137
10 139
10 142
10 150
10 152
10 153
10 185
10 193
10 196
10 217
10 223
10 224
11 28
11 78
11 91
11 99
11 115
11 129
11 150
11 161
11 201
11 215
11 219
11 221
11 224
11 233
11 241
11 247
12 42
12 83
12 89
12 104
12 114
12 123
12 124
12 159
12 164
12 170
12 172
12 187
12 206
12 221
12 224
12 238
12 239
13 12
13 15
13 19
13 26
13 30
13 39
13 46
13 60
13 72
13 78
13 101
13 115
13 120
13 140
13 142
13 149
13 159
13 164
13 177
13 214
13 227
13 237
13 245
13 247
14 7
14 10
14 11
14 19
14 31
14 37
14 59
14 67
14 70
14 91
14 105
14 107
14 113
14 131
14 152
14 155
14 164
14 173
14 190
14 194
14 195
14 199
14 201
14 211
14 214
14 222
14 230
14 240
14 241
14 248
15 4
15 6
15 10
15 21
15 28
15 39
15 60
15 66
15 84
15 109
15 136
15 137
15 189
15 196
15 198
15 202
15 205
15 206
15 207
15 211
15 212
15 213
15 223
15 236
16 0
16 2
16 30
16 35
16 48
16 51
16 53
16 64
16 81
16 82
16 83
16 86
16 87
16 93
16 109
16 145
16 146
16 148
16 151
16 152
16 164
16 170
16 182
16 187
16 189
16 198
16 203
16 207
16 244
17 14
17 36
17 51
17 58
17 69
17 72
17 85
17 121
17 136
17 141
17 154
17 167
17 175
17 187
18 5
18 16
18 22
18 26
18 38
18 41
18 60
18 62
18 65
18 72
18 82
18 90
18 92
18 103
18 128
18 141
18 161
18 174
18 207
18 231
19 0
19 20
19 28
19 31
19 32
19 34
19 38
19 48
19 66
19 74
19 91
19 92
19 96
19 107
19 124
19 135
19 186
19 197
19 210
19 222
20 29
20 32
20 48
20 53
20 54
20 59
20 67
20 76
20 82
20 83
20 97
20 100
20 114
20 117
20 129
20 135
20 138
20 140
20 152
20 158
20 198
20 207
20 214
20 231
20 232
20 233
20 239
20 241
21 1
21 11
21 20
21 44
21 45
21 46
21 97
21 107
21 109
21 118
21 119
21 145
21 154
21 184
21 192
21 205
21 219
21 225
21 230
22 11
22 12
22 39
22 66
22 104
22 108
22 117
22 121
22 141
22 162
22 172
22 173
22 183
22 191
22 193
22 211
22 214
22 227
22 232
23 36
23 42
23 59
23 60
23 69
23 77
23 78
23 113
23 126
23 128
23 132
23 137
23 139
23 163
23 204
23 206
23 209
23 223
23 226
23 242
23 246
23 247
24 3
24 25
24 41
24 63
24 64
24 71
24 77
24 85
24 87
24 89
24 92
24 94
24 124
24 140
24 155
24 156
24 168
24 233
24 237
24 240
24 246
24 247
25 9
25 17
25 33
25 34
25 35
25 53
25 79
25 94
25 105
25 111
25 128
25 141
25 151
25 179
25 187
25 192
25 196
25 198
25 237
25 238
26 3
26 14
26 40
26 54
26 57
26 60
26 77
26 80
26 93
26 99
26 109
26 110
26 169
26 188
26 192
26 229
26 235
26 241
27 14
27 20
27 24
27 77
27 81
27 82
27 114
27 116
27 125
27 127
27 150
27 171
27 191
27 199
27 202
27 210
27 219
27 230
28 6
28 16
28 60
28 67
28 68
28 79
28 95
28 111
28 115
28 130
28 132
28 134
28 143
28 153
28 167
28 177
28 183
28 191
28 209
28 237
29 46
29 54
29 63
29 73
29 77
29 80
29 88
29 90
29 127
29 153
29 170
29 171
29 201
29 219
30 2
30 4
30 8
30 19
30 32
30 40
30 53
30 62
30 64
30 68
30 79
30 96
30 115
30 116
30 130
30 134
30 144
30 167
30 186
31 1
31 4
31 16
31 19
31 30
31 43
31 76
31 99
31 105
31 116
31 125
31 154
31 155
31 178
31 181
31 186
31 202
31 229
31 240
32 3
32 14
32 17
32 39
32 43
32 57
32 60
32 66
32 71
32 82
32 84
32 86
32 91
32 144
32 180
32 182
32 202
32 217
32 224
32 235
32 248
33 13
33 16
33 21
33 23
33 28
33 35
33 45
33 59
33 92
33 95
33 105
33 136
33 139
33 176
33 196
33 197
33 205
33 211
33 242
34 2
34 7
34 42
34 52
34 55
34 62
34 76
34 104
34 105
34 122
34 154
34 157
34 176
34 192
34 197
34 204
34 205
34 225
34 227
34 228
34 230
34 232
35 1
35 8
35 32
35 39
35 54
35 57
35 62
35 70
35 81
35 85
35 87
35 95
35 103
35 116
35 119
35 122
35 125
35 142
35 175
35 177
35 196
35 197
35 208
35 213
35 214
35 215
35 224
35 229
35 240
35 247
36 1
36 20
36 24
36 48
36 56
36 73
36 74
36 101
36 102
36 114
36 121
36 133
36 167
36 178
36 180
36 191
36 213
36 214
36 221
36 226
36 242
36 247
36 248
37 5
37 8
37 35
37 38
37 47
37 48
37 55
37 60
37 76
37 78
37 98
37 102
37 116
37 126
37 147
37 148
37 193
37 195
37 203
37 221
37 224
37 237
37 243
37 246
38 0
38 5
38 13
38 27
38 28
38 61
38 63
38 76
38 84
38 122
38 143
38 149
38 179
38 183
38 209
38 215
38 222
38 234
38 236
39 16
39 21
39 25
39 29
39 33
39 34
39 56
39 65
39 81
39 87
39 101
39 111
39 115
39 123
39 139
39 150
39 159
39 173
39 181
39 185
39 191
39 208
39 218
39 220
39 227
39 231
40 26
40 58
40 65
40 84
40 91
40 97
40 131
40 133
40 136
40 139
40 143
40 151
40 168
40 171
40 197
40 201
40 204
40 206
40 227
40 247
41 6
41 11
41 26
41 46
41 53
41 57
41 82
41 120
41 146
41 150
41 156
41 161
41 162
41 178
41 180
41 181
41 192
41 199
41 207
41 230
41 240
41 241
42 2
42 4
42 10
42 45
42 51
42 60
42 99
42 102
42 114
42 119
42 131
42 134
42 215
42 222
42 224
43 1
43 7
43 8
43 11
43 18
43 33
43 37
43 45
43 52
43 76
43 77
43 91
43 97
43 117
43 121
43 128
43 144
43 160
43 183
43 229
43 241
44 1
44 3
44 16
44 21
44 30
44 40
44 72
44 112
44 170
44 171
44 198
44 209
44 221
44 230
45 2
45 9
45 22
45 23
45 31
45 53
45 98
45 108
45 131
45 132
45 136
45 161
45 163
45 171
45 192
45 196
45 202
45 217
46 49
46 50
46 87
46 91
46 92
46 94
46 102
46 106
46 113
46 120
46 132
46 138
46 140
46 154
46 155
46 159
46 165
46 171
46 197
46 204
46 205
46 222
46 226
46 229
46 243
47 37
47 66
47 73
47 93
47 108
47 134
47 143
47 151
47 167
47 192
47 210
47 211
47 220
47 223
47 228
47 231
47 240
48 11
48 13
48 42
48 55
48 76
48 79
48 82
48 105
48 110
48 115
48 128
48 130
48 139
48 142
48 146
48 149
48 153
48 162
48 164
48 169
48 198
48 224
48 230
48 242
49 1
49 9
49 51
49 57
49 66
49 67
49 75
49 85
49 130
49 135
49 170
49 172
49 175
49 177
49 188
49 196
49 214
49 233
49 239
50 29
50 35
50 39
50 53
50 71
50 72
50 86
50 87
50 93
50 97
50 126
50 136
50 137
50 141
50 165
50 168
50 174
50 194
50 209
50 212
50 217
50 218
50 222
50 239
50 241
51 13
51 21
51 23
51 55
51 93
51 120
51 132
51 149
51 155
51 157
51 170
51 173
51 188
51 196
51 204
51 217
52 3
52 26
52 40
52 47
52 57
52 78
52 83
52 101
52 119
52 125
52 149
52 151
52 159
52 180
52 198
52 218
52 221
53 17
53 25
53 27
53 40
53 42
53 52
53 58
53 76
53 89
53 144
53 147
53 164
53 199
53 231
53 234
53 249
54 59
54 69
54 78
54 82
54 87
54 101
54 127
54 133
54 136
54 170
54 174
54 176
54 178
54 225
54 236
55 12
55 16
55 17
55 23
55 31
55 33
55 65
55 74
55 80
55 99
55 118
55 133
55 135
55 157
55 162
55 163
55 195
55 201
55 221
55 224
55 237
55 243
55 249
56 3
56 14
56 16
56 42
56 47
56 53
56 82
56 96
56 102
56 114
56 123
56 137
56 140
56 191
56 212
56 221
56 229
56 243
57 8
57 26
57 42
57 43
57 45
57 55
57 84
57 111
57 138
57 150
57 162
57 189
57 199
57 202
57 216
57 225
57 241
58 4
58 34
58 36
58 38
58 40
58 42
58 71
58 77
58 81
58 84
58 101
58 111
58 118
58 128
58 133
58 134
58 155
58 159
58 174
58 189
58 200
58 201
58 211
58 215
58 223
59 11
59 35
59 40
59 41
59 42
59 58
59 65
59 76
59 85
59 98
59 99
59 116
59 143
59 170
59 176
59 193
59 198
59 202
59 210
59 214
59 221
60 48
60 84
60 87
60 88
60 94
60 97
60 112
60 129
60 135
60 147
60 156
60 162
60 163
60 179
60 191
60 209
60 224
60 229
60 234
60 240
60 246
61 5
61 11
61 17
61 18
61 19
61 24
61 29
61 84
61 88
61 117
61 118
61 131
61 143
61 144
61 154
61 161
61 171
61 184
61 193
61 221
61 225
62 5
62 6
62 15
62 21
62 34
62 64
62 65
62 95
62 120
62 121
62 126
62 170
62 173
62 179
62 180
62 190
62 203
62 208
62 214
62 219
62 226
62 228
62 232
63 6
63 7
63 12
63 35
63 68
63 93
63 100
63 111
63 112
63 152
63 153
63 172
63 176
63 180
63 185
63 217
63 223
63 243
63 247
63 248
64 12
64 28
64 43
64 71
64 75
64 89
64 93
64 100
64 108
64 113
64 122
64 123
64 153
64 160
64 200
64 205
64 225
64 235
65 25
65 38
65 53
65 74
65 84
65 98
65 99
65 100
65 111
65 120
65 135
65 145
65 148
65 179
65 192
65 202
65 210
65 247
66 0
66 10
66 33
66 34
66 48
66 62
66 78
66 128
66 133
66 136
66 150
66 160
66 171
66 177
66 186
66 188
66 189
66 192
66 197
66 202
67 7
67 17
67 32
67 37
67 39
67 56
67 64
67 98
67 109
67 113
67 133
67 143
67 166
67 171
67 189
67 191
67 210
67 214
68 6
68 9
68 13
68 15
68 37
68 50
68 79
68 94
68 95
68 120
68 153
68 155
68 163
68 164
68 175
68 180
68 184
68 217
68 235
68 242
68 247
69 1
69 13
69 24
69 30
69 48
69 52
69 64
69 65
69 76
69 78
69 102
69 108
69 125
69 131
69 132
69 150
69 187
69 199
69 206
69 216
69 218
69 219
70 29
70 32
70 43
70 64
70 67
70 77
70 80
70 92
70 93
70 97
70 99
70 101
70 133
70 150
70 158
70 184
70 192
70 197
70 233
70 236
70 237
70 243
71 13
71 42
71 76
71 90
71 103
71 115
71 122
71 138
71 140
71 158
71 162
71 190
71 198
71 236
71 237
71 240
71 242
72 2
72 5
72 31
72 34
72 55
72 69
72 78
72 90
72 95
72 104
72 109
72 118
72 133
72 135
72 147
72 155
72 163
72 177
72 179
72 184
72 197
72 223
73 34
73 39
73 70
73 72
73 75
73 85
73 100
73 118
73 120
73 151
73 177
73 185
73 231
73 232
73 237
73 238
73 242
73 245
74 28
74 31
74 41
74 56
74 67
74 87
74 105
74 119
74 125
74 133
74 136
74 140
74 159
74 165
74 178
74 181
74 187
74 189
74 190
74 206
74 222
75 45
75 49
75 53
75 72
75 82
75 106
75 118
75 123
75 142
75 149
75 175
75 190
75 196
75 201
75 238
75 248
76 9
76 11
76 12
76 26
76 45
76 48
76 57
76 110
76 119
76 123
76 138
76 158
76 163
76 172
76 193
76 202
76 210
76 222
76 245
77 2
77 11
77 14
77 37
77 39
77 55
77 104
77 130
77 169
77 170
77 171
77 211
77 219
77 243
78 24
78 62
78 68
78 76
78 95
78 117
78 138
78 144
78 158
78 160
78 161
78 163
78 167
78 177
78 199
78 232
78 238
79 1
79 4
79 15
79 19
79 23
79 24
79 54
79 56
79 63
79 68
79 98
79 159
79 228
80 11
80 27
80 30
80 33
80 38
80 55
80 58
80 65
80 74
80 75
80 78
80 107
80 108
80 134
80 159
80 180
80 191
80 195
80 215
80 234
80 244
81 3
81 4
81 6
81 36
81 55
81 56
81 60
81 66
81 110
81 119
81 131
81 132
81 159
81 188
81 192
81 200
81 219
81 228
81 239
81 246
82 7
82 16
82 27
82 28
82 39
82 44
82 45
82 51
82 81
82 85
82 94
82 101
82 107
82 109
82 112
82 114
82 117
82 132
82 141
82 148
82 159
82 173
82 174
82 185
82 200
82 208
82 216
82 230
83 1
83 37
83 43
83 50
83 62
83 72
83 90
83 112
83 139
83 168
83 173
83 202
83 224
83 230
84 29
84 65
84 67
84 81
84 86
84 87
84 89
84 122
84 132
84 141
84 143
84 163
84 174
84 180
84 189
84 195
84 202
84 205
84 211
84 228
84 231
84 238
85 14
85 27
85 35
85 44
85 46
85 55
85 96
85 110
85 117
85 125
85 128
85 141
85 177
85 193
85 195
85 197
85 200
85 229
85 232
85 237
86 65
86 73
86 75
86 84
86 99
86 104
86 152
86 159
86 164
86 168
86 174
86 188
86 210
86 221
86 223
86 230
86 234
87 1
87 30
87 50
87 64
87 88
87 89
87 112
87 129
87 145
87 159
87 181
87 209
87 213
88 46
88 66
88 68
88 69
88 73
88 77
88 81
88 105
88 108
88 130
88 136
88 173
88 179
88 217
88 235
88 237
88 238
88 242
88 243
89 4
89 5
89 9
89 11
89 27
89 30
89 33
89 34
89 40
89 43
89 46
89 63
89 67
89 95
89 123
89 137
89 139
89 140
89 173
89 183
89 192
89 217
89 236
89 237
90 18
90 46
90 52
90 62
90 86
90 102
90 111
90 126
90 135
90 168
90 169
90 183
90 219
90 221
90 223
90 228
91 11
91 16
91 25
91 42
91 51
91 54
91 84
91 96
91 99
91 132
91 135
91 138
91 151
91 167
91 187
91 192
91 231
91 235
91 237
91 244
92 17
92 29
92 37
92 41
92 58
92 62
92 104
92 106
92 119
92 127
92 131
92 146
92 163
92 203
92 212
92 230
93 0
93 3
93 50
93 58
93 76
93 111
93 112
93 124
93 140
93 149
93 153
93 161
93 162
93 193
93 212
93 214
93 218
93 219
93 238
93 244
93 245
94 15
94 27
94 36
94 66
94 85
94 87
94 100
94 104
94 107
94 117
94 133
94 137
94 169
94 179
94 180
94 190
94 211
94 217
94 226
94 236
94 240
94 243
95 26
95 27
95 36
95 44
95 53
95 57
95 62
95 70
95 103
95 116
95 136
95 163
95 173
95 191
95 193
95 227
95 238
96 0
96 3
96 6
96 14
96 17
96 32
96 43
96 63
96 71
96 74
96 75
96 76
96 78
96 82
96 90
96 129
96 132
96 134
96 149
96 150
96 154
96 165
96 169
96 179
96 220
97 7
97 28
97 51
97 56
97 75
97 82
97 84
97 117
97 122
97 130
97 166
97 168
97 177
97 183
97 184
97 193
97 221
97 231
97 237
97 239
97 245
98 8
98 12
98 14
98 29
98 31
98 33
98 52
98 57
98 63
98 65
98 84
98 102
98 113
98 115
98 146
98 154
98 159
98 170
98 192
98 205
98 210
98 215
98 240
98 241
98 248
99 18
99 59
99 61
99 84
99 92
99 108
99 116
99 130
99 160
99 172
99 194
99 205
100 33
100 34
100 57
100 67
100 71
100 104
100 108
100 121
100 137
100 153
100 158
100 160
100 163
100 174
100 185
100 190
100 193
100 197
100 206
100 210
100 211
100 215
100 217
100 219
100 220
100 232
101 21
101 41
101 52
101 59
101 90
101 97
101 103
101 105
101 122
101 131
101 146
101 152
101 177
101 178
101 188
101 195
101 212
101 232
101 233
101 247
102 17
102 31
102 39
102 51
102 62
102 64
102 72
102 74
102 88
102 95
102 132
102 137
102 142
102 144
102 165
102 186
102 187
102 203
102 206
102 221
102 226
102 236
103 17
103 19
103 32
103 52
103 59
103 74
103 90
103 102
103 130
103 143
103 149
103 161
103 170
103 177
103 182
103 224
103 246
104 2
104 34
104 36
104 45
104 47
104 48
104 82
104 90
104 95
104 96
104 97
104 114
104 128
104 134
104 149
104 171
104 172
104 173
104 175
104 179
104 194
104 197
104 209
104 221
104 231
105 4
105 21
105 28
105 35
105 41
105 42
105 53
105 91
105 128
105 136
105 170
105 172
105 173
105 190
105 220
105 229
105 237
106 14
106 26
106 29
106 60
106 62
106 65
106 67
106 80
106 95
106 97
106 103
106 110
106 121
106 139
106 159
106 166
106 175
106 178
106 186
106 207
106 208
106 222
106 245
107 4
107 47
107 49
107 92
107 95
107 96
107 123
107 136
107 148
107 162
107 180
107 186
107 189
107 229
107 236
108 2
108 4
108 20
108 21
108 27
108 49
108 51
108 69
108 92
108 109
108 161
108 163
108 167
108 169
108 179
108 182
108 188
108 190
108 195
108 207
108 211
108 219
108 224
108 241
109 12
109 13
109 28
109 52
109 54
109 72
109 92
109 125
109 141
109 155
109 170
109 178
109 191
109 211
109 221
109 222
109 249
110 21
110 37
110 39
110 40
110 69
110 72
110 74
110 85
110 95
110 116
110 154
110 160
110 167
110 175
110 180
110 186
110 214
110 219
111 28
111 48
111 74
111 76
111 77
111 88
111 132
111 146
111 157
111 178
111 183
111 189
111 213
111 217
111 222
111 228
112 14
112 17
112 24
112 27
112 32
112 41
112 43
112 51
112 54
112 56
112 60
112 63
112 83
112 85
112 88
112 111
112 127
112 142
112 154
112 172
112 199
112 209
112 220
112 232
112 246
113 10
113 31
113 33
113 70
113 88
113 100
113 108
113 141
113 152
113 189
113 208
113 214
113 234
113 238
113 249
114 1
114 18
114 26
114 28
114 35
114 40
114 41
114 48
114 65
114 82
114 104
114 111
114 112
114 113
114 116
114 144
114 150
114 179
114 198
114 203
114 208
114 216
114 223
114 244
115 13
115 44
115 88
115 111
115 137
115 139
115 141
115 167
115 203
115 215
115 220
115 230
116 4
116 28
116 37
116 51
116 66
116 69
116 110
116 123
116 149
116 159
116 163
116 187
116 196
116 199
116 207
116 214
116 222
116 226
116 237
116 241
116 246
117 11
117 25
117 39
117 43
117 52
117 65
117 131
117 134
117 152
117 169
117 191
117 205
117 224
117 227
117 235
118 3
118 7
118 12
118 28
118 65
118 72
118 83
118 86
118 87
118 96
118 113
118 132
118 148
118 161
118 170
118 178
118 183
118 196
118 209
118 230
118 231
119 7
119 16
119 20
119 45
119 51
119 53
119 72
119 89
119 107
119 125
119 128
119 141
119 144
119 150
119 163
119 168
119 181
119 188
119 193
119 230
119 238
120 5
120 24
120 44
120 45
120 56
120 79
120 81
120 84
120 107
120 115
120 133
120 137
120 138
120 154
120 170
120 172
120 193
120 199
121 15
121 23
121 42
121 54
121 69
121 83
121 85
121 115
121 157
121 172
121 173
121 178
121 182
121 198
121 209
121 211
121 219
121 235
121 239
121 244
122 20
122 27
122 39
122 40
122 48
122 55
122 58
122 60
122 63
122 67
122 73
122 90
122 92
122 93
122 101
122 105
122 129
122 135
122 159
122 164
122 167
122 182
122 185
122 200
122 204
122 206
122 210
122 236
122 244
123 3
123 17
123 23
123 31
123 51
123 71
123 77
123 90
123 98
123 137
123 149
123 151
123 163
123 169
123 191
123 194
123 198
123 236
124 11
124 26
124 51
124 74
124 85
124 102
124 105
124 110
124 112
124 139
124 163
124 168
124 191
124 211
124 223
124 233
124 246
125 19
125 32
125 42
125 71
125 79
125 108
125 114
125 120
125 133
125 137
125 143
125 161
125 178
125 179
125 184
125 188
125 190
125 216
125 217
125 220
125 229
125 240
125 249
126 8
126 13
126 22
126 37
126 59
126 69
126 75
126 119
126 124
126 140
126 142
126 166
126 184
126 196
126 221
126 224
126 226
126 236
127 24
127 28
127 37
127 43
127 52
127 68
127 70
127 75
127 79
127 81
127 82
127 85
127 86
127 88
127 94
127 97
127 132
127 138
127 155
127 164
127 169
127 170
127 188
127 190
127 191
127 199
127 209
127 222
127 225
127 229
127 237
128 5
128 8
128 11
128 12
128 20
128 34
128 51
128 82
128 87
128 92
128 99
128 105
128 107
128 113
128 118
128 124
128 134
128 143
128 149
128 191
128 194
128 229
128 234
129 4
129 19
129 33
129 34
129 43
129 52
129 56
129 65
129 96
129 98
129 119
129 121
129 126
129 138
129 153
129 167
129 172
129 177
129 184
129 197
129 200
129 212
129 219
129 229
129 233
130 0
130 19
130 21
130 25
130 30
130 35
130 40
130 51
130 57
130 74
130 108
130 126
130 132
130 166
130 177
130 191
130 216
130 233
130 236
130 249
131 8
131 22
131 34
131 58
131 65
131 66
131 70
131 97
131 117
131 146
131 159
131 183
131 191
131 196
131 205
131 209
131 215
131 221
131 230
131 237
131 239
131 248
132 13
132 19
132 44
132 48
132 49
132 56
132 70
132 74
132 82
132 90
132 118
132 133
132 134
132 143
132 144
132 156
132 162
132 168
132 170
132 184
132 229
132 240
132 245
133 2
133 8
133 32
133 41
133 48
133 54
133 85
133 87
133 93
133 111
133 119
133 120
133 126
133 141
133 147
133 150
133 156
133 162
133 171
133 185
133 212
133 233
134 0
134 12
134 15
134 27
134 46
134 77
134 81
134 91
134 102
134 111
134 125
134 144
134 147
134 161
134 162
134 185
134 189
134 190
134 203
134 216
134 228
135 8
135 28
135 34
135 84
135 92
135 95
135 99
135 102
135 115
135 124
135 130
135 134
135 139
135 140
135 142
135 155
135 160
135 163
135 166
135 178
135 186
135 189
135 244
135 245
136 17
136 35
136 63
136 69
136 89
136 91
136 100
136 104
136 114
136 120
136 122
136 125
136 133
136 142
136 215
136 227
136 235
136 242
137 2
137 6
137 19
137 21
137 27
137 28
137 33
137 36
137 82
137 83
137 95
137 115
137 144
137 200
137 217
137 245
138 7
138 43
138 62
138 86
138 87
138 109
138 116
138 120
138 179
138 192
138 194
138 216
138 236
138 240
139 3
139 8
139 44
139 48
139 58
139 63
139 82
139 83
139 92
139 151
139 162
139 172
139 174
139 188
139 189
139 209
139 231
139 239
140 7
140 12
140 25
140 26
140 28
140 62
140 85
140 96
140 137
140 151
140 166
140 210
140 214
140 219
140 241
141 17
141 52
141 67
141 74
141 94
141 95
141 116
141 122
141 159
141 193
141 214
141 232
141 243
142 9
142 20
142 47
142 52
142 62
142 67
142 84
142 113
142 119
142 138
142 145
142 175
142 227
142 245
143 5
143 53
143 58
143 63
143 67
143 90
143 96
143 98
143 99
143 128
143 131
143 134
143 136
143 150
143 158
143 172
143 179
143 187
143 190
143 210
143 213
143 243
143 244
143 245
144 15
144 23
144 50
144 72
144 73
144 98
144 111
144 130
144 153
144 156
144 191
144 196
144 220
144 228
144 230
144 237
144 245
145 5
145 31
145 36
145 41
145 64
145 68
145 95
145 102
145 111
145 114
145 119
145 132
145 182
145 211
145 216
145 219
145 232
145 239
145 248
146 5
146 17
146 39
146 42
146 44
146 47
146 53
146 54
146 55
146 70
146 86
146 104
146 118
146 128
146 133
146 149
146 157
146 159
146 164
146 172
146 188
146 189
146 190
146 204
146 208
146 213
146 229
146 236
146 239
147 9
147 16
147 31
147 37
147 46
147 50
147 82
147 87
147 96
147 104
147 148
147 161
147 169
147 199
147 202
147 241
148 14
148 17
148 23
148 31
148 34
148 39
148 48
148 67
148 79
148 83
148 90
148 103
148 108
148 111
148 137
148 143
148 149
148 156
148 163
148 168
148 179
148 193
148 224
148 237
148 238
148 245
148 246
149 33
149 39
149 48
149 52
149 57
149 58
149 100
149 124
149 129
149 130
149 136
149 145
149 219
149 221
149 238
149 244
150 24
150 26
150 38
150 49
150 68
150 76
150 83
150 98
150 101
150 105
150 107
150 116
150 123
150 130
150 131
150 138
150 149
150 178
150 186
150 187
150 205
150 227
150 235
150 241
151 29
151 54
151 63
151 69
151 75
151 76
151 78
151 83
151 86
151 90
151 93
151 94
151 109
151 112
151 122
151 126
151 130
151 156
151 189
151 207
151 211
151 232
151 235
151 236
151 240
151 244
152 18
152 29
152 33
152 54
152 55
152 61
152 92
152 128
152 130
152 201
152 204
152 208
152 214
152 236
152 241
152 246
153 23
153 29
153 39
153 74
153 77
153 93
153 97
153 112
153 147
153 159
153 170
153 174
153 176
153 208
153 225
153 232
153 248
154 25
154 34
154 41
154 46
154 90
154 114
154 122
154 145
154 147
154 155
154 157
154 162
154 174
154 180
154 181
154 182
154 190
154 191
154 196
154 199
154 205
154 213
154 246
155 5
155 16
155 39
155 51
155 64
155 66
155 71
155 78
155 96
155 99
155 110
155 121
155 138
155 146
155 149
155 160
155 181
155 182
155 198
155 234
155 235
156 5
156 11
156 38
156 40
156 78
156 92
156 108
156 135
156 136
156 142
156 213
156 234
156 249
157 4
157 29
157 30
157 43
157 46
157 52
157 63
157 64
157 75
157 99
157 115
157 132
157 139
157 149
157 161
157 164
157 167
157 168
157 170
157 178
157 209
157 224
157 235
157 246
158 20
158 37
158 38
158 51
158 62
158 68
158 82
158 102
158 122
158 125
158 136
158 155
158 160
158 168
158 170
158 175
158 190
158 198
158 202
158 205
158 237
159 15
159 27
159 71
159 79
159 83
159 93
159 100
159 103
159 119
159 121
159 122
159 128
159 132
159 144
159 145
159 156
159 174
159 176
159 198
159 200
159 215
159 226
159 229
159 240
159 245
160 25
160 29
160 32
160 55
160 63
160 79
160 100
160 103
160 111
160 118
160 120
160 141
160 162
160 174
160 194
160 205
160 212
160 223
160 243
161 9
161 16
161 51
161 124
161 128
161 140
161 149
161 150
161 170
161 182
161 193
161 198
161 207
161 209
161 223
162 7
162 8
162 15
162 20
162 43
162 62
162 84
162 86
162 93
162 105
162 145
162 148
162 154
162 175
162 183
162 213
162 221
162 224
162 247
162 248
163 8
163 13
163 18
163 23
163 24
163 45
163 48
163 53
163 73
163 76
163 79
163 117
163 160
163 178
163 205
163 229
163 233
164 4
164 7
164 11
164 20
164 32
164 33
164 43
164 45
164 46
164 59
164 132
164 142
164 152
164 162
164 168
164 193
164 194
164 205
164 207
164 238
164 241
165 4
165 7
165 12
165 42
165 46
165 89
165 92
165 100
165 105
165 120
165 142
165 149
165 160
165 162
165 204
165 213
165 225
165 241
166 7
166 9
166 17
166 23
166 27
166 38
166 42
166 44
166 62
166 65
166 75
166 95
166 112
166 114
166 142
166 155
166 163
166 164
166 193
166 196
166 216
166 224
166 231
166 240
167 10
167 23
167 30
167 44
167 49
167 77
167 112
167 113
167 120
167 122
167 124
167 146
167 172
167 185
167 196
167 202
167 207
167 209
167 228
167 242
167 246
168 37
168 51
168 52
168 68
168 70
168 71
168 79
168 86
168 93
168 102
168 114
168 118
168 119
168 126
168 145
168 150
168 157
168 161
168 162
168 165
168 170
168 186
168 198
168 235
168 238
169 9
169 18
169 31
169 34
169 51
169 70
169 88
169 101
169 143
169 186
169 198
169 199
169 238
170 7
170 19
170 33
170 43
170 48
170 52
170 64
170 72
170 84
170 91
170 93
170 104
170 106
170 107
170 120
170 143
170 144
170 161
170 167
170 207
170 222
170 233
171 1
171 2
171 6
171 7
171 23
171 48
171 49
171 65
171 85
171 86
171 104
171 134
171 163
171 165
171 178
171 183
171 186
171 189
171 199
171 203
171 213
171 224
171 225
171 229
171 243
172 3
172 34
172 39
172 40
172 42
172 44
172 47
172 63
172 67
172 84
172 90
172 91
172 93
172 113
172 114
172 116
172 122
172 125
172 128
172 150
172 173
172 183
172 198
172 229
172 235
173 7
173 13
173 29
173 31
173 39
173 48
173 54
173 57
173 77
173 89
173 106
173 135
173 148
173 159
173 168
173 177
173 179
173 186
173 190
173 191
173 193
173 200
173 217
173 226
174 4
174 5
174 6
174 38
174 42
174 50
174 64
174 69
174 104
174 105
174 115
174 124
174 136
174 176
174 194
174 197
174 206
174 211
175 3
175 5
175 15
175 16
175 19
175 24
175 35
175 43
175 47
175 48
175 49
175 64
175 73
175 80
175 106
175 110
175 130
175 138
175 142
175 153
175 158
175 159
175 167
175 184
175 207
175 209
175 218
175 226
175 242
176 5
176 22
176 23
176 26
176 67
176 69
176 97
176 98
176 110
176 112
176 134
176 135
176 136
176 148
176 163
176 168
176 189
176 216
176 226
176 227
177 12
177 14
177 43
177 56
177 68
177 84
177 104
177 117
177 121
177 123
177 165
177 185
177 190
177 193
177 205
177 213
177 214
177 222
178 2
178 8
178 48
178 55
178 68
178 77
178 88
178 128
178 156
178 189
178 192
178 204
178 223
178 242
179 14
179 36
179 61
179 62
179 63
179 68
179 84
179 85
179 95
179 113
179 123
179 147
179 171
179 172
179 186
179 204
179 212
179 233
179 238
179 245
180 8
180 12
180 14
180 22
180 30
180 46
180 48
180 56
180 66
180 73
180 98
180 120
180 125
180 143
180 156
180 175
180 195
180 207
180 221
180 227
180 229
180 236
181 4
181 22
181 30
181 43
181 61
181 74
181 111
181 126
181 130
181 134
181 138
181 139
181 150
181 163
181 165
181 180
181 223
181 242
182 9
182 20
182 29
182 36
182 55
182 62
182 66
182 70
182 90
182 94
182 95
182 97
182 122
182 144
182 165
182 172
182 209
182 229
182 231
182 232
182 241
183 7
183 26
183 33
183 42
183 45
183 79
183 82
183 84
183 110
183 128
183 129
183 160
183 166
183 184
183 222
183 233
183 239
184 2
184 12
184 24
184 34
184 69
184 75
184 100
184 101
184 121
184 132
184 182
184 204
184 207
184 215
184 237
184 244
184 248
185 2
185 18
185 37
185 58
185 60
185 81
185 82
185 87
185 89
185 91
185 111
185 126
185 170
185 178
185 188
185 193
185 197
185 216
185 235
185 237
185 249
186 0
186 6
186 35
186 59
186 74
186 81
186 107
186 139
186 145
186 160
186 161
186 171
186 187
186 195
186 197
186 202
186 206
186 223
186 245
187 17
187 24
187 25
187 31
187 38
187 57
187 61
187 98
187 108
187 151
187 155
187 156
187 172
187 174
187 178
187 186
187 204
187 208
187 209
187 217
187 220
187 226
187 232
187 245
187 248
188 39
188 51
188 57
188 66
188 67
188 76
188 96
188 115
188 120
188 150
188 163
188 193
188 195
188 199
188 208
188 231
188 237
188 239
188 242
189 8
189 32
189 43
189 45
189 79
189 95
189 131
189 138
189 141
189 176
189 183
189 191
189 207
189 235
189 241
190 27
190 73
190 88
190 119
190 121
190 155
190 157
190 167
190 187
190 188
190 192
190 200
190 207
190 223
190 236
191 19
191 22
191 30
191 37
191 50
191 59
191 80
191 91
191 103
191 113
191 126
191 127
191 135
191 136
191 156
191 164
191 170
191 185
191 198
191 212
191 220
192 0
192 43
192 46
192 49
192 70
192 76
192 89
192 91
192 98
192 131
192 149
192 179
192 204
192 212
192 216
192 233
192 236
192 244
192 245
192 247
193 3
193 23
193 65
193 70
193 73
193 74
193 87
193 95
193 104
193 137
193 139
193 142
193 144
193 148
193 149
193 150
193 175
193 177
193 181
193 188
193 222
193 240
193 244
194 4
194 42
194 57
194 60
194 74
194 80
194 84
194 95
194 147
194 151
194 155
194 165
194 179
194 187
194 188
194 193
194 195
194 197
194 201
194 216
194 222
194 233
194 245
194 249
195 8
195 15
195 41
195 81
195 88
195 99
195 100
195 114
195 124
195 134
195 145
195 146
195 155
195 159
195 162
195 167
195 168
195 176
195 188
195 190
195 231
195 239
196 6
196 10
196 11
196 14
196 17
196 21
196 27
196 54
196 63
196 70
196 82
196 95
196 100
196 128
196 145
196 191
196 202
196 206
196 214
196 223
196 226
196 244
196 247
197 19
197 33
197 38
197 72
197 75
197 77
197 82
197 87
197 96
197 99
197 101
197 133
197 138
197 146
197 149
197 151
197 165
197 183
197 187
197 195
197 199
197 211
197 213
197 214
197 215
197 217
197 235
197 240
197 244
198 11
198 12
198 46
198 60
198 64
198 118
198 127
198 128
198 131
198 146
198 175
198 180
198 210
198 212
199 1
199 18
199 55
199 72
199 95
199 114
199 125
199 140
199 149
199 157
199 169
199 192
199 197
199 214
199 217
199 242
200 1
200 8
200 10
200 21
200 27
200 34
200 37
200 49
200 55
200 58
200 60
200 70
200 88
200 103
200 138
200 141
200 150
200 157
200 169
200 173
200 188
200 231
200 235
200 243
201 4
201 17
201 19
201 21
201 42
201 52
201 58
201 67
201 70
201 112
201 130
201 132
201 138
201 158
201 178
201 179
201 212
201 243
201 245
201 249
202 3
202 9
202 10
202 42
202 48
202 54
202 64
202 90
202 91
202 106
202 112
202 118
202 121
202 149
202 155
202 171
202 195
202 212
202 214
202 215
202 217
202 222
202 227
202 228
202 243
202 246
203 12
203 25
203 87
203 90
203 104
203 112
203 149
203 192
203 202
203 214
203 215
203 220
203 248
204 4
204 15
204 17
204 78
204 81
204 83
204 93
204 105
204 128
204 131
204 144
204 157
204 165
204 167
204 173
204 182
204 193
204 199
204 213
204 228
204 233
204 237
204 241
205 0
205 5
205 18
205 19
205 23
205 29
205 32
205 36
205 47
205 48
205 58
205 62
205 88
205 105
205 112
205 122
205 126
205 177
206 18
206 19
206 55
206 82
206 107
206 134
206 136
206 144
206 152
206 190
206 201
206 211
206 213
206 224
206 225
206 230
206 240
207 13
207 14
207 24
207 83
207 127
207 147
207 156
207 167
207 171
207 177
207 181
207 212
207 234
207 239
208 22
208 48
208 62
208 119
208 128
208 130
208 161
208 172
208 180
208 184
208 206
208 207
208 217
208 235
208 240
208 247
208 248
209 10
209 11
209 34
209 62
209 64
209 65
209 73
209 74
209 82
209 99
209 109
209 112
209 130
209 146
209 150
209 191
210 2
210 22
210 29
210 37
210 40
210 49
210 52
210 54
210 70
210 73
210 74
210 102
210 122
210 141
210 153
210 164
210 170
210 172
210 190
210 191
210 197
210 204
210 221
210 224
211 1
211 15
211 16
211 44
211 50
211 52
211 67
211 96
211 97
211 107
211 140
211 205
211 219
211 224
211 235
211 238
212 7
212 11
212 12
212 24
212 38
212 47
212 50
212 76
212 81
212 114
212 120
212 162
212 169
212 200
212 222
212 231
212 245
213 3
213 43
213 69
213 70
213 72
213 92
213 99
213 102
213 105
213 110
213 111
213 114
213 116
213 126
213 140
213 142
213 165
213 174
213 197
213 237
213 239
214 12
214 32
214 81
214 115
214 155
214 157
214 171
214 175
214 177
214 190
214 193
214 200
214 232
215 2
215 3
215 34
215 51
215 63
215 77
215 86
215 98
215 114
215 116
215 123
215 131
215 133
215 168
215 200
215 204
215 209
215 220
215 237
216 0
216 1
216 10
216 42
216 76
216 98
216 105
216 122
216 143
216 161
216 184
216 198
216 204
216 215
216 229
216 248
217 13
217 20
217 52
217 53
217 55
217 72
217 82
217 125
217 140
217 142
217 160
217 185
217 186
217 207
217 218
217 230
217 231
217 234
217 241
218 4
218 15
218 24
218 27
218 29
218 54
218 61
218 64
218 80
218 92
218 93
218 108
218 114
218 148
218 149
218 152
218 165
218 172
218 183
218 184
218 185
218 189
218 194
218 211
218 217
218 220
218 221
218 237
218 243
219 8
219 21
219 33
219 57
219 85
219 107
219 111
219 113
219 133
219 162
219 167
219 176
219 183
219 195
219 217
219 232
219 234
220 6
220 14
220 25
220 33
220 59
220 63
220 67
220 94
220 97
220 121
220 136
220 167
220 176
220 218
221 5
221 6
221 12
221 19
221 35
221 37
221 44
221 55
221 68
221 71
221 98
221 102
221 184
221 193
221 206
221 242
221 245
221 247
222 0
222 56
222 58
222 64
222 71
222 83
222 143
222 160
222 184
222 186
222 187
222 195
222 203
222 204
222 208
222 211
222 212
222 247
223 18
223 24
223 51
223 60
223 66
223 68
223 90
223 94
223 114
223 123
223 125
223 147
223 193
223 204
223 207
223 240
223 245
224 1
224 5
224 12
224 15
224 23
224 55
224 66
224 84
224 120
224 121
224 126
224 130
224 147
224 157
224 159
224 165
224 170
224 199
224 223
224 227
224 228
224 233
224 237
225 7
225 12
225 19
225 20
225 43
225 83
225 93
225 96
225 112
225 114
225 115
225 132
225 143
225 151
225 158
225 171
225 172
225 175
225 181
225 217
225 221
225 227
225 241
225 242
225 248
225 249
226 0
226 10
226 25
226 27
226 34
226 89
226 114
226 123
226 153
226 162
226 167
226 176
226 177
226 189
226 195
226 203
226 207
226 215
226 233
226 242
227 6
227 29
227 34
227 50
227 53
227 55
227 68
227 83
227 119
227 136
227 143
227 144
227 179
227 195
227 207
227 224
227 242
228 6
228 10
228 45
228 67
228 77
228 79
228 84
228 87
228 97
228 103
228 107
228 109
228 114
228 118
228 142
228 147
228 150
228 187
228 192
228 203
228 205
228 224
228 229
228 247
229 24
229 27
229 35
229 47
229 61
229 80
229 112
229 113
229 114
229 121
229 130
229 134
229 138
229 177
229 214
229 224
229 225
230 27
230 29
230 38
230 56
230 63
230 84
230 99
230 100
230 114
230 115
230 118
230 122
230 136
230 142
230 155
230 160
230 163
230 191
230 209
231 5
231 13
231 18
231 20
231 30
231 34
231 71
231 77
231 78
231 79
231 92
231 103
231 120
231 122
231 132
231 190
231 232
231 236
232 9
232 15
232 23
232 62
232 65
232 79
232 91
232 104
232 120
232 132
232 135
232 141
232 146
232 148
232 150
232 157
232 158
232 160
232 163
232 180
232 207
232 209
232 213
232 214
232 219
232 231
232 245
232 248
233 16
233 33
233 43
233 48
233 62
233 87
233 91
233 110
233 118
233 127
233 165
233 202
233 210
234 0
234 11
234 19
234 42
234 69
234 133
234 152
234 157
234 174
234 190
234 193
234 216
234 218
234 220
234 226
234 239
234 244
235 8
235 18
235 38
235 40
235 43
235 45
235 48
235 67
235 70
235 71
235 72
235 76
235 83
235 96
235 103
235 122
235 129
235 157
235 178
235 179
235 186
235 205
235 219
235 223
235 226
235 227
236 9
236 11
236 13
236 43
236 45
236 46
236 56
236 63
236 72
236 81
236 89
236 94
236 101
236 116
236 121
236 136
236 139
236 151
236 155
236 157
236 183
236 192
236 195
236 208
236 214
236 221
236 240
236 245
237 0
237 6
237 12
237 27
237 53
237 54
237 59
237 64
237 84
237 97
237 122
237 141
237 142
237 154
237 192
237 198
237 205
237 215
237 223
237 225
237 227
237 244
238 40
238 44
238 53
238 70
238 93
238 116
238 136
238 156
238 162
238 166
238 168
238 175
238 183
238 186
238 195
238 222
238 234
238 235
239 7
239 49
239 78
239 89
239 97
239 114
239 118
239 153
239 174
239 206
239 222
239 230
240 2
240 5
240 18
240 66
240 76
240 113
240 121
240 126
240 137
240 145
240 162
240 163
240 164
240 171
240 194
240 243
241 37
241 51
241 66
241 93
241 97
241 113
241 131
241 165
241 177
241 179
241 184
241 200
241 231
241 245
242 2
242 30
242 48
242 58
242 86
242 87
242 98
242 119
242 134
242 141
242 159
242 173
242 192
242 206
242 233
243 0
243 2
243 6
243 8
243 16
243 28
243 44
243 49
243 51
243 55
243 71
243 75
243 84
243 102
243 103
243 117
243 120
243 122
243 125
243 132
243 152
243 155
243 165
243 201
243 207
243 222
243 223
243 233
243 234
243 238
244 5
244 17
244 33
244 38
244 40
244 43
244 52
244 56
244 66
244 69
244 81
244 113
244 116
244 122
244 126
244 149
244 152
244 170
244 191
245 4
245 5
245 17
245 18
245 21
245 24
245 49
245 51
245 60
245 69
245 88
245 90
245 102
245 136
245 138
245 147
245 151
245 152
245 170
245 188
245 190
245 218
245 246
246 1
246 18
246 35
246 40
246 47
246 48
246 54
246 56
246 126
246 144
246 176
246 188
246 191
246 225
246 227
246 230
246 237
246 249
247 5
247 17
247 34
247 45
247 71
247 73
247 79
247 92
247 102
247 133
247 140
247 149
247 162
247 165
247 183
247 203
247 219
247 220
247 223
247 230
248 12
248 14
248 19
248 36
248 39
248 40
248 42
248 63
248 92
248 94
248 113
248 123
248 147
248 160
248 162
248 199
248 207
248 221
248 228
248 229
248 238
249 10
249 16
249 49
249 99
249 127
249 132
249 134
249 140
249 141
249 142
249 151
249 155
249 161
249 195
249 201
249 204
249 213
249 247
