500 2500
0 47
0 167
0 169
1 30
1 128
1 341
1 391
2 26
2 178
2 334
2 388
2 452
2 460
2 490
3 24
3 47
3 297
3 303
3 367
3 459
4 381
5 43
5 292
6 51
6 111
6 128
7 172
7 222
7 307
7 377
7 416
8 261
8 366
9 92
9 204
9 462
10 58
10 182
10 214
10 298
10 337
10 441
11 92
11 215
11 247
11 463
12 43
12 118
12 125
12 238
12 301
13 18
13 103
13 117
13 137
13 139
13 310
13 340
14 475
14 498
15 66
15 205
15 233
15 240
15 292
15 432
15 456
16 167
16 204
16 248
17 1
17 10
17 287
17 363
17 413
18 264
18 341
18 449
19 144
19 201
19 317
19 383
19 417
19 464
20 52
20 62
20 75
20 82
20 349
20 445
21 24
21 40
21 150
21 180
21 353
21 385
21 454
21 499
22 272
22 402
22 406
22 462
23 34
23 181
23 262
23 385
23 459
23 485
24 13
24 219
24 238
24 390
25 116
25 311
25 315
25 376
25 379
25 380
25 410
25 418
25 459
26 29
26 110
26 320
27 134
27 191
27 299
27 444
28 15
28 258
28 383
29 130
29 146
30 79
30 176
30 246
30 313
31 14
31 115
31 155
32 25
32 130
32 133
32 266
32 397
32 490
33 147
33 204
33 262
33 339
33 348
34 53
34 230
34 269
34 482
35 0
35 118
35 343
36 138
36 265
36 340
36 417
36 483
37 254
38 109
38 279
38 300
38 305
38 317
38 327
38 400
38 415
39 142
39 154
39 359
40 81
40 212
40 298
40 375
41 58
41 183
41 228
41 295
41 374
41 489
42 110
42 185
42 404
42 440
43 359
43 480
44 154
44 255
44 397
44 428
44 491
45 110
45 330
46 35
46 243
46 343
46 356
46 358
46 455
47 107
47 185
47 365
47 395
48 77
48 85
48 249
48 318
48 420
48 479
49 26
49 74
49 130
49 287
49 379
50 70
50 208
50 350
50 426
51 37
51 70
51 132
51 150
51 248
51 436
52 107
52 119
52 224
52 237
52 339
53 130
53 148
53 207
53 288
53 465
53 477
54 146
54 336
54 423
55 117
55 144
55 243
55 279
55 352
56 98
56 191
56 245
56 499
57 168
57 179
57 271
57 419
57 469
57 478
57 493
58 169
58 173
58 181
58 257
58 410
58 412
58 437
59 16
59 34
59 428
59 432
59 452
59 479
60 43
60 206
60 302
60 320
60 465
61 150
61 235
61 245
61 400
61 458
62 38
62 59
62 117
62 382
62 392
63 12
63 46
63 121
63 142
63 354
63 402
64 23
64 32
64 136
64 270
64 310
64 476
64 498
65 31
65 83
65 310
65 324
65 374
65 403
65 413
65 437
65 451
66 119
66 194
66 433
67 390
67 393
68 107
68 316
68 321
68 341
68 404
68 406
69 120
69 218
69 242
69 326
69 380
69 404
69 438
70 36
70 46
70 53
70 346
70 418
70 451
71 27
71 90
71 93
71 134
71 277
71 479
72 238
72 286
72 399
72 466
72 480
73 80
73 87
73 172
73 273
73 299
73 411
73 449
74 146
74 436
74 461
75 110
75 190
75 444
75 481
76 114
76 142
76 197
76 232
76 347
76 353
76 395
77 195
77 284
77 336
78 83
78 178
78 215
78 343
78 457
79 9
79 126
79 252
79 265
80 118
80 180
80 210
80 231
80 244
80 321
80 446
81 128
81 155
81 177
82 43
82 107
82 121
82 315
82 450
83 20
83 153
83 158
83 179
83 317
83 319
83 386
84 0
84 139
84 224
84 277
85 243
85 279
85 344
85 376
85 388
85 481
86 66
86 102
86 142
86 222
86 320
86 322
86 414
86 454
87 144
87 194
87 238
87 267
87 449
87 459
88 7
88 35
88 96
88 143
88 228
88 229
88 248
88 337
88 374
88 471
88 486
89 8
89 162
89 338
89 359
90 35
90 54
90 109
90 319
90 331
90 403
90 490
91 97
91 155
91 251
91 343
91 346
91 431
91 434
92 18
92 84
92 150
92 242
92 262
92 313
93 114
93 160
93 257
94 66
94 139
94 255
94 264
94 335
95 5
95 16
95 27
95 126
95 321
95 362
95 489
95 493
96 220
96 325
97 94
97 275
97 316
97 452
97 493
98 6
98 31
98 113
98 138
98 238
98 300
99 77
99 152
99 407
99 413
99 427
99 446
100 46
100 372
100 491
101 95
101 312
102 160
103 115
103 146
103 459
103 492
104 51
104 129
104 244
104 330
104 481
105 1
105 224
105 227
105 249
105 251
105 278
105 314
105 388
105 461
106 172
106 327
107 40
107 281
107 317
108 20
108 48
108 83
108 154
108 312
108 382
109 188
109 304
109 407
110 239
110 328
110 459
111 25
111 29
111 161
111 162
111 296
111 359
112 59
112 261
113 174
113 228
113 231
113 256
113 350
113 402
113 428
113 437
114 18
114 19
114 329
114 458
114 471
115 241
115 285
116 34
116 43
116 44
116 342
117 62
117 142
117 421
118 131
118 205
118 243
118 271
118 287
118 299
118 313
118 423
118 425
118 445
119 20
119 65
119 112
119 472
119 476
120 13
120 158
120 188
120 334
120 370
121 78
121 312
121 317
121 325
121 373
121 402
121 409
122 238
122 369
122 464
123 18
123 289
123 296
123 381
123 418
124 38
124 43
125 70
125 76
125 214
125 227
125 278
125 492
126 44
126 90
126 113
126 148
126 352
127 54
127 160
127 235
127 370
128 44
128 50
128 245
128 408
128 459
128 486
128 499
129 77
129 139
129 196
129 281
130 194
130 218
130 233
130 244
130 298
130 351
130 496
131 181
131 210
131 484
132 9
132 159
132 208
132 262
132 382
132 448
132 459
133 7
133 289
133 344
133 378
133 394
133 452
134 193
134 297
134 377
134 484
135 35
135 184
135 289
135 425
136 121
136 128
136 485
137 111
137 136
138 54
139 365
139 398
139 421
139 431
139 467
140 25
140 101
140 174
140 181
140 209
140 292
140 406
141 328
141 426
141 442
142 55
142 253
142 296
142 330
143 5
143 23
143 28
143 120
143 159
143 236
143 258
143 318
143 322
143 323
143 408
143 447
144 107
144 131
144 267
144 350
144 386
144 391
144 495
145 59
145 187
145 250
145 416
146 330
146 363
146 457
147 27
147 91
147 162
147 178
147 205
148 98
148 137
148 310
148 348
148 356
148 399
149 168
149 357
149 412
149 442
150 91
150 144
150 233
150 286
150 311
151 24
151 25
151 172
151 386
152 38
152 69
152 98
152 135
152 286
152 456
153 15
153 139
153 198
153 286
153 386
153 398
154 11
154 68
154 148
154 287
154 348
155 130
155 177
155 208
155 322
156 12
156 17
156 123
156 220
156 326
156 371
156 467
157 151
157 208
157 294
157 362
157 368
158 18
158 39
158 77
158 104
158 107
158 197
158 224
159 32
159 103
159 148
159 234
159 251
159 252
159 299
159 367
159 385
159 387
159 493
160 163
160 297
160 349
160 446
160 456
161 68
161 79
161 173
161 463
161 494
162 45
162 58
162 70
162 73
162 262
162 267
162 273
162 328
162 427
163 333
163 334
164 78
164 85
164 100
164 198
164 298
164 404
165 202
165 411
165 428
165 455
166 18
166 42
166 46
166 196
166 229
166 256
166 343
166 392
167 92
167 100
167 175
167 193
167 335
167 344
167 399
168 179
168 268
168 417
168 421
169 157
169 211
169 216
169 381
169 389
169 402
170 8
170 40
170 125
170 448
170 499
171 174
172 161
172 292
173 82
173 256
173 375
174 53
174 155
174 280
175 79
175 134
175 224
175 243
175 291
175 309
175 319
175 422
175 435
175 468
175 469
176 1
176 155
177 71
177 80
177 253
177 340
177 407
178 136
178 183
178 210
178 479
178 483
179 159
179 197
179 420
180 1
180 35
180 82
180 189
180 191
180 425
180 444
180 461
181 55
181 138
181 323
181 336
182 95
182 123
182 163
182 331
182 427
182 430
182 437
182 470
183 22
183 247
183 329
183 472
184 3
184 87
184 159
184 175
184 189
184 213
184 292
185 175
185 192
185 234
185 261
185 296
185 303
185 458
185 463
186 255
186 290
186 299
186 325
186 358
186 380
186 425
187 99
187 315
187 353
187 444
188 109
188 214
189 120
189 279
189 351
189 378
189 432
190 80
190 131
190 165
190 392
190 458
191 182
191 220
191 221
191 308
192 18
192 72
192 189
192 237
192 273
192 286
192 336
192 425
193 123
193 379
194 95
194 141
194 168
195 3
195 307
196 43
196 318
196 345
196 437
197 111
197 300
197 341
197 467
197 497
198 102
198 121
198 327
198 393
198 421
198 465
198 478
198 484
199 87
199 149
199 166
199 469
200 54
200 138
200 206
200 443
200 497
201 27
201 54
201 127
201 198
201 223
202 260
203 110
203 341
203 342
203 397
204 54
204 133
204 207
204 240
205 81
205 170
205 201
205 293
205 365
206 19
206 93
206 146
206 171
206 187
206 425
206 471
207 219
207 259
207 301
207 349
207 359
207 377
207 492
207 494
208 18
208 41
208 46
208 93
208 181
208 246
208 294
208 421
208 423
209 275
209 310
209 341
209 485
210 57
210 111
210 176
210 197
210 338
210 376
210 496
211 26
211 31
211 99
211 167
211 187
211 256
211 422
211 435
212 182
212 279
212 375
212 393
212 449
213 97
213 147
213 288
213 311
213 473
213 487
214 57
214 82
214 135
214 153
214 212
214 349
214 389
214 400
214 426
215 35
215 59
215 64
215 192
215 240
215 442
215 474
216 58
216 75
216 105
216 288
216 339
217 234
217 398
217 497
218 25
218 107
218 433
218 484
219 321
219 425
219 428
220 138
220 148
220 210
220 223
220 232
220 311
220 354
220 401
221 155
221 174
221 344
221 361
221 368
222 1
222 106
222 305
222 313
222 337
222 350
222 478
222 494
223 386
224 151
224 236
224 332
224 409
224 429
224 468
224 488
225 77
225 84
225 152
225 223
225 461
226 124
226 149
226 399
226 442
227 0
227 43
227 44
227 106
227 149
227 308
228 145
228 400
228 404
228 497
229 19
229 178
229 200
229 290
230 17
230 18
230 181
230 259
230 429
231 87
231 175
231 239
231 350
231 377
232 3
232 222
232 254
232 286
232 359
233 22
233 374
233 389
234 270
234 343
234 397
235 6
235 100
235 136
235 177
235 182
235 196
235 207
235 215
235 307
235 332
236 49
236 70
236 162
236 299
236 447
237 37
237 69
237 70
237 82
237 126
237 232
237 396
237 436
237 439
238 37
238 109
238 117
238 218
238 310
238 496
239 132
239 187
239 412
240 64
240 226
240 306
240 391
241 44
241 237
241 262
242 49
242 284
242 352
243 10
243 153
243 167
243 459
243 470
244 68
244 160
244 349
244 385
244 497
245 59
246 179
246 400
246 448
246 492
247 95
247 115
247 187
247 360
248 24
248 118
248 188
248 225
248 429
249 12
249 273
249 471
250 48
250 104
250 247
250 320
250 373
250 389
250 417
251 13
251 34
251 48
251 84
251 273
251 305
251 407
251 431
252 29
252 73
252 227
252 305
252 326
252 372
252 439
253 205
254 47
254 118
255 2
255 186
255 350
255 373
255 384
255 412
255 453
256 24
256 71
256 109
256 203
256 314
257 64
257 144
257 330
257 468
258 65
258 106
258 134
258 287
258 317
258 331
258 360
258 381
259 278
260 6
260 13
260 96
260 399
261 112
261 152
261 188
261 190
261 283
262 122
262 149
262 211
262 213
262 316
262 456
262 478
263 167
264 70
264 153
265 176
265 222
265 263
265 291
265 327
265 379
265 424
267 203
267 297
268 245
268 345
268 348
269 68
269 75
269 114
269 188
269 245
269 309
269 444
269 477
270 10
270 49
270 90
270 112
270 152
270 206
270 436
271 31
271 53
271 229
271 382
272 93
272 94
272 217
272 381
272 407
272 424
272 462
273 113
273 131
273 189
273 254
273 262
273 320
273 377
273 394
273 407
273 440
274 10
274 299
275 4
275 34
275 58
276 47
276 50
276 112
276 261
276 353
277 32
277 75
277 79
277 82
277 125
277 369
278 136
278 171
278 221
279 188
279 194
279 359
279 414
279 488
280 86
280 194
280 331
280 352
280 367
281 10
281 26
281 43
281 44
281 239
281 273
281 277
282 52
282 215
282 219
283 104
283 191
283 357
283 476
284 44
284 65
284 105
284 116
284 358
284 384
284 479
285 138
285 330
285 397
285 421
286 1
286 409
286 416
287 65
287 192
287 242
288 269
288 380
288 425
289 190
289 241
289 347
290 40
290 107
290 143
290 217
290 280
290 295
290 307
290 456
291 484
292 138
292 147
292 322
292 327
293 61
293 68
293 257
293 259
293 349
293 380
293 454
294 196
294 436
295 30
295 199
295 224
295 407
295 412
296 104
296 202
296 374
296 394
297 1
297 243
297 320
298 102
298 127
298 191
298 397
299 208
299 226
299 253
299 280
300 39
300 68
300 118
300 224
300 228
300 451
300 467
301 35
301 46
301 405
301 463
301 483
302 48
302 99
302 235
302 271
302 428
303 195
303 236
303 365
303 395
303 465
304 119
304 230
304 271
304 353
305 55
305 80
305 389
306 262
306 301
306 322
306 360
306 364
306 491
307 78
307 137
307 231
307 246
307 344
307 474
307 488
308 84
308 95
308 96
308 333
309 81
309 122
309 281
309 333
309 409
309 419
310 5
310 22
310 278
310 341
310 393
310 416
310 448
310 474
310 486
311 20
311 116
311 329
311 339
311 408
311 417
312 73
312 82
312 219
312 349
312 367
312 368
312 396
313 24
313 99
313 255
313 412
314 43
314 220
314 268
314 280
315 63
315 122
316 114
316 183
316 414
317 129
317 373
318 56
318 139
318 219
318 491
319 171
319 188
319 277
319 342
320 253
321 2
321 102
321 111
321 315
321 406
321 492
322 188
322 257
322 387
323 39
323 139
323 160
323 252
323 330
323 365
323 461
324 91
324 172
324 217
324 348
324 402
325 63
325 94
325 196
325 412
325 430
326 224
326 257
326 285
326 302
326 333
326 394
326 410
326 449
326 451
327 101
327 310
327 318
327 486
328 18
328 63
328 84
328 113
328 325
328 439
329 20
329 23
329 96
329 140
329 217
329 232
329 255
329 278
329 406
330 111
330 161
330 227
330 435
330 459
331 39
331 67
331 124
331 145
331 355
331 359
332 48
332 60
332 122
332 351
332 441
333 27
333 36
333 321
334 96
334 142
334 231
334 328
334 388
334 445
334 449
335 313
335 428
335 488
336 26
336 256
336 263
336 327
336 356
336 409
337 49
337 144
337 150
337 262
337 362
337 438
337 492
338 51
338 260
338 342
338 371
338 394
338 446
339 11
339 39
339 131
339 154
339 169
339 186
339 242
339 263
340 194
340 242
340 317
340 474
341 39
341 115
341 144
341 171
341 428
342 11
342 26
342 346
343 1
343 115
343 215
343 223
343 249
343 447
343 485
344 49
344 61
344 215
344 362
345 309
345 406
346 31
346 345
346 422
347 2
347 14
347 104
347 123
347 169
347 282
347 357
347 386
348 59
348 145
348 148
348 168
348 289
348 405
348 434
349 14
349 242
349 280
349 373
349 420
349 463
350 5
350 246
350 313
350 430
350 474
351 12
351 151
351 202
351 285
351 315
351 395
351 485
352 220
352 234
352 295
352 312
352 497
353 1
353 16
353 274
353 319
353 483
353 486
354 8
354 84
354 138
354 151
354 211
354 212
354 326
354 359
354 380
355 258
355 484
356 99
356 114
356 125
356 148
356 244
356 389
356 390
356 433
357 65
357 201
357 213
357 229
357 282
357 342
357 343
357 424
358 74
358 87
358 135
358 138
358 197
358 230
358 255
358 335
358 390
358 447
358 496
359 448
359 449
360 471
361 164
361 183
361 199
361 310
361 348
361 418
361 433
361 499
362 105
362 168
362 172
362 261
362 268
362 301
363 132
363 133
363 187
363 436
363 487
364 52
364 181
364 196
364 235
364 288
364 344
364 355
365 54
365 137
365 174
365 408
365 457
366 150
367 73
367 111
367 180
367 224
367 268
367 291
368 110
368 246
368 290
368 310
369 15
369 236
369 491
370 130
370 151
370 221
370 244
370 305
370 308
370 374
371 222
371 377
371 399
372 33
372 289
372 309
372 399
373 44
373 248
373 255
373 309
373 348
373 370
373 402
373 406
374 52
374 215
374 308
374 315
374 331
374 408
374 487
375 103
375 124
375 127
375 357
375 455
375 496
376 8
376 43
376 53
376 91
376 215
376 316
376 466
377 68
377 126
377 333
377 398
377 477
378 78
378 155
378 326
379 91
379 168
379 205
379 394
379 407
379 468
380 162
380 187
380 227
380 417
381 316
381 478
382 108
382 153
382 196
382 283
382 321
383 126
383 274
383 293
384 97
384 127
384 139
384 158
384 244
384 263
384 421
385 163
385 184
385 193
385 395
385 403
386 58
386 112
386 207
386 220
387 52
387 89
387 227
387 243
387 382
387 464
388 7
388 50
388 72
388 122
388 332
388 349
388 422
388 439
389 48
389 178
389 391
390 28
390 45
390 80
390 195
390 306
390 460
390 478
391 108
391 125
391 138
391 144
391 495
392 72
392 93
392 96
392 202
392 292
392 325
392 372
392 374
392 462
393 89
393 133
393 205
393 225
393 278
393 498
394 42
394 49
394 66
394 117
394 168
394 179
394 286
394 332
394 341
394 418
394 425
394 468
395 37
395 108
395 160
395 249
396 86
396 121
396 213
396 240
396 316
396 386
396 412
397 4
397 271
397 310
397 343
397 479
398 446
398 457
398 476
399 81
399 248
399 350
399 432
399 496
400 93
400 269
400 271
400 311
400 389
400 472
400 476
401 21
401 158
401 369
401 402
401 419
402 17
402 229
402 265
402 339
403 0
403 14
403 96
403 153
403 191
403 257
403 493
404 26
404 338
404 371
404 443
405 6
405 128
405 263
405 319
405 441
406 113
406 146
406 214
406 235
406 297
406 458
406 461
407 110
407 129
407 298
407 304
407 314
407 348
407 366
408 50
408 140
408 373
408 392
408 407
409 31
409 74
409 83
409 96
409 112
409 200
409 220
409 233
409 290
409 291
409 298
409 468
410 62
410 95
410 266
410 380
410 432
410 441
410 462
410 463
411 63
411 117
411 119
411 134
411 173
411 320
411 417
412 56
412 126
412 152
412 208
412 280
412 360
412 388
413 127
413 478
414 39
414 75
414 83
414 154
414 462
416 22
416 60
416 148
416 318
416 332
416 401
417 48
417 51
417 75
417 77
417 167
417 202
417 386
418 37
418 398
418 436
419 158
419 299
419 358
419 416
420 62
420 79
420 145
420 278
420 416
421 102
421 141
421 372
422 117
422 155
422 312
422 492
423 2
423 167
423 244
423 445
423 476
424 194
424 236
424 251
424 302
425 45
425 296
425 398
425 413
425 472
426 21
426 81
426 122
426 178
426 242
426 304
426 398
427 75
427 405
428 22
428 80
428 176
428 257
428 284
428 448
429 202
429 289
429 301
429 361
429 385
430 41
430 376
430 466
431 12
431 17
431 126
431 206
432 151
432 183
432 232
432 481
432 496
433 88
433 135
433 246
433 401
433 413
433 442
433 457
434 13
434 161
435 24
435 66
435 315
435 433
435 438
436 65
436 93
436 129
436 266
436 291
436 404
436 426
437 1
437 33
437 227
437 340
438 92
439 40
439 240
439 380
440 86
440 89
440 149
440 219
440 273
440 354
440 389
440 390
441 66
441 187
441 287
442 81
442 267
442 338
443 35
443 391
444 33
444 310
444 470
444 471
444 476
444 487
445 6
445 113
445 333
445 338
446 80
446 160
446 181
446 188
446 235
446 452
446 496
447 33
447 68
447 304
447 392
447 454
448 31
448 138
448 196
448 418
448 430
449 110
449 325
449 381
449 385
449 404
449 410
450 340
451 123
451 150
451 267
451 377
452 2
452 23
452 56
452 182
452 408
452 463
453 90
453 216
453 394
453 432
453 448
454 144
454 354
454 413
454 440
455 38
455 95
455 104
455 113
455 295
455 356
455 435
456 80
456 84
456 172
456 223
456 350
456 447
457 188
457 242
457 317
457 413
457 437
457 471
459 239
459 291
459 359
460 83
460 158
460 469
461 190
461 245
461 266
461 308
461 369
461 488
462 169
462 276
462 405
462 450
462 455
462 492
463 149
463 445
463 477
464 66
464 91
464 136
464 222
464 250
464 415
465 13
465 204
465 323
465 365
465 416
465 450
466 116
466 120
466 205
466 325
467 155
467 176
467 216
467 221
468 183
468 187
468 234
468 314
468 467
469 112
469 369
469 415
469 431
470 86
470 90
470 190
470 453
471 40
471 76
471 135
471 436
471 445
471 467
472 131
472 161
472 181
472 252
472 262
472 283
473 95
473 192
473 279
473 327
473 333
474 46
474 49
474 92
474 180
474 203
474 239
475 40
475 50
475 124
475 226
475 374
476 140
476 193
476 199
476 257
476 453
477 102
477 132
477 153
477 164
478 168
478 195
478 476
478 491
479 22
479 174
479 338
479 339
479 344
479 398
479 417
479 421
480 145
480 250
480 263
480 310
480 324
480 426
481 156
481 197
481 338
481 373
481 452
481 493
482 62
482 147
482 323
482 460
483 200
483 207
483 215
483 264
483 398
483 414
483 496
484 26
484 37
484 128
484 163
484 168
484 235
484 349
484 417
484 418
484 461
484 494
485 9
485 94
485 166
485 235
485 324
485 384
485 412
485 418
485 425
486 121
486 244
486 306
486 390
486 440
486 448
486 450
486 454
487 299
487 403
487 417
487 494
488 10
488 337
488 362
488 380
489 67
489 110
489 131
489 140
489 294
489 323
489 357
489 404
489 449
489 455
490 17
490 122
490 238
490 469
490 478
491 84
491 150
491 208
491 225
491 352
491 404
491 436
491 483
492 135
492 151
493 219
493 421
494 125
494 134
494 209
494 251
494 336
494 446
495 64
495 87
495 131
495 310
495 427
495 484
496 297
496 359
496 366
496 381
497 108
497 122
497 295
497 368
497 444
498 86
498 357
498 382
498 396
499 138
499 141
499 142
499 189
499 281
499 285
499 365
499 455
