500 5000
0 14
0 31
0 140
0 206
0 227
0 289
0 321
0 328
0 409
0 456
1 29
1 38
1 76
1 121
1 149
1 159
1 162
1 199
1 222
1 344
1 353
1 393
1 438
2 182
2 212
2 231
2 395
3 7
3 37
3 51
3 100
3 150
3 298
3 399
3 436
3 496
4 97
4 152
4 272
4 295
4 311
4 312
4 350
4 382
4 383
4 455
4 475
4 482
5 29
5 33
5 43
5 56
5 184
5 498
6 8
6 31
6 40
6 42
6 121
6 122
6 183
6 216
6 242
6 349
6 374
6 415
6 464
7 41
7 103
7 146
7 190
7 245
7 308
7 336
7 339
7 424
7 429
8 20
8 91
8 96
8 137
8 334
8 342
8 367
8 393
9 44
9 48
9 54
9 119
9 132
9 258
9 260
9 319
9 331
9 349
9 350
9 484
9 492
10 79
10 146
10 147
10 165
10 217
10 262
10 385
10 430
11 33
11 121
11 138
11 150
11 205
11 271
11 284
11 443
11 479
11 495
11 498
12 157
12 167
12 173
12 176
12 194
12 217
12 223
12 293
12 359
12 368
13 62
13 252
13 273
13 303
13 307
13 313
13 486
13 487
14 45
14 56
14 71
14 90
14 104
14 127
14 189
14 290
14 459
14 486
15 42
15 67
15 75
15 91
15 115
15 199
15 263
15 319
15 429
16 9
16 104
16 107
16 114
16 115
16 175
16 197
16 352
16 378
17 59
17 94
17 114
17 126
17 136
17 154
17 230
17 287
17 331
17 341
17 431
17 466
18 17
18 68
18 130
18 227
18 251
18 347
18 352
18 366
18 404
18 415
18 448
18 495
19 68
19 97
19 101
19 148
19 202
19 213
19 218
19 245
19 373
19 420
19 423
19 446
20 136
20 280
20 289
20 318
20 330
20 397
20 429
20 440
20 458
21 11
21 17
21 52
21 56
21 71
21 77
21 145
21 213
21 404
21 489
22 49
22 59
22 77
22 161
22 165
22 167
22 222
22 223
22 250
22 295
22 418
22 459
23 89
23 176
23 201
23 299
23 339
23 385
23 387
23 428
23 496
24 104
24 271
24 322
24 359
24 413
24 420
24 441
24 485
24 486
25 17
25 71
25 73
25 103
25 104
25 139
25 273
25 309
25 357
25 398
25 440
25 469
26 9
26 28
26 76
26 189
26 226
26 273
26 276
26 399
26 407
27 15
27 33
27 46
27 56
27 84
27 95
27 106
27 129
27 180
27 206
27 284
27 285
27 287
27 313
27 349
27 386
27 406
27 411
27 416
27 429
27 472
28 3
28 8
28 18
28 27
28 57
28 59
28 68
28 75
28 135
28 189
28 190
28 200
28 322
28 334
28 400
28 455
29 88
29 171
29 172
29 424
29 448
29 466
29 477
30 44
30 54
30 129
30 151
30 214
30 269
30 276
30 366
30 406
30 439
30 460
31 2
31 47
31 86
31 96
31 185
31 255
31 261
31 278
31 339
31 386
31 425
31 428
31 457
31 462
31 488
32 109
32 173
32 195
32 315
32 323
32 329
32 331
32 352
32 383
32 404
32 443
32 452
32 489
33 32
33 120
33 163
33 237
33 246
33 290
34 48
34 54
34 78
34 219
34 282
34 309
34 322
34 359
34 388
34 414
34 419
34 446
35 6
35 18
35 47
35 202
35 209
35 251
35 284
35 301
35 381
35 442
36 43
36 117
36 171
36 244
36 385
37 32
37 57
37 71
37 86
37 141
37 299
37 315
37 372
37 426
38 59
38 254
38 257
38 296
38 357
38 379
38 450
38 469
38 472
39 0
39 63
39 203
39 253
39 307
39 320
39 360
40 42
40 150
40 222
40 248
40 250
40 387
40 409
41 18
41 23
41 78
41 209
41 252
41 348
41 363
41 438
41 470
41 494
42 93
42 94
42 143
42 159
42 239
42 244
42 308
42 329
42 364
42 396
43 87
43 217
43 253
43 267
43 319
43 326
43 330
43 396
43 409
43 422
44 66
44 89
44 103
44 131
44 151
44 230
44 248
44 290
44 305
44 330
44 345
44 379
45 68
45 88
45 183
45 218
45 221
45 318
45 333
45 362
45 364
45 409
45 460
46 192
46 196
46 211
46 218
46 318
46 436
46 463
47 91
47 127
47 142
47 197
47 208
47 232
47 259
47 310
48 24
48 27
48 151
48 221
48 225
48 234
48 265
48 300
48 403
48 464
49 21
49 68
49 99
49 175
49 209
49 226
49 246
49 326
49 404
49 417
50 68
50 94
50 254
50 279
50 455
50 468
50 480
50 494
51 2
51 10
51 234
51 303
51 309
51 465
51 480
52 23
52 37
52 204
52 226
52 285
52 288
52 329
52 401
53 63
53 112
53 150
53 183
53 193
53 217
53 410
53 412
53 456
53 474
54 11
54 14
54 66
54 142
54 157
54 192
54 213
54 219
54 227
54 233
54 249
54 343
54 399
54 439
54 467
55 4
55 165
55 295
55 330
55 390
55 407
55 431
55 496
56 2
56 82
56 92
56 119
56 135
56 146
56 195
56 196
56 259
56 311
56 411
56 488
57 49
57 143
57 180
57 311
57 353
57 363
57 379
57 432
57 444
58 28
58 34
58 130
58 198
58 310
58 341
58 463
58 474
59 61
59 120
59 256
59 303
59 336
59 435
59 465
59 489
60 187
60 215
60 224
60 270
60 275
60 342
60 353
60 407
60 415
60 456
61 99
61 190
61 226
61 239
61 274
61 340
61 420
61 463
61 478
62 28
62 110
62 164
62 218
62 224
62 257
62 377
62 410
62 428
62 459
63 45
63 105
63 137
63 219
63 267
63 273
63 481
64 24
64 160
64 198
64 206
64 295
64 313
64 314
64 364
65 43
65 74
65 82
65 114
65 245
65 253
65 281
65 396
66 25
66 70
66 71
66 79
66 128
66 222
66 285
66 293
66 312
66 328
66 418
67 31
67 124
67 132
67 147
67 188
67 198
67 235
67 292
67 471
68 33
68 87
68 99
68 174
68 185
68 250
68 380
68 439
68 458
68 480
69 14
69 35
69 248
69 256
69 267
69 275
69 401
69 406
70 32
70 63
70 105
70 118
70 146
70 202
70 218
70 232
70 234
70 240
70 244
70 249
70 265
70 301
70 334
70 353
70 355
70 499
71 54
71 222
71 225
71 287
71 317
71 394
71 409
71 429
72 71
72 179
72 192
72 208
72 295
72 304
72 389
72 499
73 35
73 58
73 76
73 86
73 89
73 165
73 335
73 344
73 388
73 417
73 479
74 11
74 47
74 79
74 169
74 196
74 258
74 335
74 378
75 37
75 167
75 234
75 266
75 351
75 442
76 118
76 131
76 133
76 219
76 225
76 255
76 303
76 360
76 402
76 426
76 462
76 479
77 86
77 145
77 252
77 346
77 388
77 459
77 476
77 492
77 493
78 45
78 60
78 118
78 145
78 200
78 239
78 244
78 262
78 265
78 300
78 309
78 334
78 345
78 366
78 443
79 39
79 126
79 219
79 237
79 276
79 412
79 460
79 494
80 17
80 36
80 101
80 119
80 265
80 329
80 390
80 402
80 475
80 477
81 5
81 26
81 91
81 177
81 280
81 387
81 431
81 470
81 482
82 29
82 52
82 142
82 206
82 276
82 358
82 384
82 411
82 415
83 7
83 73
83 124
83 136
83 144
83 308
83 333
83 338
83 470
83 477
84 156
84 203
84 341
84 347
84 497
85 70
85 128
85 136
85 144
85 169
85 206
85 216
85 263
85 290
85 291
85 313
85 400
85 424
85 452
85 454
86 19
86 54
86 87
86 113
86 133
86 245
86 300
86 340
86 394
86 422
86 430
87 32
87 42
87 72
87 145
87 158
87 163
87 228
87 235
87 345
88 99
88 167
88 184
88 204
88 207
88 275
88 281
88 300
88 417
88 436
89 72
89 169
89 316
89 432
89 440
89 480
89 487
90 96
90 124
90 146
90 148
90 150
90 154
90 156
90 179
90 198
90 272
90 452
90 472
91 214
91 230
91 304
91 324
91 388
91 455
91 485
91 497
91 498
92 46
92 116
92 195
92 203
92 236
92 241
92 315
92 401
92 402
92 408
92 479
93 41
93 59
93 95
93 150
93 163
93 262
93 314
93 405
93 406
93 416
93 465
94 61
94 93
94 116
94 123
94 219
94 281
94 286
94 288
94 290
94 303
94 343
94 413
94 441
94 457
94 473
95 56
95 93
95 140
95 170
95 200
95 210
95 271
95 286
95 323
95 427
95 475
96 54
96 64
96 125
96 300
96 348
96 405
96 421
97 98
97 136
97 162
97 236
97 247
97 440
97 446
97 480
97 490
98 32
98 70
98 130
98 166
98 167
98 173
98 325
98 347
98 376
98 435
98 441
98 446
98 466
99 23
99 26
99 78
99 95
99 142
99 150
99 197
99 204
99 210
99 256
99 267
99 274
99 281
99 290
99 346
99 371
99 443
100 64
100 424
100 467
100 478
100 479
101 35
101 158
101 271
101 322
101 329
101 497
102 0
102 20
102 24
102 33
102 122
102 132
102 287
102 326
102 340
102 347
102 377
102 386
102 402
102 404
102 432
103 18
103 38
103 117
103 296
103 365
103 369
103 443
103 447
103 475
103 479
104 67
104 261
104 340
104 355
104 499
105 81
105 135
105 208
105 255
105 339
105 398
105 402
105 468
105 469
106 2
106 10
106 17
106 25
106 47
106 74
106 127
106 141
106 160
106 200
106 206
106 217
106 437
107 8
107 63
107 93
107 169
107 198
107 203
107 208
107 243
107 260
107 297
107 345
107 361
107 466
107 498
108 71
108 85
108 141
108 159
108 175
108 217
108 256
108 265
108 353
108 453
109 11
109 75
109 205
109 216
109 296
109 328
109 351
109 379
109 393
109 399
109 421
109 425
109 452
109 470
110 17
110 38
110 141
110 202
110 226
110 232
110 282
110 370
110 400
110 403
111 40
111 45
111 151
111 256
111 328
111 353
111 438
111 440
112 69
112 176
112 362
112 412
113 7
113 14
113 30
113 55
113 139
113 277
113 288
113 312
114 53
114 70
114 79
114 167
114 179
114 235
114 248
114 255
114 314
114 416
114 463
115 9
115 27
115 86
115 91
115 210
115 228
115 324
115 400
115 457
115 494
116 58
116 85
116 109
116 151
116 269
116 277
116 296
116 301
116 425
117 31
117 59
117 114
117 136
117 163
117 233
117 246
117 387
117 401
118 85
118 108
118 132
118 308
118 375
118 442
119 99
119 206
119 215
119 298
119 350
119 468
120 9
120 31
120 48
120 62
120 177
120 178
120 367
120 403
120 411
120 414
120 441
121 39
121 92
121 119
121 149
121 182
121 240
121 241
121 346
121 348
121 357
121 408
121 433
121 468
121 475
121 479
122 15
122 84
122 106
122 132
122 183
122 193
122 307
122 308
122 324
122 429
122 448
122 454
122 467
123 77
123 78
123 104
123 114
123 137
123 184
123 205
123 246
123 290
123 438
124 91
124 118
124 251
124 289
124 366
124 409
124 453
124 463
125 2
125 15
125 66
125 87
125 130
125 158
125 175
125 223
125 256
125 263
125 272
125 360
125 400
125 487
126 17
126 84
126 121
126 131
126 142
126 197
126 231
126 336
126 387
126 404
126 409
126 477
127 49
127 92
127 134
127 202
127 257
127 294
127 301
127 367
127 446
127 466
127 474
128 149
128 153
128 182
128 206
128 218
128 223
128 242
128 284
128 380
128 472
128 478
129 2
129 11
129 73
129 92
129 106
129 204
129 212
129 444
129 450
130 110
130 113
130 128
130 137
130 171
130 172
130 190
130 279
130 372
130 381
130 393
130 459
130 473
131 3
131 41
131 44
131 67
131 120
131 128
131 375
131 379
132 35
132 37
132 38
132 99
132 110
132 122
132 129
132 196
132 291
132 432
133 31
133 150
133 232
133 408
133 483
134 18
134 64
134 76
134 91
134 101
134 124
134 163
134 198
134 213
134 318
134 332
134 466
134 491
135 65
135 84
135 179
135 224
135 232
135 252
135 377
135 384
135 401
135 405
135 472
136 39
136 69
136 79
136 84
136 93
136 153
136 236
136 257
136 260
136 283
136 309
136 335
137 76
137 83
137 97
137 115
137 150
137 186
137 223
137 252
137 311
137 336
137 347
137 360
137 381
137 430
137 481
138 32
138 88
138 134
138 162
138 183
138 211
138 235
138 316
138 322
138 329
138 383
138 402
138 451
139 104
139 230
139 275
139 292
139 328
139 350
139 375
139 378
139 494
140 39
140 50
140 80
140 105
140 132
140 144
140 254
140 313
140 398
140 404
140 480
141 86
141 135
141 190
141 401
141 464
141 491
141 495
141 497
142 93
142 134
142 172
142 329
142 346
142 444
143 18
143 20
143 109
143 115
143 167
143 197
143 226
143 243
143 265
143 313
143 319
143 328
143 346
143 382
143 445
143 463
144 7
144 43
144 47
144 49
144 146
144 219
144 230
144 244
144 316
144 336
144 346
144 356
144 445
144 476
145 9
145 17
145 19
145 38
145 56
145 229
145 288
145 358
145 390
145 443
145 450
146 31
146 75
146 115
146 179
146 241
146 337
146 369
146 394
147 18
147 66
147 150
147 158
147 180
147 264
148 26
148 88
148 89
148 133
148 211
148 301
148 303
148 338
148 384
148 432
148 444
149 70
149 97
149 135
149 226
149 241
149 252
149 294
149 345
149 399
149 412
149 457
149 476
149 488
149 492
150 31
150 68
150 106
150 124
150 134
150 136
150 143
150 182
150 215
150 258
150 356
150 431
151 29
151 31
151 197
151 207
151 231
151 260
151 330
151 392
151 414
151 482
152 18
152 91
152 97
152 139
152 179
152 197
152 327
152 355
152 376
152 399
152 461
153 93
153 103
153 104
153 124
153 173
153 302
153 318
153 334
153 362
153 403
154 56
154 137
154 291
154 320
154 361
154 457
154 477
155 82
155 90
155 101
155 198
155 313
155 345
155 495
156 52
156 68
156 81
156 148
156 152
156 193
156 216
156 225
156 420
156 436
156 466
157 70
157 115
157 123
157 229
157 310
157 327
157 363
157 396
157 473
158 27
158 77
158 194
158 280
158 308
158 342
158 393
158 425
158 427
158 470
159 41
159 92
159 106
159 137
159 141
159 154
159 226
159 245
159 268
159 269
159 296
159 314
159 339
159 401
159 425
159 429
159 430
160 26
160 148
160 149
160 199
160 213
160 224
160 387
160 409
160 452
161 26
161 28
161 40
161 150
161 179
161 400
161 410
161 453
161 479
162 14
162 69
162 119
162 133
162 153
162 157
162 371
162 456
162 466
163 1
163 5
163 15
163 16
163 79
163 195
163 316
163 497
164 4
164 20
164 120
164 154
164 160
164 174
164 242
164 259
164 289
164 352
164 374
164 403
164 425
164 449
165 209
165 263
165 294
165 329
165 440
165 480
166 9
166 22
166 72
166 82
166 112
166 145
166 203
166 359
166 470
167 13
167 55
167 122
167 123
167 182
167 187
167 336
167 386
167 401
167 453
167 497
168 38
168 45
168 50
168 54
168 82
168 176
168 183
168 205
168 221
168 291
168 302
168 417
168 474
169 250
169 280
169 284
169 313
169 327
169 498
170 42
170 145
170 165
170 180
170 188
170 328
170 348
170 361
171 113
171 117
171 130
171 197
171 251
171 274
171 293
171 302
171 424
171 446
171 490
171 492
172 98
172 119
172 226
172 293
172 298
172 320
172 335
172 378
172 419
172 481
173 9
173 41
173 177
173 191
173 222
173 261
173 288
173 462
174 15
174 21
174 101
174 121
174 165
174 216
174 222
174 239
174 405
174 444
175 25
175 34
175 55
175 66
175 98
175 100
175 266
175 284
175 358
175 361
175 388
175 404
175 465
175 471
175 487
176 8
176 51
176 62
176 68
176 191
176 211
176 283
176 307
176 341
176 417
176 462
177 7
177 24
177 77
177 82
177 108
177 212
177 308
177 373
177 447
178 7
178 27
178 32
178 58
178 77
178 223
178 359
178 382
178 395
178 405
179 6
179 18
179 36
179 117
179 118
179 203
179 237
179 302
179 337
179 358
179 403
179 426
180 60
180 75
180 115
180 148
180 267
180 311
181 74
181 293
181 314
181 414
181 448
181 461
182 103
182 125
182 126
182 131
182 202
182 365
183 5
183 6
183 129
183 170
183 184
183 245
183 290
184 58
184 83
184 190
184 220
184 234
184 250
184 326
184 369
185 44
185 61
185 93
185 95
185 156
185 228
185 248
185 253
185 254
185 256
185 350
185 398
185 408
186 8
186 20
186 192
186 223
186 237
186 324
186 340
186 375
186 435
187 48
187 210
187 265
187 278
187 318
187 330
187 340
187 408
187 442
188 0
188 149
188 241
188 311
188 335
188 380
188 435
188 496
189 4
189 12
189 18
189 175
189 229
189 234
189 240
189 304
189 307
189 352
189 453
189 487
190 30
190 58
190 142
190 225
190 229
190 280
190 303
190 314
190 433
190 477
190 478
190 480
191 23
191 109
191 121
191 183
191 199
191 279
191 454
191 470
191 474
191 476
192 0
192 45
192 92
192 114
192 132
192 140
192 232
192 233
192 238
192 252
192 257
192 302
192 318
192 340
192 376
192 428
192 455
192 458
193 14
193 149
193 230
193 376
193 380
193 423
193 427
193 470
194 34
194 39
194 69
194 132
194 142
194 182
194 447
194 461
195 22
195 87
195 186
195 227
195 268
195 385
195 418
195 452
196 71
196 121
196 191
196 203
196 206
196 225
196 237
196 263
196 278
196 323
196 349
196 380
196 433
196 485
197 66
197 84
197 95
197 205
197 231
197 257
197 361
197 422
197 426
197 439
197 467
197 499
198 82
198 186
198 318
198 321
198 417
198 451
199 180
199 221
199 231
199 258
199 302
199 356
199 424
199 450
199 476
200 12
200 28
200 60
200 126
200 308
200 376
200 453
200 456
201 7
201 66
201 67
201 76
201 182
201 245
201 264
201 296
201 409
201 461
201 470
201 485
202 47
202 139
202 147
202 154
202 312
202 323
202 337
202 362
202 398
202 485
202 497
203 4
203 8
203 60
203 82
203 93
203 95
203 114
203 146
203 181
203 191
203 231
203 294
203 366
203 373
203 395
203 399
203 435
203 458
203 498
204 103
204 119
204 124
204 153
204 299
204 304
204 327
204 348
204 398
204 495
205 29
205 102
205 193
205 197
205 326
205 365
205 417
205 432
205 461
206 16
206 25
206 40
206 77
206 118
206 376
206 431
206 468
206 477
207 245
207 250
207 287
207 337
207 340
207 348
207 387
207 498
208 135
208 156
208 205
208 230
208 253
208 271
208 293
208 374
208 391
208 401
208 407
209 149
209 156
209 224
209 347
209 422
209 479
209 486
209 497
210 19
210 86
210 92
210 175
210 202
210 215
210 233
210 267
210 441
210 490
210 498
211 86
211 105
211 116
211 231
211 416
212 109
212 112
212 249
212 383
212 392
212 425
213 22
213 37
213 296
213 309
213 348
213 365
214 86
214 89
214 179
214 222
214 230
214 270
214 276
214 280
214 306
214 382
214 445
214 446
214 472
214 476
215 16
215 51
215 62
215 73
215 95
215 129
215 134
215 171
215 238
215 248
215 272
215 331
215 342
215 419
215 433
215 447
215 473
216 10
216 43
216 100
216 145
216 160
216 165
216 210
216 293
216 400
216 457
216 471
216 476
217 61
217 130
217 181
217 202
217 265
217 286
217 288
217 298
217 316
217 332
217 352
217 390
217 401
217 432
217 448
217 451
218 6
218 37
218 125
218 175
218 204
218 269
218 329
218 388
218 395
218 497
219 10
219 32
219 51
219 98
219 105
219 261
219 305
219 443
219 496
220 23
220 63
220 151
220 164
220 382
220 386
220 392
220 471
220 473
220 479
220 489
221 0
221 45
221 54
221 57
221 62
221 76
221 103
221 132
221 147
221 224
221 267
221 301
221 309
221 438
221 464
221 491
221 492
222 71
222 294
222 430
223 9
223 50
223 145
223 160
223 187
223 248
223 266
223 313
223 325
223 436
223 447
223 482
223 493
224 114
224 129
224 245
224 259
224 299
224 329
224 362
224 368
224 372
224 388
225 16
225 24
225 63
225 168
225 201
225 370
225 385
225 408
225 494
226 2
226 61
226 67
226 283
226 351
227 104
227 137
227 278
227 299
227 338
227 346
227 347
227 398
227 411
227 428
227 435
227 466
227 469
228 87
228 94
228 104
228 129
228 160
228 217
228 220
228 232
228 283
228 338
228 378
228 408
228 422
228 451
229 32
229 38
229 75
229 100
229 110
229 160
229 218
229 263
229 297
229 322
229 387
229 408
229 449
230 28
230 34
230 174
230 175
230 219
230 225
230 246
230 301
230 400
230 424
230 428
230 479
231 12
231 22
231 63
231 109
231 158
231 196
231 220
231 341
232 12
232 47
232 78
232 85
232 116
232 122
232 126
232 207
232 255
232 267
232 268
232 304
232 442
232 469
233 49
233 118
233 137
233 144
233 226
233 227
233 257
233 398
234 16
234 67
234 126
235 12
235 27
235 83
235 118
235 160
235 161
235 180
235 184
235 259
235 349
235 380
235 385
235 421
236 43
236 54
236 57
236 286
236 310
236 363
236 364
236 399
237 27
237 36
237 48
237 251
237 356
237 371
237 386
237 391
237 404
238 7
238 174
238 250
238 279
238 293
238 327
238 374
238 377
238 438
238 470
239 53
239 91
239 131
239 138
239 194
239 206
239 292
239 340
239 344
239 413
239 471
240 80
240 91
240 108
240 223
240 363
240 393
241 43
241 74
241 223
241 426
241 458
242 1
242 100
242 192
242 212
242 225
242 305
242 316
243 20
243 230
243 341
243 377
243 382
243 387
243 462
243 469
244 5
244 132
244 142
244 200
244 259
244 340
244 355
244 361
244 418
244 419
244 423
244 493
245 105
245 171
245 251
245 260
245 269
245 297
245 323
245 399
245 400
246 20
246 121
246 138
246 149
246 214
246 278
246 290
246 352
246 383
247 19
247 145
247 159
247 161
247 181
247 204
247 226
247 310
247 431
247 451
248 106
248 110
248 187
248 230
248 264
248 348
248 374
248 410
248 428
248 455
248 471
249 58
249 66
249 76
249 329
249 342
249 358
249 470
250 176
250 269
250 414
250 426
250 445
250 457
251 15
251 154
251 174
251 180
251 245
251 283
251 305
251 320
251 366
251 381
251 420
251 441
252 24
252 58
252 80
252 105
252 121
252 243
252 254
252 256
252 268
252 368
252 390
252 478
253 87
253 112
253 191
253 197
253 263
253 273
253 309
253 325
253 375
253 397
253 432
253 478
254 188
254 209
254 260
254 268
254 410
254 467
255 2
255 79
255 174
255 191
255 209
255 211
255 314
255 484
256 31
256 35
256 45
256 66
256 75
256 132
256 198
256 222
256 272
256 345
256 347
256 459
256 474
257 11
257 101
257 157
257 171
257 191
257 255
257 267
257 330
257 343
258 83
258 114
258 139
258 220
258 396
258 494
259 18
259 31
259 55
259 76
259 120
259 124
259 154
259 169
259 273
259 356
259 360
259 387
260 20
260 152
260 216
260 248
260 376
260 408
261 85
261 210
261 260
261 276
261 303
261 307
261 312
261 485
262 12
262 50
262 120
262 150
262 185
262 202
262 218
262 219
262 230
262 323
262 350
262 473
263 0
263 83
263 129
263 134
263 136
263 156
263 210
263 212
263 313
263 319
263 366
264 0
264 212
264 448
264 475
265 45
265 70
265 85
265 186
265 187
265 226
265 254
265 343
265 390
265 417
265 437
265 445
265 455
265 465
265 492
266 39
266 42
266 52
266 55
266 60
266 66
266 106
266 157
266 169
266 242
266 348
266 391
266 445
266 462
267 8
267 13
267 22
267 209
267 214
267 226
267 231
267 258
267 261
267 280
267 338
267 412
267 431
267 454
267 475
267 483
268 61
268 70
268 81
268 119
268 137
268 150
268 186
268 287
268 350
268 368
268 387
268 474
269 11
269 127
269 195
269 275
269 340
269 344
269 392
269 493
270 18
270 26
270 58
270 92
270 259
270 274
270 290
270 366
270 472
270 478
270 486
270 491
271 73
271 77
271 88
271 179
271 195
271 351
271 421
272 14
272 16
272 56
272 106
272 146
272 233
272 267
272 309
272 350
272 375
272 391
272 399
272 434
272 450
272 484
272 499
273 35
273 168
273 226
273 288
273 295
273 337
273 379
273 382
273 413
273 472
273 476
273 479
273 481
274 32
274 87
274 198
274 254
274 300
274 400
274 424
274 483
275 58
275 101
275 171
275 218
275 377
276 192
276 200
276 250
276 272
276 297
276 309
276 465
277 176
277 404
277 430
277 479
278 29
278 96
278 135
278 157
278 229
278 326
278 344
278 373
278 384
278 438
278 467
278 482
278 498
279 35
279 79
279 104
279 127
279 161
279 181
279 183
279 186
279 202
279 261
279 352
280 78
281 26
281 71
281 77
281 140
281 150
281 176
281 194
281 272
281 329
281 331
281 368
281 388
281 445
281 467
281 498
282 8
282 51
282 88
282 137
282 280
282 330
282 466
283 12
283 27
283 36
283 47
283 59
283 142
283 177
283 250
283 320
283 463
283 478
284 59
284 103
284 127
284 181
284 191
284 250
284 265
284 275
284 298
284 314
284 332
284 364
284 412
284 451
284 479
284 480
285 24
285 77
285 142
285 249
285 253
286 42
286 113
286 242
286 246
286 252
286 338
286 350
286 396
286 455
286 478
287 1
287 16
287 26
287 170
287 178
287 252
287 282
287 383
287 413
287 422
287 449
288 104
288 298
288 487
289 7
289 35
289 43
289 53
289 64
289 110
289 112
289 138
289 163
289 196
289 222
289 240
289 254
289 256
289 275
289 425
289 430
289 431
290 110
290 184
290 282
290 364
290 381
290 385
290 391
290 417
290 426
291 115
291 148
291 220
291 247
291 255
291 276
291 277
291 281
291 302
291 335
291 368
291 432
291 435
291 451
291 482
292 56
292 156
292 241
292 287
292 312
292 348
292 351
292 370
292 382
293 68
293 77
293 246
293 312
293 383
293 487
294 78
294 116
294 136
294 140
294 156
294 170
294 189
294 270
294 271
294 286
294 330
294 331
294 380
294 415
294 416
294 468
295 13
295 109
295 137
295 171
295 306
295 334
295 408
295 464
295 467
295 490
296 24
296 44
296 48
296 66
296 76
296 197
296 259
296 311
296 384
296 401
296 424
296 467
297 73
297 129
297 171
297 186
297 214
297 227
297 272
297 319
297 414
298 71
298 113
298 164
298 166
298 241
298 257
298 265
298 317
298 323
298 327
298 330
298 367
298 389
298 408
298 417
298 436
298 464
299 20
299 52
299 54
299 114
299 478
300 13
300 22
300 30
300 119
300 203
300 245
300 256
300 333
300 373
300 394
301 51
301 303
301 307
301 333
301 346
301 458
301 475
302 15
302 103
302 250
302 305
302 328
302 382
303 10
303 32
303 60
303 76
303 229
303 334
303 475
304 40
304 82
304 145
304 194
304 195
304 265
304 266
304 284
304 292
304 388
305 1
305 32
305 92
305 153
305 240
305 249
305 310
305 415
305 446
305 482
306 85
306 254
306 286
306 322
306 443
306 477
307 25
307 119
307 163
307 198
307 199
307 243
307 301
307 343
307 369
307 409
307 426
307 469
307 478
308 168
308 187
308 204
308 245
308 433
308 468
309 3
309 82
309 131
309 147
309 219
309 354
309 432
310 19
310 33
310 41
310 72
310 167
310 306
311 31
311 98
311 350
311 379
311 411
311 480
312 58
312 116
312 118
312 163
312 181
312 267
312 291
312 333
312 360
312 377
312 406
312 463
312 473
313 7
313 66
313 71
313 144
313 172
313 252
313 365
313 380
313 424
313 477
314 18
314 36
314 188
314 194
314 213
314 216
314 265
314 354
314 399
314 405
314 414
314 430
314 434
315 14
315 52
315 61
315 207
315 239
315 296
315 310
315 385
315 416
315 462
316 37
316 68
316 136
316 211
316 249
316 283
316 293
316 296
316 310
316 440
316 466
317 3
317 166
317 173
317 205
317 243
317 315
317 364
317 438
317 475
318 46
318 48
318 54
318 101
318 133
318 149
318 209
318 234
318 270
318 319
318 324
318 327
318 343
318 353
318 376
318 389
319 47
319 56
319 117
319 192
319 216
319 232
319 237
319 250
319 285
319 353
319 370
319 391
319 464
319 481
320 12
320 30
320 86
320 106
320 140
320 228
320 307
320 392
320 457
320 496
321 23
321 41
321 77
321 92
321 121
321 124
321 143
321 279
321 302
321 307
321 347
321 365
322 20
322 31
322 126
322 150
322 244
322 289
322 329
322 350
322 366
322 384
322 441
322 442
322 496
323 72
323 211
323 314
324 107
324 168
324 218
324 370
324 418
325 47
325 165
325 205
325 276
325 361
325 371
325 389
325 480
325 481
325 489
326 9
326 62
326 114
326 171
326 193
326 226
326 237
326 249
326 307
326 388
326 428
326 443
327 18
327 106
327 363
327 386
327 466
328 53
328 82
328 116
328 151
328 171
328 208
328 252
328 287
328 480
328 481
329 39
329 140
329 144
329 195
329 220
329 277
329 282
329 315
329 361
330 51
330 92
330 117
330 260
330 390
330 405
330 410
331 23
331 42
331 46
331 49
331 62
331 76
331 186
331 207
331 239
331 263
331 337
331 451
332 27
332 58
332 95
332 199
332 207
332 271
332 316
332 322
332 326
332 382
333 0
333 13
333 22
333 69
333 105
333 111
333 127
333 332
333 469
334 6
334 8
334 18
334 87
334 157
334 170
334 241
334 484
335 14
335 16
335 33
335 87
335 118
335 136
335 145
335 183
335 206
335 227
335 261
335 298
335 316
335 399
335 411
335 424
335 451
336 6
336 11
336 176
336 324
336 398
336 433
336 455
336 482
336 489
337 5
337 62
337 130
337 166
337 178
337 401
337 447
337 481
337 482
338 16
338 65
338 68
338 71
338 167
338 179
338 214
338 226
338 249
338 279
338 312
338 320
338 340
338 379
338 406
338 416
338 429
339 31
339 61
339 340
339 400
339 416
339 460
339 465
340 59
340 83
340 180
340 335
340 361
340 374
340 393
340 434
341 12
341 27
341 45
341 70
341 71
341 127
341 198
341 250
341 273
341 296
341 310
341 421
341 451
341 492
342 107
342 146
342 250
342 321
342 385
342 463
343 18
343 201
343 204
343 285
343 296
343 317
343 348
343 405
343 432
344 49
344 65
344 121
344 157
344 162
344 178
344 212
344 227
344 279
344 298
344 384
344 388
344 412
344 422
344 440
344 450
344 470
344 496
345 81
345 91
345 112
345 243
345 362
345 364
345 472
346 66
346 69
346 77
346 101
346 144
346 243
346 264
346 349
346 495
347 45
347 53
347 154
347 200
347 284
347 338
347 351
347 373
347 412
347 429
347 483
348 79
348 166
348 230
348 257
348 281
348 297
348 326
348 369
348 466
348 475
349 2
349 12
349 19
349 21
349 242
349 269
349 293
349 304
349 354
349 460
349 463
350 51
350 94
350 156
350 191
350 195
350 206
350 235
350 236
350 347
350 432
351 176
351 457
352 3
352 212
352 361
352 466
353 9
353 32
353 59
353 148
353 156
353 171
353 192
353 218
353 224
353 282
353 371
353 391
353 412
353 420
354 100
354 102
354 137
354 244
354 349
354 381
354 441
354 498
355 23
355 61
355 124
355 155
355 225
355 246
355 254
355 345
355 376
355 449
355 465
355 494
356 50
356 80
356 98
356 107
356 164
356 165
356 271
356 351
356 373
356 395
356 463
357 38
357 120
357 217
357 266
357 269
357 321
357 385
357 475
358 76
358 101
358 122
358 150
358 215
358 230
358 337
358 367
358 372
358 432
358 445
358 481
359 37
359 69
359 161
359 173
359 175
359 180
359 252
359 257
359 403
359 463
360 144
360 308
360 348
360 435
361 90
361 266
361 267
361 372
361 429
361 432
361 462
361 469
361 490
361 494
362 25
362 53
362 69
362 276
362 281
362 326
362 331
362 339
362 477
363 9
363 134
363 141
363 152
363 258
363 307
363 320
363 329
363 352
363 361
364 93
364 189
364 288
364 348
364 356
364 369
364 399
364 475
364 497
365 67
365 88
365 187
365 241
365 298
365 318
365 358
365 484
366 79
366 87
366 197
366 209
366 231
366 244
366 257
366 265
366 282
366 324
366 340
367 68
367 149
367 268
367 291
367 320
367 323
367 331
367 333
367 341
367 442
367 472
368 61
368 80
368 131
368 147
368 292
368 339
368 402
368 417
368 466
369 82
369 156
369 265
369 345
369 394
369 417
369 465
369 475
370 48
370 54
370 194
370 214
370 223
370 349
370 414
371 22
371 87
371 122
371 165
371 234
371 392
371 412
371 495
372 49
372 84
372 89
372 101
372 160
372 161
372 278
372 291
372 306
372 399
372 402
372 422
373 18
373 94
373 108
373 212
373 236
373 238
373 259
373 468
374 46
374 130
374 229
374 408
374 436
374 451
374 492
375 29
375 30
375 75
375 95
375 107
375 129
375 142
375 159
375 414
375 442
376 148
376 311
376 317
376 377
376 380
376 432
376 436
376 478
376 483
377 3
377 6
377 119
377 121
377 129
377 164
377 189
377 247
377 474
378 35
378 63
378 180
378 185
378 205
378 289
378 318
378 365
378 367
378 446
379 127
379 245
379 345
379 349
379 485
380 120
380 155
380 170
380 235
380 262
380 265
380 358
380 373
380 391
380 455
380 480
380 498
381 30
381 44
381 74
381 130
381 174
381 184
381 214
381 218
381 227
381 234
381 293
381 317
381 401
381 489
382 0
382 84
382 110
382 196
382 209
382 261
382 347
382 400
382 403
382 408
382 415
382 433
382 462
383 71
383 75
383 88
383 104
383 153
383 215
383 222
383 244
383 276
383 341
383 346
383 413
383 422
383 462
383 482
383 493
383 494
384 24
384 47
384 49
384 172
384 230
384 242
384 334
384 398
384 420
384 429
384 478
385 62
385 87
385 99
385 109
385 132
385 157
385 193
385 262
385 267
385 300
385 325
385 364
385 433
385 457
386 67
386 271
386 278
386 414
387 2
387 67
387 152
387 166
387 209
387 271
387 382
387 451
388 14
388 27
388 54
388 79
388 204
388 283
388 285
388 373
388 386
388 394
388 431
389 49
389 73
389 111
389 138
389 169
389 183
389 246
389 304
389 314
389 350
389 480
390 32
390 39
390 185
390 186
390 223
390 251
390 400
390 403
390 425
391 25
391 44
391 127
391 141
391 142
391 183
391 203
391 266
391 280
391 281
391 368
391 432
391 467
392 31
392 106
392 126
392 137
392 217
392 279
392 309
392 310
392 318
392 366
392 372
392 415
392 417
392 478
392 492
393 34
393 36
393 50
393 95
393 104
393 136
393 161
393 171
393 258
393 278
393 294
393 365
393 381
393 399
393 406
393 408
394 7
394 69
394 107
394 191
394 203
394 231
394 240
394 269
394 329
394 385
394 393
395 8
395 31
395 79
395 128
395 175
395 193
395 197
395 230
395 330
395 363
395 390
395 402
395 469
396 98
396 166
396 202
396 257
396 387
396 455
396 481
397 46
397 59
397 87
397 89
397 93
397 96
397 161
397 163
397 239
397 325
397 495
398 164
398 237
398 308
398 357
398 476
398 498
399 51
399 184
399 220
399 238
399 267
399 332
399 386
399 475
400 14
400 106
400 134
400 145
400 200
400 296
400 362
400 385
400 405
400 424
401 0
401 11
401 14
401 104
401 207
401 216
401 254
401 311
401 337
401 412
401 425
401 465
402 38
402 97
402 192
402 244
402 257
402 262
402 363
402 399
402 412
402 453
403 27
403 92
403 162
403 217
403 354
403 364
403 371
403 405
403 430
403 472
403 495
404 0
404 199
404 228
405 16
405 69
405 126
405 274
405 314
405 352
405 393
405 400
405 444
405 449
405 486
406 198
406 217
406 265
406 299
406 300
406 306
406 327
406 441
406 464
406 496
407 14
407 134
407 158
407 168
407 177
407 206
407 240
407 278
407 292
407 319
407 366
407 390
408 6
408 46
408 70
408 98
408 162
408 163
408 165
408 168
408 181
408 213
408 223
408 269
408 272
408 360
408 476
409 49
409 70
409 84
409 92
409 98
409 102
409 123
409 125
409 170
409 213
409 291
409 312
409 314
409 336
409 339
410 18
410 40
410 78
410 163
410 182
410 183
410 250
410 401
411 41
411 70
411 78
411 81
411 95
411 117
411 173
411 201
411 317
411 349
411 420
411 456
412 9
412 278
412 286
412 354
412 388
413 4
413 90
413 154
413 231
413 239
413 339
413 344
413 444
413 474
413 483
413 489
414 18
414 69
414 78
414 289
414 333
414 382
414 460
415 0
415 47
415 68
415 137
415 159
415 183
415 260
415 353
415 384
415 448
415 480
416 30
416 148
416 244
416 337
416 441
416 454
417 9
417 125
417 129
417 197
417 211
417 307
417 408
418 39
418 46
418 61
418 77
418 120
418 186
418 247
418 260
418 299
418 354
418 378
418 399
419 14
419 43
419 60
419 62
419 139
419 150
419 162
419 219
419 311
419 376
419 396
419 470
420 106
420 119
420 121
420 147
420 205
420 221
420 305
420 333
420 347
420 353
420 396
420 414
420 417
420 447
421 25
421 78
421 110
421 141
421 170
421 196
421 270
421 272
421 292
422 198
422 260
422 314
422 323
422 331
422 363
422 405
422 415
423 3
423 61
423 91
423 92
423 112
423 121
423 136
423 408
423 461
423 470
423 495
424 80
424 101
424 187
424 201
424 302
424 319
424 325
424 375
424 450
425 11
425 25
425 223
425 320
425 324
425 325
425 429
426 115
426 132
426 136
426 148
426 150
426 195
426 330
426 356
426 438
426 472
426 492
427 17
427 19
427 23
427 53
427 61
427 167
427 244
427 263
427 298
427 328
428 104
428 113
428 143
428 174
428 191
428 237
428 246
428 250
428 287
428 427
428 436
428 457
429 67
429 160
429 282
429 439
429 455
430 322
430 358
430 409
430 480
431 27
431 132
431 200
431 206
431 208
431 234
431 236
431 308
431 385
431 423
431 483
431 499
432 9
432 56
432 221
432 352
432 361
432 362
432 382
432 401
432 464
432 480
433 80
433 181
433 339
433 477
434 31
434 46
434 95
434 136
434 195
434 202
434 325
434 368
434 484
435 110
435 161
435 217
435 259
435 275
435 285
435 360
435 368
435 408
436 2
436 6
436 8
436 156
436 177
436 275
436 321
436 387
436 441
437 16
437 22
437 43
437 62
437 76
437 289
437 321
437 362
437 368
438 24
438 120
438 184
438 283
438 367
438 384
438 493
439 23
439 26
439 37
439 148
439 194
439 275
439 280
439 323
439 327
439 328
439 395
440 32
440 83
440 279
440 304
440 354
440 432
440 450
441 16
441 67
441 95
441 101
441 110
441 116
441 227
441 239
441 346
441 358
441 368
441 385
441 388
441 427
441 438
441 451
441 454
441 485
442 78
442 79
442 121
442 365
442 366
442 430
442 459
443 4
443 60
443 182
443 188
443 242
443 285
443 322
443 333
443 410
444 12
444 38
444 66
444 117
444 171
444 182
444 235
444 275
444 278
444 334
444 351
445 19
445 123
445 126
445 238
446 78
446 79
446 162
446 169
446 187
446 266
446 350
446 450
446 452
447 52
447 60
447 150
447 228
447 313
447 325
447 398
447 443
448 8
448 31
448 81
448 186
448 218
448 234
448 235
448 251
448 333
448 349
448 352
448 392
448 446
448 494
449 2
449 135
449 153
449 179
449 181
449 184
449 212
449 230
449 265
449 368
450 31
450 34
450 89
450 94
450 162
450 179
450 209
450 213
450 225
450 227
450 346
450 361
450 427
450 483
451 11
451 64
451 85
451 135
451 139
451 182
451 224
451 351
451 427
451 459
451 494
452 26
452 144
452 168
452 194
452 220
452 360
452 362
452 417
452 447
452 466
453 8
453 14
453 60
453 72
453 103
453 132
453 239
453 243
453 323
453 351
453 364
453 365
453 366
453 367
453 370
453 445
454 1
454 149
454 182
454 224
454 231
454 353
454 417
454 453
454 492
455 63
455 76
455 285
455 303
455 343
455 355
455 360
455 397
455 424
455 431
456 14
456 40
456 49
456 54
456 178
456 183
456 337
456 341
456 349
456 356
456 460
456 461
456 462
456 473
457 177
457 184
457 193
457 236
457 242
457 358
457 433
457 451
457 479
458 57
458 70
458 84
458 116
458 172
458 173
458 204
458 237
458 243
458 274
458 301
459 76
459 145
459 146
459 154
459 176
459 245
459 257
459 286
459 320
459 342
459 385
459 418
460 111
460 202
460 318
460 382
460 399
460 418
461 86
461 91
461 131
461 146
461 167
461 225
461 244
461 283
461 284
461 286
461 302
461 401
461 478
462 33
462 58
462 153
462 157
462 228
462 332
462 342
462 353
462 356
462 382
462 384
462 451
462 455
463 19
463 42
463 44
463 64
463 74
463 84
463 128
463 200
463 222
463 342
463 359
463 467
463 486
464 38
464 54
464 167
464 178
464 186
464 201
464 250
464 262
464 265
464 350
464 368
464 433
464 472
464 479
464 480
465 104
465 113
465 131
465 150
465 174
465 175
465 198
465 229
465 276
465 279
465 336
465 461
465 494
466 88
466 129
466 143
466 210
466 212
466 259
466 353
466 441
466 491
466 498
467 15
467 19
467 27
467 35
467 52
467 202
467 230
467 259
467 292
467 293
467 302
467 311
467 354
467 366
467 377
467 400
467 430
468 16
468 40
468 57
468 82
468 106
468 111
468 218
468 273
468 299
468 350
468 357
468 400
468 451
469 75
469 79
469 190
469 289
469 326
469 343
470 1
470 20
470 23
470 68
470 86
470 89
470 154
470 291
470 292
470 295
470 311
470 323
470 385
470 450
470 466
471 192
471 299
471 304
472 87
472 108
472 162
472 172
472 259
472 290
472 367
472 447
472 494
473 33
473 54
473 80
473 113
473 118
473 196
473 438
473 452
473 482
473 495
474 71
474 90
474 98
474 100
474 118
474 178
474 225
474 292
474 392
475 37
475 60
475 92
475 133
475 173
475 232
475 311
475 470
475 483
475 486
476 155
476 359
476 373
476 413
476 422
476 453
477 74
477 79
477 91
477 104
477 131
477 212
477 265
477 295
477 303
477 433
477 442
477 453
478 1
478 80
478 98
478 231
478 244
478 247
478 313
478 335
478 341
478 351
478 369
478 461
479 139
479 176
479 221
479 263
479 290
479 462
479 475
480 13
480 29
480 34
480 39
480 47
480 77
480 86
480 137
480 153
480 214
480 279
480 326
480 486
481 12
481 90
481 130
481 170
481 252
481 447
482 87
482 136
482 194
482 206
482 235
482 260
482 344
482 373
482 390
482 391
482 461
482 489
483 28
483 73
483 88
483 90
483 118
483 134
483 213
483 285
483 308
483 347
483 385
483 406
483 427
484 23
484 31
484 47
484 168
484 211
484 237
484 365
484 386
484 389
484 409
484 419
485 28
485 63
485 137
485 305
485 318
485 335
485 347
486 29
486 39
486 62
486 117
486 126
486 190
486 217
486 222
486 239
486 325
486 326
486 353
486 399
486 410
487 20
487 46
487 223
487 260
487 292
487 350
487 366
487 374
487 480
488 18
488 36
488 46
488 76
488 78
488 124
488 130
488 143
488 181
488 182
488 195
488 343
488 443
488 445
488 455
488 465
488 485
488 497
489 59
489 295
489 304
489 431
489 450
490 107
490 207
490 215
490 223
490 244
490 307
490 317
490 327
490 432
490 451
491 1
491 13
491 14
491 87
491 199
491 287
491 339
491 354
491 391
491 458
491 465
491 470
492 18
492 35
492 53
492 100
492 121
492 176
492 178
492 183
492 199
492 245
492 260
492 293
492 302
492 440
492 484
492 497
493 1
493 24
493 31
493 80
493 121
493 140
493 143
493 152
493 154
493 192
493 193
493 204
493 221
493 269
493 332
493 449
493 479
494 3
494 33
494 164
494 214
494 235
494 243
494 307
494 366
494 457
494 474
495 138
495 142
495 203
495 207
495 408
496 43
496 124
496 169
496 178
496 282
496 382
496 395
496 447
496 470
496 479
497 173
497 242
497 267
497 403
497 431
497 445
498 1
498 2
498 25
498 110
498 151
498 155
498 190
498 221
498 243
498 409
498 410
498 420
498 477
499 8
499 92
499 162
499 206
499 392
499 426
499 468
