500 10000
0 5
0 16
0 23
0 33
0 45
0 63
0 77
0 112
0 142
0 163
0 196
0 315
0 323
0 335
0 338
0 365
0 366
0 379
0 410
0 420
0 481
0 494
1 98
1 111
1 173
1 245
1 306
1 344
1 416
1 447
1 487
2 8
2 54
2 70
2 179
2 203
2 217
2 249
2 263
2 309
2 321
2 326
2 376
2 383
2 384
2 414
2 427
2 477
3 5
3 17
3 23
3 52
3 53
3 136
3 242
3 370
3 404
3 427
3 451
3 463
4 20
4 31
4 75
4 92
4 106
4 125
4 147
4 172
4 184
4 205
4 233
4 269
4 284
4 288
4 301
4 322
4 337
4 350
4 365
4 402
4 413
4 442
4 479
4 484
4 493
5 27
5 116
5 162
5 170
5 184
5 191
5 212
5 236
5 244
5 253
5 275
5 290
5 320
5 350
5 365
5 401
5 436
5 457
5 464
5 473
5 481
5 493
6 23
6 99
6 114
6 137
6 196
6 337
6 366
6 385
6 391
6 415
6 442
6 462
6 481
7 26
7 31
7 38
7 60
7 65
7 95
7 127
7 139
7 141
7 148
7 177
7 188
7 190
7 201
7 218
7 250
7 261
7 273
7 335
7 412
7 434
7 466
8 7
8 36
8 76
8 118
8 178
8 213
8 226
8 250
8 257
8 258
8 268
8 280
8 294
8 320
8 321
8 368
8 383
8 403
8 409
8 413
8 424
8 429
8 433
8 452
8 457
8 459
8 464
8 485
9 4
9 15
9 17
9 26
9 98
9 146
9 182
9 197
9 218
9 254
9 326
9 331
9 360
9 365
9 381
9 437
9 442
9 444
9 497
10 11
10 30
10 49
10 73
10 119
10 142
10 168
10 185
10 201
10 242
10 258
10 315
10 335
10 372
10 380
10 388
10 391
10 401
10 413
10 417
10 422
10 447
10 450
10 486
11 66
11 82
11 97
11 130
11 132
11 177
11 201
11 209
11 211
11 270
11 333
11 340
11 342
11 352
11 404
11 406
11 411
11 479
11 490
11 491
12 5
12 38
12 48
12 49
12 70
12 86
12 92
12 146
12 154
12 155
12 173
12 192
12 203
12 210
12 244
12 269
12 270
12 280
12 292
12 367
12 398
12 419
12 455
12 492
12 497
13 4
13 7
13 57
13 79
13 90
13 128
13 130
13 157
13 187
13 226
13 243
13 246
13 262
13 269
13 279
13 327
13 338
13 421
13 433
13 493
14 16
14 66
14 80
14 101
14 153
14 161
14 180
14 182
14 187
14 190
14 192
14 234
14 262
14 284
14 349
14 375
14 441
14 457
14 483
15 26
15 28
15 58
15 60
15 84
15 98
15 121
15 151
15 234
15 243
15 257
15 293
15 302
15 313
15 374
15 401
15 490
16 15
16 21
16 33
16 62
16 98
16 148
16 184
16 200
16 219
16 223
16 227
16 231
16 237
16 239
16 253
16 262
16 276
16 329
16 333
16 335
16 405
16 410
16 413
16 421
16 423
17 43
17 117
17 144
17 188
17 190
17 198
17 200
17 202
17 227
17 247
17 249
17 305
17 318
17 371
17 431
17 458
17 464
18 49
18 54
18 86
18 106
18 112
18 134
18 206
18 238
18 254
18 273
18 274
18 319
18 362
18 411
18 421
18 422
18 436
18 439
18 453
18 474
18 492
19 22
19 32
19 71
19 149
19 210
19 245
19 315
19 317
19 346
19 389
19 441
19 444
19 459
19 492
20 18
20 58
20 95
20 173
20 283
20 286
20 318
20 353
20 359
20 407
20 413
20 449
20 461
20 464
20 487
20 492
20 498
21 7
21 11
21 16
21 27
21 41
21 46
21 107
21 181
21 237
21 242
21 247
21 271
21 280
21 287
21 302
21 311
21 319
21 327
21 329
21 346
21 377
21 388
21 400
21 419
21 424
21 463
21 470
22 19
22 32
22 35
22 49
22 91
22 151
22 157
22 168
22 178
22 211
22 321
22 322
22 380
22 399
22 491
23 1
23 30
23 48
23 116
23 121
23 164
23 175
23 176
23 178
23 201
23 226
23 298
23 316
23 318
23 340
23 354
23 366
23 390
23 397
23 411
23 461
23 474
23 479
23 489
24 5
24 90
24 99
24 145
24 212
24 221
24 238
24 255
24 264
24 266
24 275
24 284
24 310
24 326
24 332
24 347
24 360
24 374
24 438
24 447
24 477
24 496
25 7
25 16
25 18
25 71
25 72
25 79
25 116
25 120
25 132
25 139
25 142
25 201
25 220
25 222
25 243
25 274
25 277
25 356
25 368
25 370
25 384
25 401
25 413
25 421
25 433
25 447
25 491
25 499
26 66
26 95
26 99
26 140
26 145
26 230
26 233
26 265
26 310
26 318
26 339
26 346
26 368
26 369
26 392
26 398
26 412
26 418
26 464
26 466
26 482
26 485
27 9
27 47
27 58
27 108
27 144
27 178
27 187
27 227
27 293
27 342
27 388
27 398
27 400
27 410
27 436
27 437
27 439
27 454
27 461
27 480
27 486
28 18
28 34
28 37
28 41
28 47
28 61
28 62
28 185
28 220
28 260
28 268
28 312
28 355
28 358
28 360
28 395
28 410
28 425
28 460
28 486
28 490
29 9
29 18
29 47
29 104
29 140
29 171
29 179
29 198
29 205
29 227
29 233
29 266
29 276
29 338
29 340
29 431
29 471
29 491
30 2
30 6
30 39
30 64
30 87
30 159
30 175
30 229
30 276
30 284
30 294
30 361
30 376
30 384
30 438
31 4
31 6
31 34
31 37
31 44
31 69
31 82
31 83
31 121
31 147
31 161
31 174
31 175
31 180
31 186
31 243
31 254
31 269
31 283
31 290
31 343
31 348
31 363
31 379
31 404
31 434
31 438
31 448
31 485
31 487
31 499
32 9
32 13
32 28
32 81
32 95
32 204
32 214
32 248
32 373
32 386
32 462
32 489
32 491
33 102
33 125
33 164
33 174
33 175
33 181
33 195
33 204
33 208
33 248
33 288
33 294
33 333
33 414
33 418
33 429
33 431
33 441
33 448
33 475
34 16
34 26
34 38
34 120
34 132
34 153
34 158
34 164
34 181
34 185
34 238
34 250
34 273
34 301
34 321
34 344
34 403
34 423
34 440
34 448
34 489
35 57
35 97
35 99
35 107
35 114
35 133
35 155
35 173
35 179
35 190
35 201
35 227
35 255
35 258
35 274
35 285
35 288
35 299
35 388
35 400
35 403
35 410
35 413
35 420
35 427
35 436
35 457
35 471
35 481
35 491
36 33
36 56
36 68
36 133
36 152
36 240
36 258
36 302
36 303
36 329
36 332
36 366
36 419
36 442
36 462
36 465
36 478
36 491
37 5
37 8
37 41
37 154
37 156
37 191
37 193
37 197
37 216
37 281
37 300
37 304
37 305
37 310
37 318
37 343
37 429
38 86
38 99
38 126
38 132
38 155
38 200
38 210
38 211
38 232
38 243
38 264
38 295
38 339
38 358
38 360
38 433
38 471
38 478
38 498
39 25
39 44
39 68
39 80
39 99
39 133
39 148
39 154
39 171
39 218
39 226
39 231
39 241
39 269
39 339
39 379
39 420
39 445
39 473
39 484
40 16
40 58
40 104
40 135
40 154
40 191
40 241
40 248
40 314
40 334
40 381
40 432
40 466
41 1
41 15
41 34
41 74
41 75
41 149
41 150
41 168
41 180
41 266
41 270
41 288
41 300
41 314
41 323
41 327
41 361
41 386
41 476
41 481
42 23
42 51
42 72
42 75
42 85
42 98
42 99
42 105
42 161
42 182
42 300
42 338
42 373
42 414
42 435
42 458
42 467
42 487
43 19
43 61
43 97
43 99
43 161
43 169
43 171
43 198
43 216
43 225
43 231
43 263
43 285
43 296
43 303
43 398
43 429
43 468
43 469
43 473
43 484
44 12
44 17
44 57
44 64
44 67
44 79
44 94
44 154
44 157
44 259
44 277
44 316
44 349
44 354
44 365
44 380
44 419
44 438
44 457
44 461
44 474
44 475
44 497
45 3
45 6
45 50
45 83
45 108
45 146
45 169
45 194
45 205
45 266
45 277
45 296
45 320
45 351
45 354
45 356
45 357
45 358
45 398
45 403
45 408
45 418
45 429
46 10
46 25
46 42
46 67
46 79
46 135
46 141
46 171
46 196
46 236
46 237
46 252
46 265
46 274
46 308
46 310
46 311
46 362
46 364
46 412
46 414
46 445
46 474
46 490
47 4
47 21
47 97
47 99
47 171
47 174
47 182
47 207
47 221
47 254
47 264
47 317
47 333
47 371
47 383
47 403
47 430
47 485
47 491
48 47
48 62
48 78
48 84
48 107
48 115
48 153
48 159
48 169
48 173
48 199
48 279
48 315
48 357
48 377
48 379
48 427
48 452
48 489
49 10
49 71
49 77
49 120
49 130
49 150
49 169
49 179
49 218
49 226
49 227
49 228
49 257
49 297
49 313
49 349
49 359
49 379
49 387
49 412
49 424
49 468
50 48
50 56
50 59
50 78
50 82
50 130
50 133
50 138
50 171
50 226
50 237
50 282
50 291
50 293
50 341
50 392
50 437
50 445
51 0
51 13
51 59
51 84
51 108
51 143
51 148
51 149
51 223
51 256
51 273
51 282
51 287
51 331
51 332
51 357
51 397
51 408
51 456
51 462
51 467
51 495
52 11
52 51
52 72
52 97
52 115
52 124
52 129
52 156
52 162
52 186
52 318
52 328
52 378
52 388
52 392
52 411
52 424
52 462
53 34
53 100
53 104
53 105
53 108
53 211
53 244
53 252
53 320
53 353
53 374
53 407
53 409
53 423
53 425
53 433
53 467
54 29
54 33
54 40
54 88
54 95
54 114
54 126
54 139
54 166
54 184
54 192
54 222
54 224
54 228
54 280
54 289
54 297
54 301
54 308
54 316
54 327
54 362
54 407
54 432
54 450
54 453
54 460
54 462
54 475
54 492
55 4
55 38
55 82
55 92
55 93
55 113
55 119
55 141
55 184
55 187
55 212
55 238
55 243
55 258
55 266
55 294
55 312
55 352
55 389
55 397
55 414
55 416
55 469
55 491
55 496
56 6
56 27
56 140
56 253
56 295
56 301
56 351
56 369
56 371
56 397
56 430
56 477
56 495
57 24
57 74
57 102
57 144
57 149
57 195
57 233
57 253
57 297
57 314
57 340
57 372
57 377
57 401
57 429
57 430
57 455
57 458
58 17
58 47
58 53
58 69
58 88
58 101
58 112
58 114
58 118
58 127
58 235
58 251
58 275
58 290
58 291
58 297
58 308
58 413
58 448
59 66
59 121
59 141
59 145
59 214
59 230
59 253
59 371
59 372
59 377
59 421
59 433
59 485
60 13
60 43
60 65
60 67
60 185
60 203
60 211
60 219
60 259
60 289
60 307
60 338
60 340
60 371
60 383
60 445
60 464
60 478
61 140
61 147
61 163
61 200
61 213
61 257
61 283
61 298
61 315
61 335
61 338
61 349
61 428
61 432
61 454
61 472
61 481
62 1
62 152
62 166
62 213
62 261
62 274
62 318
62 369
62 379
62 441
62 473
62 480
63 4
63 42
63 83
63 84
63 156
63 177
63 276
63 296
63 304
63 327
63 338
63 348
63 423
63 474
63 481
64 12
64 122
64 145
64 208
64 244
64 287
64 288
64 313
64 336
64 340
64 369
64 389
64 422
64 445
64 486
65 15
65 58
65 62
65 74
65 96
65 98
65 99
65 141
65 174
65 222
65 230
65 256
65 279
65 285
65 292
65 312
65 316
65 317
65 328
65 350
65 367
65 388
65 408
66 56
66 131
66 151
66 158
66 159
66 169
66 202
66 226
66 249
66 275
66 289
66 365
66 369
66 388
66 392
66 399
66 422
66 465
66 470
67 5
67 22
67 87
67 123
67 200
67 232
67 270
67 285
67 291
67 292
67 296
67 370
67 383
67 397
67 419
67 431
67 432
67 467
67 487
68 6
68 15
68 19
68 77
68 80
68 88
68 101
68 136
68 138
68 235
68 281
68 302
68 326
68 343
68 425
68 427
68 452
68 470
68 497
69 4
69 40
69 53
69 83
69 155
69 167
69 190
69 203
69 215
69 240
69 324
69 327
69 341
69 348
69 360
69 373
69 393
69 398
69 401
69 459
70 20
70 27
70 81
70 141
70 157
70 168
70 184
70 195
70 200
70 217
70 233
70 249
70 273
70 337
70 347
70 348
70 398
70 400
70 402
71 25
71 36
71 53
71 54
71 61
71 145
71 193
71 210
71 225
71 254
71 258
71 282
71 333
71 389
71 408
71 418
71 441
71 447
72 11
72 31
72 43
72 47
72 54
72 57
72 67
72 76
72 88
72 102
72 130
72 141
72 183
72 244
72 252
72 289
72 294
72 307
72 318
72 335
72 352
72 357
72 366
72 393
72 398
72 403
72 404
72 407
72 419
72 438
72 488
73 38
73 55
73 68
73 97
73 104
73 115
73 184
73 240
73 253
73 256
73 267
73 274
73 322
73 357
73 371
73 381
73 394
73 398
73 399
73 473
73 483
73 490
74 19
74 28
74 68
74 106
74 108
74 112
74 119
74 138
74 146
74 167
74 184
74 197
74 283
74 330
74 364
74 376
74 379
74 384
74 424
74 451
74 473
74 487
75 5
75 18
75 36
75 52
75 62
75 74
75 78
75 85
75 111
75 163
75 200
75 213
75 237
75 242
75 327
75 360
75 462
76 33
76 40
76 60
76 71
76 86
76 132
76 191
76 229
76 363
76 388
76 391
76 397
76 420
76 422
77 27
77 45
77 88
77 157
77 168
77 181
77 226
77 243
77 292
77 392
77 421
77 435
77 438
77 450
77 459
77 469
78 28
78 29
78 43
78 48
78 89
78 97
78 108
78 113
78 116
78 117
78 147
78 151
78 177
78 213
78 262
78 294
78 330
78 334
78 371
78 430
78 436
78 463
79 50
79 123
79 126
79 129
79 132
79 149
79 161
79 185
79 189
79 191
79 206
79 224
79 225
79 243
79 245
79 260
79 298
79 315
79 331
79 369
79 392
79 454
80 10
80 13
80 18
80 26
80 46
80 71
80 108
80 125
80 151
80 165
80 178
80 185
80 190
80 212
80 241
80 291
80 298
80 306
80 371
80 374
80 377
80 384
80 388
80 406
81 26
81 63
81 66
81 83
81 122
81 131
81 154
81 170
81 199
81 247
81 253
81 281
81 310
81 311
81 316
81 331
81 384
81 393
82 29
82 58
82 84
82 87
82 107
82 146
82 153
82 166
82 190
82 204
82 218
82 249
82 285
82 317
82 380
82 408
82 423
82 462
82 497
82 498
83 37
83 58
83 145
83 155
83 160
83 200
83 206
83 217
83 236
83 239
83 250
83 316
83 333
83 347
83 364
83 365
83 376
83 396
83 420
83 460
83 463
83 490
84 34
84 35
84 40
84 62
84 109
84 133
84 142
84 145
84 147
84 166
84 186
84 245
84 329
84 441
84 469
85 5
85 27
85 56
85 92
85 105
85 110
85 137
85 150
85 188
85 206
85 211
85 241
85 247
85 301
85 325
85 336
85 342
85 363
85 366
85 396
85 460
85 471
85 479
85 487
85 498
86 18
86 25
86 34
86 67
86 131
86 133
86 158
86 159
86 257
86 283
86 359
86 371
86 418
86 441
86 447
86 461
86 475
86 478
86 487
86 489
86 491
87 65
87 88
87 116
87 119
87 144
87 206
87 240
87 283
87 321
87 350
87 355
87 361
87 394
87 395
88 13
88 15
88 51
88 53
88 102
88 154
88 160
88 167
88 171
88 244
88 258
88 287
88 303
88 305
88 322
88 359
88 396
88 439
88 454
88 460
88 462
89 13
89 24
89 38
89 68
89 91
89 101
89 104
89 115
89 121
89 126
89 166
89 181
89 220
89 237
89 246
89 285
89 318
89 387
89 388
89 389
89 403
89 408
89 419
89 484
90 1
90 43
90 55
90 98
90 103
90 162
90 190
90 215
90 220
90 242
90 290
90 293
90 382
90 385
90 409
90 428
90 430
90 449
90 451
90 456
90 460
90 483
91 30
91 84
91 125
91 191
91 195
91 213
91 215
91 287
91 313
91 324
91 331
91 343
91 358
91 360
91 391
91 440
91 452
91 456
91 465
91 472
91 481
91 489
92 20
92 46
92 59
92 67
92 74
92 117
92 181
92 211
92 226
92 238
92 252
92 254
92 283
92 299
92 333
92 364
92 375
92 417
92 427
92 475
93 42
93 104
93 123
93 128
93 165
93 172
93 173
93 175
93 199
93 211
93 241
93 271
93 305
93 339
93 342
93 400
93 436
93 448
93 459
93 493
93 498
94 10
94 30
94 47
94 50
94 55
94 92
94 98
94 146
94 148
94 175
94 209
94 213
94 226
94 242
94 262
94 265
94 359
94 382
94 404
94 425
94 456
94 458
94 459
95 1
95 16
95 60
95 75
95 89
95 103
95 132
95 148
95 170
95 225
95 296
95 388
95 425
95 431
95 440
95 456
95 462
95 485
96 19
96 26
96 167
96 183
96 193
96 208
96 220
96 252
96 275
96 285
96 298
96 302
96 326
96 333
96 342
96 372
96 375
96 404
96 405
96 415
96 425
96 442
96 473
96 494
97 2
97 35
97 87
97 106
97 148
97 166
97 210
97 234
97 296
97 298
97 302
97 332
97 383
97 400
97 437
97 457
97 481
98 33
98 80
98 81
98 88
98 142
98 146
98 173
98 180
98 251
98 331
98 351
98 358
98 364
98 367
98 389
98 397
98 410
98 488
99 17
99 30
99 65
99 137
99 161
99 172
99 187
99 195
99 207
99 210
99 245
99 246
99 255
99 333
99 346
99 355
99 361
99 369
99 396
99 407
99 419
99 493
100 25
100 30
100 110
100 126
100 130
100 154
100 157
100 202
100 206
100 211
100 213
100 252
100 253
100 263
100 328
100 338
100 384
100 410
100 454
100 457
100 492
101 90
101 122
101 129
101 153
101 159
101 160
101 169
101 193
101 243
101 259
101 265
101 274
101 281
101 282
101 332
101 363
101 371
101 374
101 470
102 7
102 43
102 47
102 61
102 107
102 113
102 185
102 190
102 193
102 197
102 229
102 234
102 235
102 244
102 297
102 304
102 326
102 342
102 406
102 419
102 422
102 435
103 1
103 19
103 42
103 63
103 78
103 91
103 105
103 123
103 161
103 181
103 184
103 210
103 228
103 249
103 252
103 278
103 279
103 356
103 433
103 446
103 447
104 13
104 38
104 39
104 62
104 83
104 126
104 158
104 197
104 252
104 260
104 314
104 323
104 377
104 415
104 429
104 443
104 465
104 472
105 90
105 192
105 258
105 275
105 327
105 391
105 417
105 430
105 472
105 485
105 492
105 496
106 72
106 115
106 125
106 132
106 133
106 151
106 165
106 183
106 192
106 211
106 217
106 237
106 307
106 308
106 339
106 341
106 362
106 420
106 438
106 450
106 476
106 482
107 47
107 50
107 67
107 121
107 134
107 151
107 164
107 181
107 194
107 218
107 224
107 228
107 232
107 270
107 297
107 308
107 350
107 368
107 426
107 429
107 430
107 453
107 457
107 463
108 37
108 49
108 90
108 98
108 102
108 149
108 170
108 185
108 189
108 210
108 215
108 242
108 258
108 261
108 309
108 317
108 320
108 335
108 340
108 419
108 425
108 481
108 495
109 12
109 48
109 50
109 52
109 67
109 69
109 91
109 104
109 153
109 172
109 182
109 283
109 291
109 305
109 318
109 432
110 30
110 36
110 73
110 74
110 157
110 159
110 180
110 188
110 251
110 275
110 312
110 324
110 331
110 337
110 347
110 359
110 393
110 432
110 433
110 449
110 474
110 479
111 90
111 110
111 154
111 187
111 199
111 273
111 314
111 333
111 358
111 367
111 386
111 410
111 454
112 11
112 69
112 76
112 92
112 138
112 165
112 178
112 225
112 252
112 336
112 340
112 423
112 478
112 481
112 488
113 8
113 13
113 81
113 87
113 92
113 109
113 219
113 223
113 238
113 255
113 279
113 334
113 373
113 406
113 408
113 413
113 435
113 440
113 457
113 476
113 482
113 495
114 11
114 38
114 47
114 52
114 66
114 78
114 104
114 157
114 166
114 192
114 206
114 214
114 247
114 276
114 288
114 301
114 322
114 342
114 358
114 370
114 382
114 401
114 429
114 438
114 464
114 473
114 480
114 486
114 499
115 17
115 61
115 62
115 69
115 96
115 108
115 116
115 122
115 136
115 231
115 232
115 241
115 248
115 286
115 308
115 309
115 321
115 355
115 363
115 380
115 383
115 392
115 482
115 490
116 13
116 59
116 82
116 90
116 93
116 108
116 156
116 172
116 235
116 271
116 305
116 358
116 400
116 423
116 463
116 466
116 486
117 3
117 13
117 21
117 29
117 41
117 73
117 87
117 99
117 119
117 143
117 153
117 157
117 188
117 216
117 241
117 248
117 305
117 313
117 350
117 400
117 422
117 432
117 441
117 446
117 483
118 6
118 30
118 60
118 78
118 87
118 92
118 112
118 122
118 130
118 142
118 145
118 149
118 222
118 236
118 249
118 269
118 280
118 333
118 344
118 348
118 375
118 399
118 400
118 415
118 462
119 5
119 13
119 33
119 41
119 75
119 81
119 116
119 147
119 179
119 192
119 211
119 250
119 311
119 341
119 367
119 402
119 421
119 424
119 428
120 16
120 85
120 88
120 102
120 106
120 156
120 230
120 239
120 303
120 304
120 335
120 339
120 350
120 366
120 455
120 497
121 26
121 32
121 92
121 123
121 133
121 162
121 164
121 166
121 170
121 177
121 186
121 275
121 308
121 318
121 367
121 417
121 427
121 430
121 454
121 474
121 482
122 58
122 96
122 107
122 110
122 133
122 153
122 199
122 259
122 293
122 327
122 339
122 346
122 375
122 378
122 390
122 423
122 459
123 32
123 92
123 96
123 214
123 233
123 260
123 355
123 395
123 436
123 490
124 30
124 102
124 110
124 121
124 152
124 166
124 167
124 193
124 198
124 199
124 203
124 212
124 227
124 250
124 256
124 275
124 282
124 312
124 319
124 327
124 331
124 362
124 378
124 403
124 411
124 422
125 18
125 36
125 43
125 72
125 101
125 108
125 221
125 247
125 270
125 280
125 321
125 334
125 355
125 440
125 449
125 484
125 490
125 499
126 14
126 35
126 37
126 40
126 46
126 94
126 98
126 107
126 114
126 115
126 134
126 154
126 184
126 203
126 210
126 217
126 221
126 225
126 226
126 266
126 343
126 360
126 378
126 392
126 466
126 472
127 37
127 59
127 107
127 128
127 129
127 140
127 194
127 218
127 249
127 251
127 255
127 313
127 367
127 387
127 401
127 410
127 419
127 426
127 450
127 454
127 488
128 42
128 129
128 181
128 214
128 241
128 253
128 289
128 302
128 312
128 332
128 369
128 425
128 447
128 449
128 478
128 482
128 493
128 497
129 80
129 89
129 100
129 121
129 131
129 211
129 221
129 299
129 310
129 311
129 327
129 365
129 369
129 387
129 427
129 434
129 436
129 476
129 481
129 490
130 66
130 82
130 88
130 94
130 129
130 141
130 143
130 168
130 173
130 225
130 292
130 381
130 463
130 467
130 469
131 5
131 15
131 36
131 62
131 69
131 90
131 117
131 120
131 122
131 137
131 148
131 209
131 302
131 314
131 321
131 360
131 362
131 384
131 409
131 417
131 431
131 445
131 473
132 12
132 34
132 41
132 49
132 56
132 81
132 99
132 129
132 167
132 194
132 195
132 211
132 215
132 284
132 348
132 376
132 420
132 454
132 471
132 489
133 22
133 28
133 30
133 112
133 188
133 191
133 208
133 220
133 241
133 246
133 253
133 266
133 333
133 349
133 361
133 379
133 382
133 383
133 395
133 418
133 445
133 467
133 483
133 489
134 11
134 21
134 43
134 46
134 91
134 119
134 141
134 158
134 219
134 220
134 227
134 250
134 271
134 305
134 347
134 360
134 378
134 434
134 463
134 493
134 496
135 2
135 3
135 6
135 25
135 37
135 52
135 70
135 105
135 126
135 184
135 195
135 217
135 236
135 255
135 259
135 275
135 276
135 277
135 322
135 351
135 362
135 388
135 424
135 432
135 482
135 496
136 23
136 30
136 32
136 38
136 44
136 75
136 83
136 105
136 179
136 216
136 226
136 238
136 254
136 283
136 310
136 349
136 352
136 356
136 360
136 382
136 396
136 436
136 437
136 478
136 498
137 7
137 51
137 82
137 125
137 135
137 195
137 207
137 237
137 256
137 275
137 280
137 302
137 314
137 377
137 462
137 486
137 496
138 24
138 63
138 64
138 84
138 145
138 190
138 201
138 240
138 251
138 271
138 283
138 285
138 324
138 326
138 327
138 342
138 358
138 362
138 373
138 409
138 424
138 446
138 479
138 484
139 72
139 82
139 91
139 94
139 102
139 138
139 165
139 189
139 194
139 203
139 218
139 220
139 242
139 276
139 285
139 292
139 304
139 338
139 345
139 363
139 364
139 365
139 405
139 452
139 466
139 471
139 492
140 2
140 9
140 38
140 46
140 49
140 73
140 127
140 129
140 132
140 168
140 210
140 221
140 227
140 269
140 271
140 289
140 353
140 409
140 427
140 466
140 472
140 492
141 18
141 28
141 62
141 107
141 124
141 127
141 182
141 193
141 224
141 241
141 254
141 305
141 327
141 347
141 371
141 440
141 497
142 9
142 20
142 23
142 36
142 97
142 116
142 136
142 170
142 177
142 182
142 234
142 248
142 258
142 290
142 320
142 371
142 379
142 466
142 487
142 491
143 46
143 50
143 92
143 100
143 177
143 221
143 235
143 249
143 272
143 277
143 282
143 287
143 345
143 362
143 367
143 390
143 401
143 423
143 427
143 428
143 446
143 460
143 474
143 483
144 2
144 55
144 61
144 72
144 126
144 152
144 161
144 195
144 274
144 281
144 308
144 346
144 359
144 396
144 427
144 445
144 470
144 479
145 53
145 86
145 108
145 110
145 135
145 152
145 162
145 214
145 230
145 250
145 252
145 264
145 270
145 274
145 280
145 316
145 331
145 371
145 400
145 403
145 405
145 441
145 470
145 493
146 7
146 27
146 112
146 121
146 178
146 191
146 197
146 204
146 219
146 259
146 272
146 300
146 303
146 306
146 323
146 349
146 362
146 403
146 410
146 419
146 420
146 442
146 456
146 465
146 478
147 3
147 13
147 41
147 75
147 95
147 98
147 129
147 146
147 153
147 181
147 205
147 206
147 210
147 218
147 231
147 247
147 252
147 266
147 321
147 394
147 438
147 467
147 487
147 488
148 25
148 28
148 35
148 46
148 84
148 139
148 204
148 217
148 227
148 241
148 285
148 311
148 317
148 335
148 353
148 378
148 392
148 397
148 437
148 473
149 15
149 75
149 88
149 171
149 192
149 214
149 244
149 287
149 303
149 316
149 332
149 333
149 336
149 351
149 380
149 466
149 499
150 0
150 24
150 51
150 68
150 70
150 91
150 93
150 102
150 142
150 175
150 180
150 192
150 219
150 252
150 294
150 320
150 325
150 357
150 364
150 420
150 435
150 445
150 455
150 496
150 499
151 23
151 34
151 117
151 155
151 168
151 198
151 290
151 298
151 311
151 329
151 347
151 349
151 361
151 373
151 381
151 388
151 397
151 421
151 444
151 454
151 468
152 4
152 54
152 63
152 106
152 116
152 157
152 178
152 187
152 226
152 236
152 241
152 245
152 253
152 258
152 270
152 325
152 374
152 388
152 391
152 461
152 471
152 478
152 483
152 484
153 40
153 121
153 158
153 199
153 259
153 301
153 309
153 314
153 323
153 342
153 359
153 367
153 368
153 370
153 373
153 384
153 429
153 458
153 489
154 15
154 36
154 63
154 86
154 88
154 111
154 119
154 129
154 140
154 192
154 195
154 216
154 254
154 299
154 303
154 309
154 310
154 315
154 335
154 340
154 357
154 366
154 402
154 457
155 29
155 33
155 49
155 62
155 76
155 87
155 108
155 116
155 141
155 144
155 161
155 251
155 256
155 267
155 277
155 298
155 307
155 341
155 344
155 371
155 372
155 388
155 396
155 400
155 413
155 422
155 440
155 449
155 487
156 10
156 23
156 69
156 100
156 108
156 119
156 136
156 158
156 163
156 189
156 222
156 226
156 246
156 283
156 295
156 325
156 333
156 346
156 351
156 355
156 387
156 404
156 415
156 425
156 448
156 491
156 492
157 59
157 60
157 68
157 113
157 133
157 179
157 237
157 245
157 247
157 305
157 311
157 322
157 327
157 382
157 438
157 468
157 475
157 481
157 487
158 2
158 19
158 23
158 26
158 154
158 190
158 229
158 247
158 248
158 251
158 308
158 310
158 319
158 324
158 336
158 363
158 375
158 394
158 416
158 434
158 445
158 498
159 0
159 100
159 163
159 165
159 167
159 168
159 181
159 187
159 195
159 230
159 279
159 297
159 308
159 339
159 347
159 353
159 369
159 446
159 460
159 463
159 468
159 483
160 16
160 20
160 27
160 81
160 118
160 198
160 212
160 229
160 230
160 234
160 341
160 354
160 406
160 475
161 5
161 22
161 27
161 64
161 78
161 89
161 122
161 182
161 209
161 222
161 225
161 264
161 274
161 277
161 279
161 393
161 426
161 438
161 447
161 450
161 474
162 100
162 127
162 138
162 186
162 210
162 216
162 232
162 256
162 266
162 272
162 275
162 295
162 301
162 317
162 318
162 351
162 437
162 442
162 456
162 457
162 469
163 27
163 104
163 112
163 120
163 125
163 169
163 182
163 191
163 217
163 224
163 240
163 269
163 319
163 331
163 392
163 461
163 474
163 481
164 46
164 81
164 94
164 105
164 149
164 209
164 242
164 264
164 272
164 291
164 324
164 329
164 364
164 382
164 388
164 428
164 435
164 444
164 491
165 26
165 38
165 71
165 92
165 128
165 212
165 214
165 233
165 234
165 240
165 241
165 251
165 270
165 277
165 293
165 299
165 303
165 311
165 357
165 360
165 364
165 371
165 385
165 391
165 429
165 442
165 457
165 468
165 479
165 494
165 497
166 10
166 51
166 92
166 101
166 115
166 169
166 215
166 224
166 233
166 308
166 341
166 381
166 400
166 408
166 412
166 416
166 444
166 455
166 491
167 6
167 9
167 74
167 81
167 163
167 176
167 202
167 208
167 224
167 230
167 265
167 282
167 340
167 347
167 367
167 378
167 386
167 435
167 439
167 444
167 491
168 53
168 64
168 125
168 138
168 177
168 181
168 187
168 197
168 206
168 225
168 255
168 270
168 273
168 285
168 290
168 291
168 295
168 310
168 320
168 325
168 334
168 359
168 439
168 451
169 66
169 88
169 128
169 162
169 208
169 225
169 300
169 409
169 410
169 422
169 435
169 436
169 463
169 483
170 20
170 37
170 64
170 83
170 97
170 110
170 124
170 162
170 183
170 189
170 215
170 282
170 298
170 321
170 363
170 379
170 381
170 385
170 397
170 438
170 459
170 478
171 24
171 32
171 54
171 59
171 115
171 176
171 217
171 298
171 307
171 327
171 379
171 401
171 478
172 1
172 16
172 23
172 34
172 58
172 107
172 113
172 150
172 292
172 296
172 335
172 384
172 465
172 498
173 4
173 28
173 50
173 57
173 100
173 101
173 136
173 170
173 174
173 252
173 254
173 262
173 270
173 292
173 341
173 352
173 368
173 370
173 372
173 381
173 387
173 390
173 426
173 431
174 61
174 84
174 88
174 111
174 122
174 205
174 209
174 218
174 242
174 257
174 275
174 286
174 292
174 293
174 323
174 337
174 400
174 425
174 440
174 479
174 484
174 498
175 10
175 12
175 78
175 161
175 210
175 215
175 224
175 225
175 232
175 254
175 267
175 318
175 328
175 333
175 339
175 347
175 349
175 365
175 372
175 412
175 437
175 442
175 470
175 491
176 14
176 113
176 114
176 129
176 132
176 135
176 159
176 193
176 201
176 213
176 229
176 251
176 352
176 397
176 410
176 433
176 439
176 448
176 467
176 470
177 33
177 43
177 74
177 120
177 133
177 146
177 169
177 180
177 186
177 204
177 264
177 292
177 434
177 463
177 475
178 44
178 66
178 87
178 88
178 96
178 115
178 158
178 183
178 193
178 204
178 212
178 241
178 263
178 309
178 316
178 345
178 353
178 354
178 390
178 404
178 416
178 472
178 482
178 499
179 2
179 42
179 48
179 105
179 140
179 154
179 164
179 177
179 221
179 264
179 289
179 303
179 304
179 316
179 463
179 471
179 477
180 14
180 24
180 43
180 45
180 65
180 82
180 92
180 100
180 103
180 124
180 133
180 151
180 221
180 230
180 356
180 367
180 374
180 410
181 10
181 15
181 34
181 48
181 76
181 84
181 92
181 95
181 99
181 161
181 172
181 190
181 214
181 225
181 260
181 276
181 291
181 304
181 313
181 318
181 348
181 352
181 357
181 361
181 369
181 379
181 385
181 418
181 445
181 494
182 2
182 15
182 41
182 45
182 52
182 65
182 72
182 94
182 111
182 143
182 247
182 302
182 310
182 319
182 394
182 415
182 458
183 19
183 30
183 48
183 64
183 116
183 144
183 152
183 178
183 181
183 197
183 253
183 269
183 276
183 295
183 366
183 417
183 440
183 448
183 464
183 481
183 485
184 3
184 10
184 106
184 120
184 226
184 238
184 252
184 268
184 285
184 300
184 311
184 317
184 349
184 357
184 384
184 391
184 432
184 441
184 447
185 1
185 3
185 22
185 36
185 72
185 95
185 104
185 113
185 129
185 147
185 162
185 209
185 217
185 251
185 333
185 354
186 19
186 22
186 29
186 120
186 169
186 257
186 271
186 280
186 300
186 306
186 327
186 362
186 402
186 495
187 12
187 30
187 86
187 104
187 125
187 127
187 178
187 193
187 200
187 221
187 264
187 268
187 291
187 295
187 314
187 329
187 343
187 399
187 465
187 468
187 484
187 496
188 16
188 99
188 151
188 152
188 171
188 212
188 356
188 416
188 433
188 450
188 485
189 10
189 25
189 29
189 39
189 51
189 63
189 86
189 92
189 98
189 104
189 156
189 160
189 186
189 218
189 228
189 238
189 250
189 258
189 261
189 280
189 302
189 343
189 346
189 362
189 374
189 415
189 441
189 457
189 460
190 3
190 14
190 16
190 58
190 92
190 112
190 156
190 166
190 218
190 241
190 243
190 252
190 266
190 278
190 285
190 313
190 331
190 335
190 337
190 466
190 493
191 0
191 25
191 32
191 41
191 58
191 75
191 87
191 88
191 106
191 117
191 147
191 164
191 169
191 259
191 300
191 301
191 302
191 332
191 349
191 353
191 358
191 376
191 401
191 446
191 448
191 468
191 496
192 8
192 9
192 24
192 34
192 40
192 54
192 68
192 111
192 137
192 138
192 177
192 209
192 250
192 295
192 339
192 369
192 384
192 390
192 397
193 32
193 35
193 168
193 174
193 175
193 176
193 189
193 191
193 204
193 228
193 360
193 361
193 362
193 401
193 446
193 458
193 468
193 471
194 106
194 119
194 179
194 182
194 192
194 208
194 231
194 241
194 265
194 343
194 355
194 375
194 402
194 420
194 435
194 443
194 456
194 457
194 461
194 464
194 498
195 18
195 27
195 44
195 60
195 92
195 116
195 149
195 171
195 192
195 200
195 233
195 255
195 256
195 258
195 267
195 277
195 280
195 393
195 436
195 448
195 457
195 465
196 85
196 104
196 116
196 164
196 177
196 185
196 204
196 228
196 243
196 250
196 254
196 258
196 283
196 292
196 394
196 400
197 165
197 172
197 179
197 239
197 291
197 321
197 364
197 368
197 383
198 70
198 107
198 109
198 123
198 196
198 214
198 247
198 249
198 275
198 280
198 290
198 295
198 297
198 298
198 299
198 339
198 357
198 465
198 480
198 488
198 495
199 41
199 90
199 100
199 124
199 182
199 266
199 278
199 300
199 313
199 366
199 397
199 398
199 406
199 409
199 423
199 442
199 457
199 498
200 1
200 19
200 35
200 64
200 100
200 141
200 177
200 181
200 265
200 275
200 305
200 331
200 349
200 396
200 411
200 422
200 431
200 436
200 446
200 473
200 485
201 0
201 69
201 193
201 213
201 232
201 277
201 299
201 335
201 339
201 369
201 374
201 383
201 387
201 412
202 3
202 19
202 20
202 31
202 50
202 52
202 87
202 95
202 97
202 177
202 191
202 198
202 199
202 223
202 268
202 300
202 313
202 349
202 353
202 359
202 384
202 420
202 432
202 487
203 0
203 31
203 41
203 52
203 64
203 74
203 96
203 112
203 126
203 147
203 156
203 181
203 200
203 226
203 254
203 323
203 326
203 339
203 379
203 404
203 426
203 430
203 443
203 456
203 462
204 10
204 31
204 54
204 66
204 84
204 110
204 115
204 127
204 158
204 190
204 215
204 228
204 250
204 267
204 283
204 335
204 350
204 363
204 373
204 438
204 447
204 469
204 498
205 15
205 29
205 88
205 100
205 145
205 161
205 223
205 243
205 255
205 264
205 270
205 279
205 336
205 381
205 422
205 455
205 472
205 487
206 19
206 55
206 100
206 101
206 140
206 169
206 171
206 172
206 186
206 256
206 286
206 328
206 355
206 363
206 373
206 402
206 417
206 432
206 446
207 58
207 70
207 156
207 204
207 217
207 248
207 249
207 251
207 270
207 317
207 319
207 373
207 385
207 395
207 411
207 484
208 20
208 40
208 45
208 66
208 72
208 84
208 107
208 140
208 142
208 188
208 243
208 266
208 269
208 332
208 392
208 427
208 429
208 442
208 444
208 479
208 484
209 78
209 99
209 220
209 224
209 232
209 274
209 276
209 299
209 322
209 338
209 446
209 456
209 478
209 480
210 11
210 22
210 25
210 30
210 50
210 70
210 126
210 129
210 135
210 158
210 208
210 255
210 258
210 310
210 327
210 341
210 345
210 376
210 420
210 446
210 486
211 6
211 18
211 27
211 28
211 106
211 114
211 127
211 134
211 150
211 176
211 191
211 207
211 215
211 217
211 223
211 235
211 263
211 266
211 296
211 344
211 375
211 421
211 423
211 440
211 441
211 461
211 462
211 469
211 470
211 486
211 492
211 497
212 0
212 2
212 31
212 51
212 82
212 85
212 108
212 113
212 120
212 169
212 205
212 237
212 239
212 254
212 332
212 367
212 378
212 383
212 391
212 405
212 427
212 451
212 496
213 6
213 89
213 120
213 125
213 135
213 146
213 163
213 194
213 205
213 218
213 272
213 297
213 314
213 332
213 341
213 354
213 455
214 27
214 39
214 82
214 121
214 158
214 179
214 200
214 245
214 257
214 302
214 304
214 314
214 333
214 336
214 338
214 340
214 345
214 363
214 405
214 431
214 441
214 451
214 496
215 11
215 83
215 90
215 107
215 111
215 120
215 123
215 128
215 140
215 192
215 199
215 200
215 235
215 272
215 275
215 285
215 286
215 320
215 374
215 411
215 414
215 438
215 459
215 469
216 6
216 29
216 95
216 100
216 129
216 138
216 150
216 159
216 183
216 208
216 212
216 220
216 224
216 238
216 271
216 323
216 347
216 350
216 367
216 370
216 383
216 388
216 400
216 416
216 422
216 451
217 15
217 41
217 100
217 118
217 225
217 255
217 260
217 320
217 339
217 348
217 354
217 466
217 480
218 19
218 33
218 92
218 156
218 178
218 225
218 232
218 240
218 279
218 285
218 317
218 319
218 331
218 333
218 409
218 423
218 432
218 456
219 18
219 33
219 46
219 91
219 106
219 163
219 177
219 190
219 195
219 236
219 237
219 268
219 283
219 308
219 317
219 318
219 351
219 377
219 416
219 445
219 451
219 454
219 460
219 484
220 29
220 39
220 45
220 48
220 53
220 89
220 100
220 137
220 163
220 166
220 205
220 224
220 296
220 320
220 380
220 386
220 401
220 438
220 441
220 467
220 472
220 497
221 59
221 100
221 153
221 164
221 169
221 171
221 286
221 302
221 335
221 372
221 443
221 451
221 460
221 476
221 498
222 12
222 36
222 58
222 62
222 86
222 109
222 189
222 191
222 233
222 326
222 363
222 370
222 408
222 483
223 39
223 100
223 140
223 153
223 187
223 236
223 271
223 308
223 327
223 349
223 357
223 359
223 368
224 24
224 44
224 69
224 88
224 112
224 124
224 333
224 362
224 389
224 441
224 443
224 484
225 46
225 47
225 63
225 97
225 99
225 139
225 208
225 214
225 216
225 271
225 272
225 302
225 369
225 372
225 409
225 411
225 479
226 8
226 37
226 43
226 46
226 63
226 91
226 131
226 167
226 173
226 179
226 236
226 395
226 425
226 491
227 5
227 25
227 75
227 89
227 95
227 102
227 108
227 139
227 140
227 201
227 226
227 281
227 333
227 380
227 395
227 414
227 437
228 30
228 51
228 78
228 98
228 119
228 120
228 136
228 150
228 210
228 344
228 376
228 386
228 405
228 452
228 454
229 17
229 57
229 81
229 126
229 149
229 238
229 251
229 262
229 282
229 328
229 335
229 374
229 387
229 392
229 424
229 445
230 56
230 59
230 66
230 72
230 127
230 195
230 210
230 343
230 383
230 390
230 401
230 412
230 443
230 449
231 2
231 18
231 19
231 57
231 77
231 81
231 87
231 147
231 170
231 198
231 206
231 232
231 236
231 244
231 245
231 276
231 307
231 320
231 325
231 348
231 369
231 375
232 28
232 32
232 48
232 53
232 65
232 90
232 103
232 163
232 261
232 287
232 295
232 301
232 336
232 340
232 418
232 451
232 464
233 19
233 112
233 150
233 158
233 206
233 222
233 230
233 231
233 263
233 314
233 349
233 400
233 402
233 430
233 461
234 15
234 27
234 72
234 74
234 91
234 122
234 127
234 194
234 204
234 221
234 257
234 276
234 294
234 308
234 312
234 332
234 341
234 403
234 417
234 427
234 440
234 489
234 498
235 45
235 48
235 101
235 139
235 156
235 176
235 201
235 264
235 286
235 295
235 297
235 300
235 334
235 346
235 372
235 382
235 404
235 423
235 426
235 475
235 487
236 3
236 23
236 32
236 35
236 37
236 75
236 111
236 127
236 138
236 152
236 185
236 196
236 203
236 216
236 252
236 308
236 324
236 336
236 342
236 357
236 366
236 373
236 466
236 476
236 478
237 8
237 11
237 51
237 52
237 58
237 66
237 186
237 240
237 241
237 244
237 268
237 324
237 336
237 338
237 350
237 367
237 381
237 444
237 456
238 18
238 50
238 181
238 201
238 205
238 225
238 232
238 233
238 259
238 289
238 315
238 328
238 363
238 405
238 438
238 454
238 496
239 40
239 54
239 63
239 86
239 120
239 158
239 189
239 231
239 241
239 250
239 261
239 267
239 308
239 315
239 354
239 357
239 360
239 362
239 399
239 402
239 434
239 437
239 476
239 496
240 14
240 141
240 150
240 152
240 191
240 198
240 213
240 238
240 318
240 330
240 386
240 389
240 395
240 402
240 416
240 469
240 477
241 43
241 45
241 48
241 56
241 71
241 87
241 140
241 162
241 256
241 262
241 278
241 322
241 323
241 344
241 352
241 367
241 401
241 407
241 436
241 486
242 28
242 36
242 92
242 106
242 108
242 115
242 201
242 376
242 409
242 435
242 438
242 448
243 8
243 62
243 67
243 71
243 119
243 142
243 195
243 202
243 241
243 315
243 319
243 357
243 366
243 386
243 400
243 408
243 415
243 425
243 477
244 10
244 38
244 68
244 245
244 285
244 297
244 341
244 346
244 378
244 430
244 465
245 13
245 71
245 76
245 89
245 102
245 105
245 124
245 126
245 223
245 227
245 279
245 285
245 331
245 336
245 384
245 415
245 417
245 456
245 477
246 17
246 80
246 83
246 88
246 158
246 168
246 169
246 219
246 231
246 243
246 259
246 278
246 286
246 328
246 343
246 392
247 19
247 29
247 86
247 101
247 110
247 124
247 240
247 262
247 301
247 305
247 319
247 362
247 398
247 433
247 456
247 478
247 491
248 7
248 20
248 28
248 33
248 50
248 55
248 89
248 91
248 106
248 172
248 174
248 281
248 306
248 311
248 329
248 340
248 363
248 380
248 385
248 389
248 458
248 459
249 3
249 40
249 54
249 125
249 132
249 143
249 236
249 246
249 297
249 338
249 339
249 347
249 372
249 405
249 442
249 445
249 467
249 482
249 494
250 17
250 23
250 49
250 101
250 104
250 121
250 160
250 173
250 182
250 211
250 308
250 314
250 388
250 405
250 406
250 415
250 431
250 453
250 471
250 475
251 20
251 51
251 78
251 123
251 140
251 150
251 177
251 188
251 218
251 234
251 235
251 252
251 305
251 344
251 367
251 387
251 403
251 429
251 456
251 471
252 6
252 17
252 25
252 26
252 28
252 42
252 55
252 86
252 101
252 136
252 139
252 159
252 168
252 207
252 216
252 269
252 288
252 325
252 355
252 420
252 428
252 445
252 462
252 482
253 2
253 20
253 30
253 60
253 64
253 110
253 111
253 112
253 137
253 146
253 155
253 183
253 215
253 234
253 300
253 311
253 357
253 372
253 397
253 439
253 446
253 450
253 469
253 496
254 35
254 49
254 97
254 146
254 179
254 189
254 209
254 210
254 248
254 256
254 261
254 270
254 321
254 330
254 354
254 388
254 413
254 430
254 454
254 466
255 3
255 14
255 25
255 41
255 112
255 122
255 123
255 138
255 168
255 216
255 231
255 239
255 261
255 277
255 342
255 483
256 19
256 25
256 41
256 54
256 116
256 122
256 145
256 161
256 173
256 180
256 212
256 234
256 247
256 266
256 279
256 291
256 292
256 297
256 303
256 358
256 369
256 372
256 376
256 383
256 395
256 399
256 418
256 420
256 457
257 18
257 28
257 41
257 65
257 73
257 76
257 121
257 141
257 196
257 226
257 261
257 275
257 277
257 286
257 314
257 326
257 375
257 391
257 420
257 435
257 483
258 33
258 71
258 73
258 115
258 123
258 133
258 135
258 188
258 199
258 211
258 238
258 245
258 259
258 269
258 335
258 344
258 351
258 368
258 374
258 377
258 386
258 426
258 463
258 494
259 15
259 57
259 102
259 127
259 148
259 155
259 158
259 203
259 229
259 298
259 357
259 420
259 466
260 27
260 28
260 40
260 52
260 55
260 68
260 71
260 96
260 153
260 165
260 182
260 192
260 269
260 278
260 289
260 299
260 301
260 316
260 320
260 327
260 348
260 367
260 369
260 391
260 447
261 4
261 41
261 79
261 112
261 119
261 130
261 134
261 160
261 252
261 278
261 332
261 355
261 362
261 369
261 401
261 405
261 409
261 414
261 438
261 444
261 482
262 20
262 48
262 54
262 90
262 98
262 115
262 130
262 142
262 181
262 198
262 246
262 323
262 325
262 357
262 373
262 392
262 401
262 409
262 430
262 473
262 490
263 33
263 105
263 113
263 118
263 126
263 130
263 132
263 143
263 158
263 174
263 176
263 201
263 210
263 235
263 238
263 247
263 252
263 288
263 327
263 346
263 358
263 384
263 491
263 493
263 496
264 32
264 61
264 71
264 105
264 112
264 161
264 163
264 170
264 184
264 191
264 199
264 200
264 271
264 276
264 282
264 299
264 302
264 315
264 332
264 382
264 384
264 408
264 411
264 466
265 50
265 75
265 94
265 110
265 128
265 140
265 142
265 150
265 157
265 188
265 194
265 199
265 215
265 220
265 282
265 289
265 292
265 294
265 302
265 303
265 344
265 347
265 414
265 456
265 476
266 23
266 26
266 35
266 75
266 114
266 120
266 140
266 144
266 164
266 227
266 228
266 253
266 288
266 300
266 351
266 374
266 375
266 404
267 43
267 78
267 105
267 118
267 143
267 162
267 171
267 183
267 214
267 311
267 321
267 327
267 395
267 415
267 427
267 468
268 13
268 39
268 57
268 70
268 96
268 102
268 124
268 131
268 286
268 303
268 372
268 418
268 425
268 455
268 473
268 476
268 499
269 3
269 28
269 55
269 59
269 97
269 100
269 105
269 178
269 183
269 188
269 258
269 270
269 285
269 357
269 418
269 421
269 425
269 426
269 480
270 26
270 31
270 65
270 79
270 123
270 147
270 158
270 185
270 210
270 222
270 223
270 228
270 237
270 261
270 276
270 290
270 300
270 302
270 346
270 360
270 376
270 380
270 411
270 418
270 453
270 486
270 498
271 65
271 67
271 87
271 187
271 230
271 243
271 302
271 344
271 362
271 363
271 392
271 455
271 463
271 477
271 488
272 60
272 86
272 97
272 132
272 175
272 221
272 224
272 245
272 276
272 280
272 297
272 349
272 387
272 466
272 491
272 495
272 498
273 19
273 83
273 93
273 103
273 141
273 206
273 306
273 328
273 329
273 340
273 360
273 385
273 404
273 413
273 417
273 426
273 487
274 14
274 71
274 80
274 143
274 170
274 211
274 213
274 252
274 300
274 356
274 378
274 430
274 460
274 472
274 480
274 488
275 7
275 94
275 102
275 104
275 128
275 156
275 175
275 183
275 184
275 185
275 232
275 243
275 245
275 268
275 292
275 296
275 387
275 421
275 422
275 432
275 465
275 481
275 491
276 1
276 18
276 35
276 62
276 169
276 180
276 185
276 196
276 199
276 233
276 242
276 255
276 260
276 265
276 288
276 296
276 312
276 316
276 410
276 424
276 447
276 484
276 499
277 17
277 81
277 195
277 201
277 382
277 386
277 399
277 404
277 405
277 477
278 3
278 30
278 40
278 53
278 67
278 75
278 85
278 90
278 119
278 128
278 142
278 144
278 212
278 302
278 306
278 379
278 403
278 408
278 426
278 468
279 2
279 10
279 22
279 31
279 33
279 62
279 76
279 77
279 110
279 188
279 196
279 209
279 211
279 224
279 273
279 328
279 333
279 335
279 358
279 374
279 398
279 432
280 26
280 96
280 152
280 158
280 160
280 171
280 210
280 249
280 266
280 326
280 365
280 408
280 439
280 476
280 488
280 497
281 25
281 38
281 66
281 81
281 126
281 157
281 168
281 171
281 185
281 193
281 204
281 210
281 232
281 244
281 274
281 275
281 301
281 314
281 343
281 374
281 417
281 425
281 430
281 438
281 458
281 470
281 485
282 47
282 72
282 96
282 111
282 156
282 165
282 174
282 180
282 198
282 217
282 219
282 256
282 307
282 322
282 327
282 368
282 395
282 402
282 421
282 437
282 465
282 474
283 0
283 8
283 50
283 54
283 55
283 110
283 117
283 119
283 172
283 206
283 220
283 234
283 245
283 298
283 346
283 351
283 352
283 354
283 356
283 422
283 495
283 498
284 12
284 43
284 70
284 74
284 80
284 84
284 94
284 109
284 126
284 127
284 158
284 172
284 208
284 250
284 272
284 273
284 274
284 295
284 311
284 361
284 406
284 434
284 449
284 459
284 470
284 476
285 60
285 68
285 72
285 85
285 101
285 107
285 175
285 189
285 191
285 212
285 263
285 266
285 277
285 309
285 384
285 433
285 453
286 2
286 9
286 20
286 25
286 39
286 40
286 90
286 112
286 119
286 166
286 195
286 235
286 245
286 247
286 284
286 292
286 306
286 314
286 391
286 406
286 418
286 473
286 478
286 481
287 34
287 52
287 53
287 70
287 95
287 134
287 147
287 201
287 214
287 224
287 243
287 244
287 275
287 276
287 314
287 326
287 335
287 384
287 428
287 488
288 22
288 24
288 25
288 58
288 170
288 195
288 210
288 238
288 254
288 264
288 287
288 320
288 350
288 379
288 397
288 477
288 482
289 27
289 158
289 203
289 213
289 214
289 217
289 283
289 323
289 346
289 349
289 379
289 402
289 413
289 427
289 452
290 6
290 40
290 56
290 70
290 105
290 112
290 132
290 149
290 229
290 272
290 279
290 355
290 386
290 389
290 488
291 30
291 33
291 57
291 120
291 127
291 128
291 152
291 155
291 156
291 159
291 174
291 204
291 210
291 216
291 228
291 237
291 268
291 279
291 338
291 385
291 388
291 393
291 397
291 405
291 474
291 481
292 3
292 6
292 30
292 80
292 83
292 90
292 107
292 108
292 116
292 126
292 160
292 182
292 228
292 229
292 244
292 248
292 249
292 250
292 271
292 308
292 310
292 344
292 348
292 392
292 439
293 11
293 51
293 71
293 86
293 99
293 101
293 162
293 257
293 270
293 354
293 355
293 366
293 381
293 435
293 452
293 458
293 465
293 479
294 32
294 42
294 69
294 70
294 99
294 147
294 182
294 227
294 266
294 284
294 303
294 314
294 324
294 354
294 412
294 420
294 424
294 448
294 473
295 30
295 55
295 57
295 144
295 156
295 183
295 205
295 215
295 233
295 236
295 241
295 273
295 280
295 296
295 344
295 357
295 377
295 403
295 427
295 454
295 462
295 470
295 494
296 8
296 37
296 103
296 137
296 141
296 186
296 241
296 248
296 260
296 262
296 275
296 326
296 342
296 350
296 380
296 458
297 40
297 42
297 43
297 95
297 173
297 175
297 197
297 221
297 241
297 267
297 272
297 279
297 292
297 318
297 388
297 415
297 422
298 4
298 18
298 57
298 146
298 171
298 189
298 229
298 234
298 248
298 276
298 281
298 303
298 306
298 307
298 311
298 317
298 321
298 330
298 356
298 360
298 369
298 383
298 385
298 431
298 432
299 4
299 30
299 113
299 124
299 140
299 168
299 176
299 207
299 213
299 247
299 260
299 291
299 332
299 340
299 345
299 349
299 384
299 404
299 408
299 426
299 427
299 459
299 478
299 496
299 499
300 20
300 27
300 35
300 60
300 76
300 79
300 107
300 137
300 202
300 210
300 229
300 247
300 271
300 280
300 363
300 367
300 443
300 450
300 490
301 8
301 51
301 69
301 70
301 100
301 103
301 121
301 138
301 163
301 195
301 237
301 290
301 297
301 303
301 333
301 374
301 392
301 441
301 445
301 458
301 461
301 462
301 466
302 2
302 33
302 42
302 79
302 104
302 126
302 180
302 183
302 197
302 204
302 215
302 234
302 240
302 265
302 280
302 300
302 304
302 321
302 360
302 371
302 415
302 498
303 11
303 43
303 64
303 87
303 89
303 91
303 100
303 141
303 169
303 181
303 244
303 249
303 288
303 320
303 388
303 413
303 429
303 479
303 488
303 494
304 21
304 30
304 114
304 147
304 181
304 297
304 339
304 341
304 362
304 368
304 428
304 436
304 447
304 461
304 467
304 468
305 25
305 33
305 92
305 133
305 191
305 225
305 241
305 255
305 258
305 304
305 335
305 408
305 418
305 483
306 1
306 20
306 39
306 61
306 166
306 170
306 182
306 263
306 268
306 318
306 339
306 421
306 459
306 463
306 467
306 476
306 482
307 17
307 34
307 57
307 61
307 107
307 129
307 134
307 171
307 211
307 216
307 218
307 227
307 262
307 294
307 310
307 313
307 316
307 368
307 384
307 398
307 402
307 424
307 437
307 495
308 6
308 50
308 69
308 99
308 121
308 217
308 223
308 229
308 235
308 281
308 301
308 303
308 312
308 331
308 356
308 387
308 388
308 420
308 453
308 489
308 497
309 23
309 51
309 53
309 223
309 241
309 248
309 310
309 318
309 394
309 416
309 484
310 4
310 34
310 96
310 100
310 103
310 129
310 144
310 156
310 197
310 215
310 220
310 226
310 229
310 240
310 284
310 329
310 330
310 358
310 363
310 379
310 420
310 446
310 480
310 493
311 13
311 64
311 102
311 132
311 158
311 168
311 184
311 223
311 240
311 251
311 267
311 271
311 278
311 281
311 282
311 305
311 318
311 323
311 341
311 361
311 364
312 11
312 56
312 111
312 141
312 206
312 207
312 243
312 299
312 319
312 387
312 397
312 398
312 411
312 435
312 457
313 6
313 14
313 18
313 52
313 54
313 58
313 59
313 61
313 73
313 117
313 136
313 137
313 138
313 182
313 185
313 235
313 259
313 271
313 278
313 351
313 361
313 369
313 388
313 439
313 498
314 0
314 23
314 44
314 55
314 94
314 95
314 132
314 140
314 153
314 161
314 166
314 182
314 195
314 238
314 278
314 287
314 362
314 388
314 389
314 403
314 406
314 421
314 425
314 446
314 462
314 465
314 487
314 494
315 16
315 40
315 55
315 60
315 74
315 87
315 177
315 191
315 197
315 234
315 259
315 274
315 309
315 340
315 350
315 374
315 385
315 424
315 433
315 456
315 465
315 492
316 13
316 25
316 65
316 85
316 101
316 113
316 277
316 318
316 337
316 350
316 354
316 381
316 410
316 414
316 454
316 460
316 469
317 1
317 38
317 74
317 75
317 81
317 141
317 198
317 206
317 230
317 272
317 289
317 303
317 331
317 371
317 397
317 409
317 419
317 425
317 478
318 2
318 28
318 82
318 102
318 128
318 129
318 137
318 161
318 273
318 288
318 292
318 366
318 367
318 374
318 390
318 460
318 479
318 486
319 54
319 57
319 61
319 122
319 127
319 259
319 286
319 329
319 365
319 371
319 411
319 429
319 480
320 46
320 77
320 152
320 167
320 183
320 190
320 199
320 224
320 237
320 245
320 248
320 253
320 273
320 276
320 288
320 290
320 299
320 353
320 414
320 421
320 423
320 431
320 463
321 64
321 81
321 105
321 120
321 144
321 171
321 218
321 299
321 320
321 334
321 343
321 405
321 426
321 432
321 447
321 452
321 461
322 23
322 25
322 62
322 142
322 153
322 162
322 167
322 195
322 282
322 296
322 308
322 381
322 423
323 6
323 22
323 42
323 95
323 167
323 170
323 273
323 316
323 320
323 332
323 333
323 349
323 389
323 414
323 429
323 438
323 448
323 489
324 22
324 33
324 53
324 60
324 68
324 78
324 134
324 147
324 164
324 166
324 246
324 266
324 281
324 309
324 332
324 351
324 359
324 375
324 439
324 495
325 21
325 49
325 69
325 118
325 122
325 139
325 157
325 191
325 198
325 221
325 231
325 263
325 302
325 336
325 345
325 434
325 451
325 483
325 498
326 71
326 81
326 88
326 108
326 205
326 206
326 238
326 267
326 285
326 315
326 328
326 332
326 380
327 27
327 46
327 204
327 234
327 262
327 270
327 276
327 285
327 288
327 326
327 352
327 395
327 404
327 411
327 424
327 450
327 459
328 13
328 35
328 61
328 129
328 130
328 169
328 242
328 253
328 255
328 333
328 348
328 380
328 396
328 414
328 439
328 473
329 46
329 48
329 68
329 89
329 109
329 129
329 130
329 135
329 139
329 143
329 233
329 260
329 298
329 304
329 311
329 318
329 323
329 339
329 383
329 397
329 418
329 433
329 434
329 465
330 30
330 55
330 58
330 89
330 127
330 155
330 156
330 175
330 205
330 232
330 244
330 267
330 273
330 297
330 312
330 441
330 448
330 468
330 481
331 61
331 118
331 123
331 163
331 172
331 221
331 244
331 245
331 254
331 276
331 278
331 291
331 333
331 386
331 411
331 435
331 470
331 483
332 15
332 17
332 40
332 55
332 58
332 84
332 102
332 105
332 116
332 120
332 201
332 216
332 247
332 257
332 259
332 326
332 349
332 362
332 363
332 369
332 415
332 472
332 475
333 2
333 14
333 17
333 27
333 49
333 65
333 85
333 102
333 113
333 141
333 175
333 200
333 220
333 225
333 252
333 274
333 324
333 392
333 405
333 432
333 462
334 26
334 50
334 71
334 87
334 99
334 149
334 153
334 179
334 192
334 196
334 225
334 234
334 261
334 268
334 275
334 288
334 302
334 315
334 321
334 377
334 396
334 437
334 443
334 451
334 468
334 470
334 485
335 58
335 77
335 103
335 135
335 140
335 141
335 149
335 202
335 205
335 216
335 269
335 288
335 290
335 301
335 303
335 306
335 361
335 381
335 385
335 457
335 469
335 474
335 475
336 4
336 18
336 20
336 21
336 37
336 47
336 50
336 102
336 107
336 152
336 157
336 184
336 193
336 221
336 241
336 285
336 342
336 363
336 441
336 448
336 455
337 99
337 108
337 124
337 131
337 138
337 172
337 193
337 211
337 230
337 255
337 265
337 302
337 311
337 324
337 382
337 402
337 468
337 477
338 13
338 14
338 36
338 67
338 69
338 72
338 113
338 148
338 163
338 165
338 170
338 243
338 265
338 281
338 285
338 331
338 339
338 356
338 358
338 375
338 416
338 460
338 481
339 21
339 71
339 103
339 133
339 140
339 159
339 164
339 186
339 208
339 254
339 334
339 335
339 360
339 390
339 446
339 450
339 460
339 464
339 474
340 12
340 21
340 40
340 100
340 112
340 135
340 154
340 190
340 218
340 235
340 243
340 411
340 418
340 459
340 472
340 492
340 499
341 19
341 43
341 44
341 136
341 189
341 209
341 225
341 227
341 236
341 270
341 296
341 337
341 354
341 372
341 375
341 405
341 420
341 426
341 429
341 446
341 450
341 453
341 467
342 72
342 98
342 108
342 147
342 148
342 194
342 203
342 256
342 264
342 279
342 295
342 333
342 361
342 380
342 388
342 391
343 13
343 64
343 120
343 161
343 168
343 217
343 221
343 308
343 330
343 355
343 361
343 371
343 373
343 387
343 390
343 391
343 442
343 462
343 477
343 488
343 490
344 0
344 9
344 23
344 39
344 115
344 143
344 230
344 480
344 482
344 499
345 22
345 50
345 93
345 106
345 137
345 146
345 165
345 193
345 244
345 259
345 279
345 314
345 326
345 327
345 356
345 399
345 413
345 417
345 418
345 431
345 443
345 450
345 462
345 489
345 497
346 43
346 68
346 70
346 77
346 136
346 152
346 183
346 185
346 232
346 270
346 298
346 411
346 447
346 484
347 16
347 29
347 37
347 61
347 104
347 110
347 121
347 123
347 155
347 166
347 202
347 230
347 235
347 249
347 255
347 314
347 321
347 370
347 454
347 486
348 5
348 20
348 50
348 55
348 69
348 84
348 103
348 116
348 121
348 160
348 191
348 226
348 228
348 276
348 295
348 342
348 343
348 351
348 352
348 363
348 385
348 392
348 422
348 454
348 478
348 483
349 0
349 19
349 26
349 34
349 36
349 39
349 69
349 70
349 92
349 179
349 181
349 209
349 287
349 322
349 338
349 360
349 410
349 411
349 414
349 415
349 447
349 495
350 122
350 128
350 162
350 223
350 238
350 283
350 293
350 297
350 336
350 346
350 367
350 372
350 378
350 379
350 408
350 430
350 439
350 451
350 472
350 483
350 498
351 12
351 38
351 47
351 54
351 55
351 98
351 159
351 181
351 190
351 192
351 198
351 216
351 229
351 401
351 421
351 431
351 442
351 458
351 460
351 490
352 9
352 64
352 67
352 87
352 131
352 164
352 185
352 196
352 200
352 216
352 276
352 283
352 312
352 328
352 400
352 402
352 412
352 436
353 53
353 56
353 80
353 87
353 117
353 142
353 161
353 172
353 190
353 194
353 282
353 304
353 349
353 367
353 388
353 389
353 396
353 410
353 489
354 23
354 45
354 70
354 75
354 85
354 121
354 144
354 155
354 207
354 264
354 328
354 331
354 344
354 363
354 414
354 425
354 435
354 439
354 446
354 451
354 494
355 4
355 8
355 63
355 94
355 157
355 185
355 214
355 223
355 272
355 289
355 326
355 335
355 358
355 376
355 382
355 447
355 456
356 10
356 23
356 125
356 130
356 141
356 165
356 184
356 258
356 275
356 309
356 316
356 353
356 432
356 440
356 482
356 491
357 9
357 49
357 103
357 137
357 139
357 190
357 192
357 216
357 228
357 250
357 268
357 284
357 320
357 349
357 360
357 377
357 388
357 419
357 434
357 459
357 470
358 80
358 139
358 180
358 216
358 222
358 229
358 232
358 233
358 277
358 295
358 338
358 357
358 405
358 410
358 445
358 457
358 465
359 4
359 40
359 48
359 72
359 83
359 99
359 185
359 191
359 203
359 241
359 252
359 291
359 305
359 329
359 431
359 449
359 458
359 477
360 35
360 65
360 70
360 73
360 192
360 226
360 229
360 260
360 266
360 302
360 305
360 318
360 348
360 401
360 426
360 437
360 441
360 481
361 46
361 49
361 77
361 86
361 89
361 100
361 117
361 134
361 149
361 180
361 187
361 239
361 246
361 254
361 295
361 342
361 355
361 358
361 414
361 447
361 450
361 453
361 479
362 27
362 35
362 78
362 103
362 125
362 144
362 146
362 149
362 184
362 204
362 217
362 221
362 224
362 245
362 254
362 347
362 354
362 363
362 377
362 394
362 406
362 408
363 12
363 32
363 80
363 105
363 107
363 180
363 233
363 242
363 300
363 306
363 318
363 347
363 355
363 369
363 373
363 421
363 497
364 26
364 86
364 110
364 119
364 126
364 133
364 140
364 224
364 229
364 243
364 262
364 281
364 346
364 350
364 394
365 1
365 19
365 25
365 51
365 61
365 78
365 80
365 113
365 127
365 162
365 308
365 325
365 344
365 346
365 364
365 372
365 378
365 390
365 432
365 444
365 463
365 487
366 71
366 103
366 126
366 135
366 203
366 239
366 263
366 270
366 277
366 298
366 301
366 303
366 342
366 365
366 483
366 487
367 6
367 9
367 18
367 46
367 62
367 65
367 73
367 95
367 107
367 141
367 172
367 204
367 217
367 243
367 271
367 295
367 299
367 302
367 308
367 318
367 350
367 364
367 393
367 398
367 419
367 440
367 444
368 62
368 84
368 88
368 150
368 164
368 191
368 201
368 231
368 233
368 251
368 286
368 291
368 324
368 348
368 405
368 426
368 475
368 483
368 486
368 489
368 499
369 16
369 37
369 87
369 103
369 122
369 136
369 159
369 166
369 180
369 199
369 204
369 211
369 250
369 275
369 374
369 413
369 457
369 476
369 479
369 496
370 32
370 73
370 125
370 127
370 130
370 147
370 226
370 267
370 268
370 283
370 305
370 306
370 311
370 327
370 335
370 349
370 366
370 368
370 373
370 404
370 416
370 428
370 469
371 23
371 29
371 39
371 67
371 75
371 94
371 110
371 126
371 173
371 229
371 256
371 257
371 282
371 287
371 321
371 324
371 334
371 421
371 431
371 452
371 457
371 492
372 9
372 103
372 107
372 141
372 186
372 207
372 240
372 241
372 279
372 287
372 297
372 301
372 365
372 375
372 379
372 387
372 402
372 412
372 418
372 420
372 424
372 447
372 465
372 468
372 479
373 10
373 22
373 39
373 117
373 138
373 169
373 181
373 187
373 249
373 252
373 269
373 284
373 330
373 412
373 418
373 452
373 472
373 478
374 72
374 84
374 93
374 113
374 134
374 145
374 181
374 207
374 254
374 297
374 311
374 335
374 349
374 351
374 383
374 429
374 491
375 18
375 38
375 52
375 60
375 73
375 83
375 127
375 135
375 142
375 163
375 177
375 201
375 225
375 240
375 246
375 249
375 279
375 288
375 294
375 307
375 345
375 360
375 398
375 408
375 411
375 435
375 436
375 440
375 458
375 473
376 1
376 53
376 81
376 122
376 130
376 141
376 145
376 170
376 177
376 218
376 240
376 250
376 289
376 290
376 322
376 355
376 371
376 385
376 387
376 391
376 412
376 420
376 455
377 92
377 194
377 201
377 242
377 249
377 254
377 259
377 308
377 311
377 359
377 405
377 451
378 29
378 30
378 59
378 80
378 106
378 115
378 148
378 156
378 162
378 170
378 188
378 209
378 214
378 221
378 268
378 296
378 313
378 322
378 364
378 380
378 413
378 416
378 424
378 449
378 451
378 456
378 466
378 469
378 496
379 19
379 23
379 44
379 63
379 65
379 129
379 143
379 148
379 190
379 201
379 205
379 237
379 251
379 310
379 338
379 340
379 413
379 427
379 456
379 458
379 493
380 17
380 32
380 88
380 139
380 151
380 180
380 232
380 253
380 298
380 299
380 312
380 369
380 389
380 410
380 422
380 437
380 438
380 473
380 477
380 486
380 491
380 495
381 5
381 90
381 153
381 192
381 206
381 260
381 380
381 453
381 488
382 49
382 52
382 53
382 73
382 74
382 90
382 103
382 124
382 158
382 177
382 192
382 206
382 207
382 240
382 274
382 318
382 331
382 387
382 391
382 409
382 444
383 20
383 31
383 37
383 91
383 130
383 158
383 194
383 203
383 258
383 297
383 313
383 314
383 365
383 412
383 415
383 429
384 1
384 12
384 19
384 145
384 162
384 163
384 173
384 197
384 201
384 206
384 349
384 376
384 430
384 444
384 475
385 24
385 26
385 58
385 60
385 67
385 71
385 78
385 128
385 137
385 152
385 158
385 164
385 227
385 245
385 252
385 255
385 267
385 284
385 320
385 323
385 328
385 335
385 346
385 364
385 427
385 448
385 454
385 488
386 18
386 34
386 79
386 95
386 100
386 116
386 126
386 154
386 238
386 265
386 271
386 272
386 291
386 292
386 316
386 328
386 403
386 429
386 443
386 467
386 468
387 49
387 52
387 74
387 153
387 216
387 220
387 223
387 230
387 258
387 362
387 377
387 381
387 390
387 431
387 437
387 444
387 481
388 23
388 34
388 51
388 81
388 121
388 122
388 125
388 134
388 135
388 146
388 180
388 194
388 206
388 250
388 275
388 298
388 318
388 328
388 402
388 432
388 461
388 482
388 488
388 491
389 17
389 18
389 24
389 37
389 56
389 92
389 102
389 111
389 122
389 193
389 206
389 212
389 248
389 284
389 297
389 320
389 349
389 357
389 367
389 391
389 416
389 427
389 439
389 456
389 460
390 29
390 111
390 126
390 143
390 206
390 212
390 230
390 237
390 279
390 318
390 336
390 346
390 363
390 391
390 418
390 453
391 36
391 45
391 90
391 93
391 212
391 221
391 234
391 244
391 251
391 278
391 296
391 319
391 358
391 363
391 365
391 384
391 483
392 36
392 120
392 152
392 212
392 221
392 232
392 238
392 241
392 273
392 289
392 297
392 307
392 402
392 409
392 459
392 460
392 468
393 33
393 48
393 68
393 117
393 127
393 131
393 157
393 285
393 348
393 375
393 378
393 392
393 434
393 460
393 473
394 12
394 22
394 34
394 90
394 94
394 123
394 124
394 289
394 296
394 315
394 334
394 335
394 339
394 364
394 400
394 425
394 437
394 460
395 28
395 32
395 45
395 47
395 77
395 85
395 102
395 175
395 180
395 195
395 215
395 227
395 231
395 236
395 240
395 256
395 275
395 320
395 354
395 363
395 372
395 388
395 439
395 456
395 458
395 463
395 484
395 487
395 499
396 40
396 57
396 67
396 107
396 162
396 195
396 198
396 220
396 248
396 279
396 312
396 323
396 345
396 354
396 417
396 449
396 480
396 481
397 6
397 31
397 54
397 77
397 132
397 136
397 157
397 167
397 205
397 250
397 258
397 260
397 313
397 331
397 353
397 356
397 362
397 436
397 456
397 463
397 478
397 489
398 11
398 17
398 31
398 36
398 52
398 71
398 102
398 103
398 113
398 133
398 181
398 182
398 205
398 262
398 277
398 325
398 333
398 381
398 388
398 412
398 433
398 440
398 455
398 465
398 473
399 15
399 20
399 29
399 69
399 75
399 107
399 145
399 146
399 178
399 191
399 207
399 215
399 226
399 237
399 277
399 283
399 299
399 404
399 410
399 436
399 444
399 453
399 469
400 7
400 9
400 37
400 48
400 95
400 127
400 181
400 188
400 208
400 227
400 230
400 295
400 306
400 346
400 392
400 423
400 449
401 17
401 18
401 21
401 37
401 38
401 41
401 57
401 71
401 84
401 193
401 217
401 221
401 277
401 288
401 403
401 405
401 419
401 449
401 467
401 489
401 492
401 498
402 35
402 57
402 68
402 89
402 92
402 113
402 134
402 138
402 199
402 227
402 275
402 293
402 314
402 317
402 318
402 323
402 327
402 343
402 369
402 428
402 459
403 0
403 34
403 45
403 60
403 72
403 128
403 140
403 143
403 184
403 185
403 205
403 238
403 254
403 263
403 281
403 297
403 308
403 309
403 322
403 366
403 382
403 401
403 437
403 461
403 490
404 1
404 9
404 16
404 23
404 45
404 66
404 97
404 152
404 217
404 250
404 281
404 313
404 358
404 465
405 39
405 40
405 60
405 69
405 143
405 151
405 171
405 175
405 184
405 218
405 238
405 273
405 296
405 304
405 404
405 414
405 436
405 451
405 463
405 486
406 66
406 118
406 178
406 187
406 203
406 233
406 290
406 296
406 304
406 305
406 327
406 338
406 354
406 380
406 496
407 30
407 63
407 64
407 66
407 157
407 170
407 199
407 216
407 230
407 282
407 293
407 324
407 328
407 364
407 399
407 453
407 491
408 6
408 36
408 43
408 79
408 96
408 106
408 146
408 155
408 213
408 227
408 261
408 293
408 321
408 406
408 495
409 1
409 4
409 22
409 25
409 38
409 86
409 111
409 192
409 194
409 220
409 222
409 225
409 260
409 282
409 302
409 352
409 364
409 428
409 456
410 0
410 13
410 38
410 44
410 66
410 110
410 137
410 153
410 173
410 178
410 230
410 240
410 258
410 295
410 315
410 317
410 324
410 333
410 357
410 408
410 440
410 450
410 455
410 481
411 7
411 44
411 110
411 125
411 131
411 184
411 194
411 230
411 244
411 285
411 306
411 325
411 358
411 387
411 399
411 405
411 415
411 427
411 434
411 481
411 489
412 20
412 53
412 86
412 90
412 106
412 136
412 149
412 177
412 229
412 237
412 241
412 247
412 248
412 288
412 303
412 327
412 332
412 426
412 438
412 441
412 445
412 476
413 37
413 75
413 86
413 107
413 113
413 116
413 139
413 157
413 163
413 168
413 171
413 179
413 192
413 231
413 236
413 259
413 262
413 266
413 283
413 284
413 293
413 316
413 361
413 363
413 368
413 379
413 380
413 411
413 421
413 436
413 440
413 455
413 478
413 489
414 18
414 77
414 124
414 127
414 146
414 151
414 193
414 195
414 203
414 246
414 285
414 355
414 379
414 399
414 409
414 410
414 440
415 67
415 70
415 152
415 183
415 191
415 199
415 202
415 206
415 238
415 290
415 384
415 386
415 408
415 414
415 488
416 8
416 35
416 49
416 72
416 138
416 149
416 174
416 208
416 220
416 234
416 255
416 258
416 269
416 286
416 290
416 333
416 341
416 349
416 365
416 369
416 435
416 455
416 457
416 473
416 475
416 476
417 95
417 116
417 126
417 158
417 167
417 177
417 184
417 187
417 193
417 210
417 252
417 271
417 304
417 323
417 406
417 422
417 462
418 57
418 84
418 87
418 124
418 130
418 141
418 164
418 176
418 231
418 244
418 249
418 273
418 357
418 371
418 424
418 450
418 466
418 476
419 8
419 9
419 62
419 95
419 104
419 106
419 128
419 168
419 171
419 175
419 217
419 229
419 237
419 299
419 327
419 368
419 412
419 424
419 430
420 13
420 78
420 96
420 100
420 103
420 112
420 118
420 131
420 147
420 169
420 204
420 209
420 226
420 239
420 283
420 291
420 394
420 461
420 482
420 494
421 33
421 71
421 94
421 188
421 194
421 197
421 198
421 205
421 222
421 297
421 300
421 306
421 352
421 370
421 373
421 375
421 409
421 471
422 18
422 87
422 92
422 185
422 202
422 213
422 216
422 251
422 254
422 292
422 295
422 318
422 331
422 366
422 394
422 444
422 462
422 472
422 477
422 478
422 494
422 499
423 104
423 140
423 167
423 266
423 271
423 391
423 427
423 444
423 466
424 17
424 30
424 67
424 69
424 79
424 88
424 101
424 121
424 157
424 160
424 175
424 224
424 248
424 263
424 280
424 313
424 315
424 338
424 421
424 466
425 12
425 18
425 112
425 197
425 235
425 295
425 302
425 309
425 312
425 411
425 427
425 446
426 26
426 34
426 69
426 77
426 103
426 161
426 169
426 192
426 222
426 246
426 251
426 277
426 340
426 343
426 376
426 377
426 391
426 393
426 397
426 408
426 424
426 462
426 469
426 492
427 2
427 18
427 32
427 104
427 105
427 126
427 130
427 144
427 170
427 174
427 218
427 237
427 242
427 274
427 277
427 282
427 301
427 314
427 329
427 353
427 365
427 460
427 461
427 478
427 480
427 481
427 496
428 4
428 24
428 29
428 32
428 64
428 77
428 81
428 215
428 251
428 252
428 277
428 283
428 329
428 336
428 342
428 348
428 356
428 403
428 420
428 424
428 432
428 452
428 478
429 118
429 128
429 153
429 166
429 187
429 203
429 252
429 262
429 263
429 316
429 322
429 344
429 381
429 399
429 400
429 407
429 459
429 478
430 50
430 55
430 57
430 88
430 103
430 146
430 150
430 177
430 180
430 215
430 267
430 297
430 305
430 332
430 346
430 391
430 447
430 471
430 482
431 8
431 59
431 60
431 63
431 85
431 90
431 123
431 125
431 165
431 207
431 324
431 334
431 365
431 367
431 368
431 378
431 499
432 34
432 46
432 67
432 79
432 111
432 141
432 144
432 157
432 167
432 194
432 234
432 252
432 264
432 274
432 289
432 298
432 309
432 312
432 317
432 373
432 403
432 409
432 411
432 422
432 424
432 428
432 439
432 442
432 476
432 482
432 489
432 496
433 31
433 39
433 116
433 132
433 192
433 196
433 209
433 224
433 226
433 272
433 273
433 301
433 304
433 318
433 333
433 359
433 363
433 373
433 379
433 397
433 417
433 420
433 443
433 466
434 42
434 75
434 155
434 166
434 198
434 208
434 263
434 287
434 307
434 338
434 393
434 399
434 442
434 446
434 493
435 32
435 67
435 104
435 134
435 168
435 180
435 219
435 279
435 286
435 322
435 365
435 397
435 416
435 433
435 443
435 472
436 58
436 68
436 94
436 132
436 139
436 142
436 144
436 154
436 164
436 205
436 206
436 212
436 217
436 271
436 279
436 280
436 328
436 354
436 365
436 383
436 429
436 431
436 439
436 469
436 492
437 3
437 9
437 19
437 139
437 142
437 168
437 193
437 254
437 276
437 297
437 360
437 374
437 404
437 409
437 425
437 439
437 465
437 474
437 478
437 479
437 492
438 59
438 105
438 125
438 143
438 151
438 161
438 177
438 187
438 189
438 239
438 285
438 296
438 317
438 333
438 342
438 399
438 403
438 420
438 455
439 86
439 120
439 129
439 134
439 141
439 150
439 170
439 200
439 233
439 242
439 262
439 290
439 308
439 318
439 369
439 375
439 399
439 442
439 481
440 29
440 43
440 57
440 116
440 139
440 185
440 197
440 287
440 309
440 335
440 343
440 372
440 373
440 393
440 413
440 426
440 455
440 496
440 498
441 7
441 17
441 32
441 89
441 118
441 125
441 128
441 134
441 161
441 194
441 230
441 240
441 277
441 292
441 313
441 336
441 361
441 404
441 465
441 471
442 52
442 58
442 118
442 123
442 148
442 165
442 188
442 218
442 369
442 375
442 384
442 439
442 491
442 497
443 0
443 3
443 50
443 67
443 79
443 95
443 132
443 150
443 173
443 201
443 313
443 384
443 408
443 455
443 460
443 480
443 490
444 18
444 30
444 93
444 97
444 123
444 140
444 149
444 162
444 166
444 176
444 191
444 209
444 221
444 234
444 245
444 271
444 284
444 340
444 460
444 492
444 498
445 3
445 7
445 20
445 42
445 46
445 56
445 67
445 101
445 114
445 145
445 153
445 171
445 201
445 214
445 244
445 249
445 261
445 283
445 288
445 376
445 427
445 430
446 54
446 131
446 133
446 186
446 198
446 204
446 234
446 249
446 251
446 258
446 263
446 265
446 288
446 418
446 430
446 490
447 31
447 45
447 51
447 79
447 157
447 187
447 240
447 260
447 356
447 372
447 413
447 432
448 2
448 16
448 82
448 152
448 166
448 204
448 208
448 262
448 369
448 377
448 383
448 416
448 444
448 460
448 464
449 50
449 62
449 66
449 126
449 133
449 185
449 239
449 254
449 261
449 262
449 263
449 310
449 312
449 316
449 325
449 340
449 347
449 361
449 385
449 407
449 443
449 489
450 10
450 60
450 90
450 101
450 130
450 163
450 165
450 227
450 242
450 255
450 261
450 278
450 314
450 332
450 365
450 373
450 396
450 421
450 452
450 476
450 477
450 488
451 67
451 68
451 73
451 86
451 126
451 139
451 162
451 166
451 179
451 182
451 228
451 239
451 242
451 258
451 279
451 319
451 341
451 355
451 372
451 412
451 421
451 449
451 462
451 463
451 478
452 3
452 31
452 33
452 51
452 60
452 62
452 71
452 141
452 184
452 231
452 288
452 295
452 305
452 317
452 343
452 350
452 356
452 441
452 445
452 476
452 481
453 28
453 38
453 42
453 44
453 98
453 124
453 136
453 157
453 256
453 279
453 293
453 294
453 323
453 329
453 418
453 424
453 436
453 476
453 479
453 481
453 499
454 6
454 28
454 38
454 43
454 57
454 68
454 75
454 145
454 150
454 152
454 154
454 295
454 304
454 318
454 324
454 366
454 386
454 411
454 415
454 468
454 481
454 496
455 59
455 94
455 178
455 183
455 185
455 197
455 212
455 271
455 290
455 312
455 313
455 335
455 359
455 380
455 383
455 417
455 444
456 4
456 23
456 36
456 68
456 142
456 152
456 183
456 185
456 191
456 228
456 229
456 246
456 266
456 289
456 311
456 315
456 333
456 347
456 369
456 394
456 396
457 36
457 51
457 69
457 106
457 121
457 129
457 140
457 149
457 180
457 198
457 245
457 268
457 304
457 307
457 328
457 343
457 362
457 379
457 380
457 388
457 430
457 445
457 478
458 6
458 9
458 57
458 69
458 87
458 117
458 139
458 146
458 163
458 176
458 296
458 302
458 390
458 457
458 475
458 492
459 7
459 60
459 61
459 62
459 130
459 163
459 214
459 226
459 254
459 282
459 294
459 321
459 326
459 329
459 338
459 359
459 373
459 378
459 418
459 466
459 474
460 16
460 47
460 219
460 241
460 250
460 254
460 294
460 295
460 299
460 316
460 355
460 358
460 372
460 391
460 414
460 432
460 449
461 32
461 37
461 43
461 55
461 75
461 147
461 165
461 186
461 214
461 226
461 244
461 265
461 300
461 343
461 371
461 387
461 390
461 408
461 414
461 432
461 433
461 466
461 471
462 26
462 44
462 52
462 55
462 86
462 107
462 137
462 150
462 196
462 197
462 201
462 232
462 295
462 341
462 372
462 412
462 422
462 463
462 481
463 13
463 16
463 95
463 99
463 119
463 130
463 134
463 164
463 170
463 193
463 218
463 232
463 233
463 234
463 240
463 242
463 273
463 275
463 280
463 305
463 334
463 340
463 347
463 349
463 366
463 373
463 400
463 432
463 453
463 479
464 22
464 45
464 81
464 82
464 86
464 101
464 125
464 127
464 179
464 190
464 241
464 275
464 279
464 295
464 314
464 337
464 356
464 399
464 401
464 426
464 473
465 4
465 43
465 45
465 87
465 90
465 96
465 106
465 155
465 181
465 211
465 212
465 231
465 237
465 247
465 266
465 278
465 303
465 309
465 316
465 335
465 418
465 438
465 460
465 472
466 78
466 88
466 111
466 123
466 141
466 159
466 168
466 198
466 215
466 248
466 254
466 258
466 304
466 342
466 353
466 368
466 399
466 424
466 446
466 457
467 6
467 26
467 80
467 105
467 134
467 215
467 284
467 300
467 318
467 331
467 374
467 382
467 424
467 445
467 455
467 456
467 469
467 476
468 8
468 19
468 70
468 84
468 123
468 125
468 128
468 149
468 159
468 229
468 320
468 344
468 345
468 389
468 428
468 457
468 477
468 482
468 493
469 0
469 18
469 50
469 102
469 179
469 189
469 192
469 227
469 245
469 254
469 257
469 269
469 291
469 322
469 395
469 409
469 416
469 423
469 459
470 6
470 49
470 126
470 130
470 136
470 144
470 187
470 190
470 200
470 234
470 265
470 282
470 376
470 430
470 450
470 454
470 460
471 11
471 16
471 47
471 48
471 60
471 69
471 135
471 141
471 146
471 157
471 161
471 176
471 178
471 182
471 186
471 204
471 206
471 209
471 268
471 339
471 346
471 368
471 384
471 396
471 417
471 428
471 431
472 79
472 117
472 125
472 139
472 145
472 149
472 169
472 191
472 199
472 207
472 212
472 220
472 286
472 321
472 334
472 357
472 358
472 376
472 379
472 392
472 393
472 410
472 435
472 448
472 464
472 482
473 40
473 61
473 69
473 123
473 124
473 214
473 242
473 283
473 289
473 303
473 309
473 357
473 364
473 383
473 414
473 461
474 22
474 75
474 78
474 159
474 161
474 174
474 184
474 210
474 246
474 253
474 266
474 274
474 285
474 286
474 326
474 335
474 338
474 378
474 384
474 395
474 396
474 409
474 493
475 8
475 26
475 29
475 59
475 106
475 120
475 149
475 165
475 173
475 183
475 189
475 198
475 253
475 255
475 313
475 342
475 372
475 417
475 420
475 442
475 444
475 445
475 454
475 464
475 485
476 62
476 63
476 67
476 125
476 129
476 157
476 251
476 253
476 270
476 271
476 276
476 293
476 300
476 339
476 363
476 398
476 428
476 432
477 17
477 48
477 77
477 94
477 179
477 259
477 261
477 348
477 390
477 399
477 417
477 422
477 452
477 463
478 18
478 27
478 37
478 38
478 61
478 71
478 113
478 170
478 185
478 188
478 213
478 227
478 230
478 267
478 286
478 309
478 327
478 347
478 349
478 377
478 458
478 469
479 26
479 37
479 83
479 103
479 162
479 166
479 182
479 213
479 224
479 227
479 229
479 282
479 286
479 303
479 312
479 319
479 325
479 332
479 341
479 348
479 427
479 436
479 447
479 471
480 41
480 89
480 100
480 162
480 163
480 176
480 181
480 228
480 258
480 289
480 293
480 306
480 313
480 332
480 335
480 347
480 385
480 446
481 2
481 5
481 15
481 94
481 125
481 135
481 192
481 272
481 304
481 321
481 324
481 326
481 327
481 344
481 413
481 448
481 476
481 489
482 20
482 46
482 71
482 96
482 116
482 141
482 168
482 186
482 231
482 236
482 237
482 248
482 250
482 268
482 277
482 298
482 323
482 353
482 397
482 447
482 448
482 470
483 5
483 33
483 56
483 83
483 122
483 172
483 195
483 207
483 260
483 303
483 305
483 313
483 349
483 384
483 410
483 452
483 454
483 495
484 9
484 10
484 11
484 15
484 121
484 178
484 202
484 289
484 472
484 483
484 489
484 490
485 20
485 23
485 39
485 50
485 82
485 109
485 113
485 156
485 161
485 200
485 218
485 243
485 268
485 285
485 302
485 333
485 341
485 359
485 366
485 369
485 370
485 399
485 410
485 417
485 444
485 446
485 456
485 457
485 458
486 31
486 34
486 100
486 112
486 125
486 126
486 134
486 151
486 169
486 178
486 187
486 237
486 280
486 313
486 319
486 332
486 352
486 397
486 450
486 464
487 0
487 15
487 24
487 26
487 84
487 115
487 178
487 180
487 185
487 209
487 300
487 316
487 327
487 334
487 350
487 371
487 373
487 400
487 407
487 425
487 426
487 479
487 493
488 29
488 31
488 34
488 48
488 144
488 157
488 160
488 166
488 169
488 215
488 222
488 249
488 258
488 259
488 260
488 274
488 316
488 340
488 352
488 358
488 360
488 431
488 443
488 448
488 451
489 2
489 28
489 51
489 56
489 64
489 121
489 137
489 194
489 207
489 214
489 255
489 259
489 269
489 303
489 312
489 326
489 342
489 343
489 350
489 363
489 491
490 16
490 27
490 95
490 115
490 139
490 162
490 204
490 218
490 219
490 252
490 255
490 284
490 296
490 299
490 325
490 359
490 362
490 366
490 384
490 385
490 393
490 407
490 435
490 456
490 489
491 0
491 33
491 49
491 60
491 104
491 162
491 169
491 221
491 266
491 270
491 271
491 272
491 276
491 279
491 282
491 327
491 356
491 431
491 487
492 20
492 33
492 39
492 105
492 112
492 133
492 148
492 207
492 214
492 238
492 242
492 252
492 266
492 271
492 272
492 310
492 346
492 371
492 385
492 420
492 424
493 16
493 23
493 50
493 57
493 83
493 136
493 139
493 156
493 222
493 234
493 278
493 299
493 300
493 338
493 355
493 358
493 431
493 449
493 469
493 471
494 16
494 23
494 46
494 62
494 97
494 188
494 234
494 264
494 316
494 380
494 391
494 441
494 446
494 481
495 34
495 40
495 45
495 51
495 64
495 126
495 136
495 159
495 164
495 204
495 301
495 320
495 341
495 393
495 452
495 475
495 476
496 10
496 30
496 32
496 38
496 77
496 111
496 132
496 164
496 247
496 255
496 272
496 291
496 303
496 395
496 397
496 432
496 434
496 448
496 481
496 490
497 39
497 88
497 97
497 144
497 158
497 217
497 222
497 291
497 396
497 414
497 415
497 463
498 45
498 74
498 99
498 111
498 143
498 148
498 196
498 200
498 235
498 237
498 242
498 289
498 303
498 304
498 322
498 330
498 408
498 448
498 470
498 480
498 499
499 69
499 106
499 128
499 146
499 152
499 160
499 163
499 165
499 186
499 206
499 240
499 258
499 322
499 323
499 329
499 407
499 438
499 469
499 480
499 498
