500 1500
0 50
0 54
0 348
1 23
1 44
2 297
2 433
3 117
3 467
4 68
4 97
4 221
4 333
5 205
5 218
5 438
6 85
6 225
7 85
7 208
7 417
8 116
8 177
9 115
9 241
9 430
10 28
10 226
10 351
10 451
11 18
11 107
11 122
11 124
11 150
11 259
11 319
11 458
11 499
12 304
12 326
13 184
13 474
14 102
14 151
14 277
14 363
15 145
16 60
16 145
16 202
16 270
16 388
16 406
16 410
17 121
17 368
17 385
18 80
18 91
18 109
18 137
19 94
19 159
19 465
20 39
20 272
21 19
21 98
21 118
21 188
21 290
21 450
23 15
23 154
23 380
24 85
24 91
26 199
26 425
27 412
28 296
28 347
28 407
28 423
29 194
29 222
29 399
29 454
30 191
30 255
30 352
30 359
31 109
31 411
32 116
32 141
32 362
33 220
34 468
34 469
35 14
35 62
35 180
35 218
36 24
36 94
36 329
36 389
36 421
37 186
38 117
38 291
38 313
38 454
39 335
39 342
39 445
39 485
40 58
41 104
41 254
42 286
42 335
43 28
43 66
43 82
44 92
44 193
44 230
44 382
45 104
45 112
45 122
45 230
45 310
45 372
45 407
46 122
46 214
46 431
47 219
47 250
48 215
48 218
48 317
48 376
49 227
49 284
49 375
49 389
49 400
49 436
50 75
50 273
50 337
50 491
51 478
52 113
52 262
52 380
52 390
53 17
54 149
54 230
54 493
55 87
55 101
55 235
55 439
56 367
56 382
56 459
56 483
57 353
58 29
58 374
60 162
60 317
60 374
60 462
60 499
61 32
61 78
61 147
61 286
61 463
62 304
62 352
62 464
63 135
63 149
63 165
63 227
63 244
63 330
63 342
63 391
64 257
64 317
64 457
65 20
65 344
66 332
67 45
67 180
67 423
68 38
68 194
68 238
69 100
69 117
70 176
71 258
71 484
73 78
73 405
74 71
74 204
74 227
75 129
75 230
76 240
76 329
77 44
77 69
77 282
77 434
77 459
77 466
78 96
78 153
78 167
78 334
79 140
79 143
79 152
79 389
79 438
79 482
80 84
80 101
80 119
80 475
80 481
81 51
81 109
81 141
82 197
82 271
82 303
82 345
82 422
83 11
83 246
84 19
84 341
84 342
84 462
85 52
86 101
86 320
86 433
87 141
87 241
87 488
88 82
88 422
89 15
89 67
89 223
89 243
89 367
90 204
90 421
91 67
91 422
92 300
92 473
93 71
94 201
94 380
95 194
95 207
95 286
95 375
95 400
95 421
96 7
96 338
96 373
96 471
97 140
97 300
98 33
98 58
98 304
98 305
98 498
99 92
99 134
99 249
100 64
100 140
100 353
100 445
101 408
102 47
103 8
103 133
103 277
103 432
104 33
104 54
104 196
104 274
105 109
105 490
106 293
107 86
107 335
107 429
108 10
108 494
109 193
109 495
110 157
110 262
110 457
111 12
111 270
111 445
112 144
112 176
112 232
113 434
114 87
114 411
114 482
116 26
116 403
117 127
117 194
117 306
118 27
118 231
118 316
119 28
119 94
119 145
120 228
120 302
120 395
121 156
121 273
121 414
121 499
122 323
122 411
123 67
123 78
123 161
123 204
123 284
123 306
123 436
124 60
124 87
124 277
124 476
125 12
125 53
125 106
125 258
125 295
126 18
126 56
126 280
126 371
127 62
127 126
127 451
127 467
127 496
128 8
128 82
128 151
129 311
130 307
130 332
130 471
130 487
131 50
131 357
132 363
132 458
133 395
134 116
134 180
135 367
136 13
136 164
136 191
136 203
137 29
137 136
137 288
138 148
138 189
138 230
138 231
138 381
138 437
139 150
139 304
139 356
139 387
140 163
140 284
141 253
141 416
141 429
141 478
142 49
142 66
142 168
142 286
142 345
142 376
142 440
143 172
143 313
143 421
144 59
144 295
144 434
145 48
145 203
145 365
146 26
146 34
146 157
146 363
147 77
147 236
147 246
147 470
147 471
148 106
148 174
148 204
148 306
148 327
150 151
150 428
150 497
151 3
151 116
151 194
151 204
151 374
151 390
151 472
152 140
152 403
152 493
153 29
153 239
154 345
154 438
155 31
155 274
155 326
155 483
156 48
156 241
157 425
158 33
158 167
158 290
159 86
159 467
160 280
161 82
162 197
162 222
162 462
163 105
163 280
164 86
164 342
165 372
166 486
167 33
167 66
167 79
167 341
167 397
168 300
168 327
168 372
168 386
169 5
171 16
171 79
171 328
171 462
172 236
172 275
172 450
173 105
173 148
173 186
173 495
173 499
174 45
174 297
174 302
174 417
174 495
175 158
175 169
175 303
175 450
175 455
176 311
176 317
176 438
176 470
177 44
177 195
177 331
177 462
178 4
178 141
178 283
178 337
178 406
178 443
180 272
180 353
180 371
180 426
181 84
182 66
182 124
182 212
182 333
184 143
184 164
184 239
184 254
184 444
185 153
185 243
185 367
185 382
185 396
186 174
186 370
186 413
186 445
187 191
187 209
187 224
187 279
187 392
187 409
188 328
188 469
189 99
189 207
189 229
190 151
190 171
190 244
190 328
190 416
190 477
191 144
191 213
191 263
191 404
191 479
192 4
192 57
192 173
192 485
192 486
193 134
193 195
193 269
193 322
193 349
193 409
193 427
193 442
193 465
193 487
194 485
196 218
196 356
197 16
197 112
197 153
198 77
198 144
198 320
198 355
199 317
199 338
199 456
200 79
201 99
201 197
201 200
201 417
201 440
202 52
202 114
202 256
202 417
203 90
203 205
203 469
204 28
204 149
204 277
204 408
205 221
205 326
206 185
206 219
206 224
206 335
207 50
207 225
207 257
207 444
207 447
208 200
208 454
209 90
210 56
210 132
211 234
211 236
211 263
212 195
213 65
213 138
213 328
214 48
214 99
214 439
215 439
216 174
216 281
216 433
219 57
220 254
220 349
221 140
222 117
222 265
223 35
223 186
223 189
223 276
223 369
223 460
224 128
224 142
225 15
225 133
225 293
225 365
226 75
226 77
226 89
226 434
227 179
227 381
227 458
228 110
229 73
229 244
229 391
230 296
231 145
231 341
232 85
232 388
233 218
233 270
233 434
234 103
234 320
234 360
234 422
234 472
235 14
235 142
235 208
235 439
236 18
236 62
236 397
237 200
237 322
237 480
238 363
238 430
239 219
239 390
240 312
240 329
240 360
241 299
241 419
241 422
241 496
242 52
242 368
243 282
244 66
244 90
244 198
244 268
244 441
244 489
245 451
246 357
246 492
247 389
248 127
248 168
249 255
249 268
249 347
249 435
250 40
250 119
251 143
252 99
252 301
252 429
253 228
253 324
253 414
254 252
254 354
254 430
254 444
254 449
255 199
255 328
256 22
256 296
257 290
257 296
258 6
258 128
258 434
259 40
259 131
259 205
259 281
259 332
260 108
260 392
260 402
261 130
261 257
261 373
261 384
262 154
262 185
262 477
263 21
263 174
263 302
263 413
264 30
264 95
265 146
265 241
265 377
265 391
266 80
266 132
266 216
266 287
267 94
267 102
267 312
267 469
267 499
268 51
268 131
268 240
268 481
269 159
269 180
269 494
270 44
270 93
270 116
270 304
270 332
270 495
271 259
271 305
271 445
272 189
272 320
273 68
273 194
273 404
273 439
274 284
274 292
274 360
274 387
274 434
275 175
275 408
275 473
275 498
276 378
277 37
278 4
278 43
278 105
278 404
279 24
279 34
279 44
279 78
279 157
280 465
281 75
281 221
283 0
283 11
283 233
284 309
284 391
284 471
285 144
285 156
286 13
286 38
286 39
286 266
286 314
287 234
287 282
287 300
287 399
288 139
288 336
288 418
289 147
289 166
289 333
289 455
289 472
290 101
290 171
290 362
291 116
291 121
291 176
291 316
291 399
292 424
293 86
293 326
293 430
293 460
294 44
294 59
294 159
294 253
294 440
295 281
295 426
296 201
296 250
297 354
297 480
298 118
298 370
298 469
298 475
298 476
299 3
299 177
300 284
300 319
301 21
301 131
302 417
303 170
303 345
303 486
304 352
305 115
305 167
305 196
305 242
306 57
306 234
307 26
307 111
307 112
307 179
307 246
307 401
307 473
308 213
309 23
309 44
309 83
309 464
310 295
310 435
312 52
312 130
312 255
312 371
313 11
313 76
313 416
313 455
314 78
314 341
314 342
314 466
315 208
315 216
316 85
317 29
317 88
317 167
318 77
318 254
318 450
319 8
319 82
319 213
319 290
319 386
320 109
320 166
320 370
321 82
322 47
322 116
322 156
322 373
323 170
323 211
323 247
323 296
324 123
324 333
324 382
325 10
325 270
325 357
327 129
327 165
327 247
328 62
328 413
329 44
330 135
330 155
330 465
331 57
331 412
332 13
332 194
333 285
333 405
333 493
334 86
334 128
334 143
335 317
336 263
336 270
337 454
338 125
340 3
340 44
340 186
340 288
341 155
341 168
341 172
341 464
342 12
342 382
342 482
343 6
343 14
343 153
343 164
343 210
343 329
344 100
344 115
344 154
344 263
344 329
345 73
347 86
347 457
348 82
348 213
350 115
351 212
351 352
351 444
352 76
352 121
354 44
354 87
354 227
354 347
356 93
356 227
356 302
356 424
357 104
357 117
357 153
357 287
357 291
358 77
359 155
359 255
359 293
359 365
360 97
360 243
360 325
360 413
360 435
362 484
363 45
363 115
363 154
363 463
363 464
363 472
364 176
364 260
364 388
364 408
365 151
365 224
365 338
365 472
366 16
366 346
366 447
366 469
367 22
367 191
368 54
368 218
369 93
369 321
369 355
370 96
370 104
370 110
370 117
370 175
370 210
370 307
370 416
370 483
371 138
372 84
372 108
372 239
372 382
372 435
373 159
373 266
373 483
374 33
374 55
374 316
375 12
375 227
376 179
376 183
376 315
377 41
378 71
378 284
378 497
379 126
380 224
380 295
380 499
381 186
381 207
382 18
382 262
382 447
384 45
384 56
384 144
384 151
384 152
384 176
384 264
384 333
384 352
384 354
384 383
385 159
385 230
385 459
386 19
387 18
387 213
387 450
387 487
388 296
388 486
389 20
389 351
389 459
389 498
390 191
390 262
390 274
390 276
390 362
390 411
390 481
391 165
392 72
392 347
393 111
393 349
393 359
394 148
394 356
394 397
394 432
394 467
395 257
395 478
396 64
396 325
396 419
397 129
397 267
397 321
397 463
398 137
398 191
398 197
398 229
398 269
398 279
398 316
399 168
399 222
399 374
399 397
400 28
400 40
400 164
400 387
401 89
401 266
401 349
401 459
402 28
403 11
403 129
403 188
403 395
403 423
404 184
404 300
405 35
405 115
405 293
406 281
406 361
406 389
406 415
407 2
407 113
407 371
408 297
408 363
408 453
408 473
409 155
409 185
409 262
409 316
409 374
409 375
409 410
410 224
410 495
411 467
412 118
412 301
412 408
412 495
413 218
413 267
413 416
413 464
414 60
414 360
414 419
415 62
415 73
415 214
415 343
415 411
415 423
416 34
416 294
416 306
417 60
417 80
417 97
417 214
417 288
418 11
419 227
419 240
419 282
419 377
419 443
420 162
420 431
421 35
421 308
421 383
422 97
422 214
422 403
423 177
423 249
423 253
423 361
423 425
424 53
424 135
424 167
424 225
424 255
426 46
426 331
427 137
427 151
427 172
427 188
427 229
427 345
428 78
428 456
428 457
429 115
429 147
429 210
429 227
430 76
430 135
430 156
430 391
431 317
432 160
432 429
433 67
433 105
433 389
434 69
434 96
434 258
434 340
434 386
435 16
435 27
435 173
435 405
436 443
437 18
437 123
437 168
437 184
437 276
437 394
437 423
438 36
439 45
439 186
439 270
439 362
439 456
440 1
440 103
440 118
440 355
440 493
441 118
441 354
442 303
442 332
442 448
443 133
444 0
444 338
444 474
444 495
445 366
445 441
446 19
446 244
446 461
448 216
448 331
449 55
449 75
449 208
449 231
449 257
449 328
449 369
449 412
450 303
450 319
450 329
450 351
450 399
450 430
451 74
451 443
452 164
452 188
453 98
453 138
453 198
454 60
454 151
454 271
454 327
455 53
455 321
455 413
456 29
456 262
457 115
457 262
457 478
458 168
458 300
458 402
459 37
459 63
459 111
459 117
459 242
459 267
459 324
459 371
459 442
459 448
460 27
460 35
460 323
460 362
461 43
461 114
461 344
461 373
462 302
462 490
463 201
463 442
464 269
464 416
465 443
465 456
466 61
466 184
467 382
468 189
468 235
469 65
469 126
469 139
469 169
469 226
469 468
470 18
470 38
470 383
471 374
471 440
472 281
473 18
473 164
473 495
474 463
475 135
475 230
475 336
475 491
476 268
477 18
477 374
477 379
478 297
479 61
479 80
480 202
480 282
480 348
480 357
480 465
481 197
482 60
482 76
482 382
482 449
483 32
483 43
483 255
483 498
484 9
484 27
484 48
484 305
484 395
485 67
485 86
485 205
485 313
486 57
487 183
487 477
488 76
488 166
488 235
488 295
488 302
488 364
488 423
489 133
489 480
490 99
491 76
491 120
491 147
491 457
491 458
491 464
491 481
493 169
493 177
493 280
493 325
494 130
494 365
494 369
494 471
495 478
496 67
496 91
496 94
496 223
496 331
496 356
496 418
497 49
497 107
497 442
497 474
499 120
499 232
499 356
499 485
