484 4840
0 432
0 23
0 423
0 473
0 64
0 407
0 26
0 467
0 86
0 438
1 457
1 47
1 425
1 433
1 44
1 87
1 24
1 443
1 460
1 90
2 444
2 445
2 90
2 449
2 476
2 483
2 46
2 451
2 47
2 466
3 90
3 472
3 473
3 69
3 7
3 482
3 20
3 71
3 47
3 70
4 26
4 91
4 0
4 7
4 70
4 5
4 45
4 27
4 69
4 9
5 10
5 92
5 1
5 49
5 6
5 46
5 93
5 2
5 28
5 29
6 32
6 31
6 116
6 71
6 95
6 93
6 26
6 28
6 7
6 52
7 9
7 29
7 48
7 74
7 26
7 31
7 75
7 33
7 50
7 54
8 72
8 49
8 11
8 5
8 7
8 75
8 10
8 31
8 118
8 32
9 14
9 56
9 98
9 11
9 31
9 73
9 96
9 119
9 7
9 50
10 53
10 11
10 97
10 32
10 13
10 7
10 5
10 28
10 78
10 12
11 78
11 58
11 34
11 6
11 10
11 15
11 99
11 55
11 16
11 52
12 58
12 34
12 9
12 54
12 15
12 36
12 38
12 17
12 53
12 35
13 17
13 10
13 54
13 32
13 35
13 31
13 78
13 60
13 34
13 100
14 35
14 61
14 58
14 11
14 56
14 17
14 36
14 60
14 78
14 103
15 12
15 16
15 10
15 82
15 57
15 60
15 83
15 58
15 103
15 13
16 60
16 84
16 40
16 15
16 11
16 62
16 80
16 13
16 37
16 63
17 64
17 127
17 63
17 85
17 12
17 36
17 58
17 84
17 81
17 14
18 105
18 106
18 63
18 82
18 60
18 40
18 37
18 43
18 13
18 61
19 466
19 471
19 465
19 14
19 84
19 474
19 18
19 16
19 38
19 21
20 482
20 477
20 23
20 464
20 444
20 40
20 448
20 475
20 452
20 108
21 469
21 64
21 476
21 18
21 473
21 424
21 17
21 109
21 440
21 24
22 437
22 450
22 433
22 457
22 458
22 2
22 435
22 414
22 441
22 68
23 430
23 431
23 407
23 427
23 25
23 426
23 396
23 43
23 91
23 405
24 43
24 439
24 113
24 451
24 441
24 427
24 112
24 445
24 466
24 48
25 42
25 23
25 448
25 446
25 481
25 464
25 68
25 5
25 92
25 467
26 48
26 43
26 483
26 473
26 0
26 475
26 47
26 23
26 115
26 136
27 68
27 52
27 7
27 49
27 9
27 32
27 70
27 4
27 47
27 45
28 92
28 24
28 94
28 9
28 5
28 46
28 52
28 95
28 27
28 32
29 48
29 10
29 24
29 116
29 50
29 75
29 70
29 93
29 94
29 3
30 71
30 50
30 29
30 32
30 34
30 96
30 72
30 27
30 54
30 35
31 9
31 72
31 76
31 11
31 50
31 118
31 99
31 5
31 57
31 97
32 51
32 120
32 76
32 100
32 96
32 6
32 7
32 29
32 34
32 119
33 99
33 35
33 122
33 36
33 120
33 14
33 53
33 29
33 80
33 101
34 37
34 32
34 144
34 122
34 75
34 81
34 8
34 15
34 9
34 30
35 60
35 80
35 38
35 40
35 77
35 54
35 78
35 57
35 102
35 13
36 32
36 41
36 34
36 62
36 79
36 100
36 17
36 146
36 33
36 38
37 16
37 80
37 78
37 126
37 19
37 81
37 103
37 82
37 61
37 15
38 83
38 16
38 12
38 64
38 102
38 19
38 62
38 59
38 125
38 61
39 60
39 149
39 127
39 22
39 62
39 34
39 14
39 17
39 104
39 103
40 463
40 105
40 481
40 61
40 38
40 467
40 479
40 41
40 128
40 473
41 452
41 18
41 45
41 39
41 38
41 43
41 454
41 21
41 461
41 59
42 130
42 476
42 475
42 66
42 152
42 46
42 446
42 429
42 443
42 474
43 407
43 86
43 68
43 26
43 479
43 434
43 444
43 63
43 428
43 446
44 153
44 452
44 133
44 132
44 448
44 443
44 66
44 423
44 63
44 437
45 436
45 466
45 446
45 67
45 457
45 427
45 453
45 444
45 478
45 42
46 475
46 474
46 114
46 481
46 473
46 44
46 86
46 4
46 463
46 459
47 27
47 477
47 73
47 135
47 113
47 49
47 462
47 482
47 111
47 51
48 72
48 68
48 115
48 70
48 46
48 4
48 51
48 89
48 69
48 73
49 24
49 95
49 50
49 26
49 45
49 68
49 72
49 46
49 75
49 4
50 53
50 47
50 3
50 31
50 72
50 6
50 32
50 117
50 160
50 94
51 4
51 140
51 92
51 47
51 139
51 94
51 119
51 46
51 74
51 30
52 30
52 53
52 47
52 70
52 48
52 7
52 78
52 118
52 93
52 94
53 78
53 33
53 121
53 73
53 57
53 77
53 98
53 52
53 120
53 50
54 73
54 49
54 51
54 56
54 143
54 8
54 164
54 97
54 74
54 122
55 37
55 73
55 77
55 81
55 99
55 59
55 143
55 29
55 10
55 31
56 76
56 15
56 61
56 81
56 77
56 166
56 144
56 60
56 55
56 97
57 76
57 36
57 12
57 34
57 33
57 79
57 61
57 75
57 52
57 101
58 59
58 39
58 36
58 78
58 16
58 147
58 123
58 102
58 84
58 53
59 34
59 80
59 81
59 54
59 37
59 127
59 146
59 123
59 63
59 12
60 64
60 101
60 17
60 34
60 106
60 59
60 85
60 19
60 39
60 102
61 20
61 40
61 65
61 38
61 41
61 62
61 126
61 82
61 105
61 127
62 106
62 150
62 37
62 63
62 85
62 39
62 36
62 66
62 40
62 58
63 129
63 41
63 107
63 109
63 479
63 38
63 87
63 67
63 58
63 482
64 1
64 451
64 89
64 129
64 478
64 473
64 17
64 24
64 20
64 46
65 24
65 475
65 42
65 60
65 435
65 48
65 63
65 175
65 427
65 429
66 435
66 425
66 446
66 90
66 418
66 111
66 478
66 477
66 25
66 41
67 471
67 472
67 443
67 92
67 22
67 469
67 465
67 2
67 442
67 461
68 92
68 482
68 3
68 466
68 474
68 133
68 468
68 69
68 110
68 108
69 46
69 135
69 91
69 27
69 86
69 115
69 45
69 23
69 44
69 28
70 6
70 136
70 113
70 4
70 114
70 2
70 137
70 23
70 24
70 90
71 26
71 68
71 76
71 30
71 93
71 117
71 28
71 115
71 53
71 158
72 74
72 25
72 182
72 93
72 6
72 119
72 54
72 5
72 140
72 160
73 140
73 71
73 32
73 161
73 29
73 74
73 137
73 6
73 31
73 162
74 161
74 72
74 51
74 95
74 71
74 53
74 116
74 52
74 56
74 77
75 54
75 57
75 116
75 94
75 72
75 96
75 100
75 53
75 95
75 11
76 117
76 120
76 51
76 30
76 118
76 75
76 96
76 95
76 102
76 73
77 54
77 97
77 141
77 35
77 9
77 56
77 119
77 98
77 36
77 82
78 125
78 59
78 52
78 146
78 34
78 74
78 120
78 124
78 55
78 103
79 147
79 53
79 77
79 166
79 103
79 102
79 35
79 80
79 100
79 105
80 104
80 54
80 16
80 123
80 37
80 59
80 100
80 127
80 168
80 125
81 62
81 85
81 34
81 55
81 170
81 77
81 100
81 35
81 125
81 126
82 63
82 36
82 83
82 86
82 128
82 100
82 149
82 64
82 146
82 17
83 38
83 148
83 129
83 16
83 18
83 105
83 82
83 126
83 130
83 86
84 148
84 150
84 152
84 106
84 79
84 81
84 64
84 87
84 83
84 65
85 66
85 18
85 62
85 195
85 65
85 103
85 84
85 68
85 40
85 17
86 465
86 44
86 60
86 109
86 470
86 69
86 175
86 468
86 20
86 153
87 107
87 0
87 481
87 44
87 476
87 151
87 479
87 47
87 463
87 68
88 87
88 473
88 46
88 481
88 65
88 1
88 177
88 458
88 105
88 467
89 114
89 46
89 110
89 112
89 471
89 130
89 478
89 71
89 69
89 470
90 86
90 115
90 3
90 69
90 131
90 91
90 65
90 116
90 130
90 137
91 27
91 179
91 133
91 159
91 156
91 157
91 158
91 116
91 68
91 3
92 156
92 112
92 90
92 109
92 136
92 73
92 71
92 3
92 47
92 93
93 6
93 180
93 89
93 88
93 136
93 75
93 137
93 181
93 73
93 139
94 30
94 158
94 91
94 48
94 116
94 7
94 26
94 136
94 140
94 73
95 142
95 99
95 138
95 116
95 91
95 160
95 183
95 94
95 163
95 159
96 139
96 72
96 95
96 70
96 117
96 7
96 118
96 51
96 100
96 141
97 165
97 29
97 92
97 33
97 164
97 142
97 73
97 95
97 71
97 121
98 33
98 80
98 95
98 10
98 185
98 99
98 117
98 76
98 144
98 166
99 10
99 94
99 11
99 97
99 74
99 35
99 78
99 104
99 55
99 73
100 124
100 144
100 188
100 34
100 123
100 35
100 59
100 77
100 118
100 166
101 34
101 105
101 189
101 190
101 122
101 76
101 146
101 126
101 12
101 106
102 168
102 80
102 121
102 82
102 37
102 36
102 105
102 15
102 147
102 120
103 38
103 107
103 147
103 167
103 102
103 169
103 128
103 61
103 37
103 83
104 123
104 82
104 40
104 128
104 63
104 193
104 192
104 130
104 38
104 146
105 130
105 127
105 192
105 148
105 38
105 147
105 63
105 59
105 169
105 124
106 130
106 173
106 19
106 84
106 149
106 152
106 81
106 60
106 110
106 41
107 104
107 20
107 127
107 171
107 106
107 105
107 126
107 67
107 102
107 110
108 130
108 89
108 153
108 45
108 107
108 83
108 90
108 154
108 104
108 173
109 175
109 470
109 128
109 92
109 89
109 469
109 41
109 44
109 468
109 467
110 157
110 474
110 45
110 67
110 151
110 220
110 89
110 199
110 129
110 111
111 179
111 70
111 109
111 112
111 22
111 155
111 177
111 24
111 128
111 108
112 114
112 201
112 136
112 44
112 92
112 88
112 130
112 111
112 113
112 158
113 157
113 158
113 67
113 139
113 91
113 177
113 25
113 49
113 111
113 154
114 155
114 136
114 113
114 201
114 71
114 180
114 46
114 49
114 137
114 26
115 134
115 160
115 135
115 119
115 133
115 92
115 50
115 180
115 73
115 225
116 75
116 184
116 181
116 117
116 158
116 69
116 96
116 73
116 74
116 205
117 49
117 95
117 98
117 162
117 227
117 205
117 118
117 71
117 158
117 141
118 50
118 120
118 163
118 160
118 100
118 164
118 99
118 77
118 8
118 228
119 145
119 75
119 77
119 95
119 206
119 142
119 165
119 51
119 72
119 9
120 146
120 33
120 74
120 77
120 31
120 145
120 55
120 208
120 73
120 122
121 53
121 123
121 103
121 188
121 124
121 142
121 75
121 139
121 145
121 187
122 76
122 78
122 12
122 123
122 190
122 57
122 148
122 189
122 163
122 141
123 103
123 125
123 165
123 13
123 144
123 190
123 148
123 147
123 81
123 168
124 144
124 102
124 78
124 211
124 149
124 143
124 142
124 192
124 103
124 60
125 100
125 128
125 36
125 120
125 151
125 57
125 99
125 15
125 80
125 127
126 236
126 122
126 193
126 123
126 105
126 37
126 173
126 101
126 127
126 213
127 214
127 216
127 151
127 123
127 102
127 129
127 146
127 82
127 153
127 59
128 86
128 132
128 170
128 88
128 151
128 64
128 152
128 238
128 173
128 40
129 64
129 151
129 175
129 86
129 19
129 110
129 126
129 83
129 239
129 147
130 174
130 151
130 62
130 65
130 240
130 196
130 126
130 155
130 194
130 64
131 219
131 43
131 110
131 134
131 114
131 177
131 156
131 153
131 113
131 196
132 179
132 173
132 200
132 86
132 219
132 45
132 67
132 177
132 158
132 150
133 176
133 152
133 112
133 131
133 137
133 46
133 243
133 159
133 197
133 201
134 135
134 110
134 131
134 69
134 109
134 111
134 179
134 132
134 153
134 115
135 113
135 157
135 25
135 140
135 161
135 202
135 153
135 155
135 203
135 114
136 223
136 159
136 89
136 177
136 246
136 49
136 118
136 92
136 91
136 153
137 182
137 179
137 50
137 180
137 93
137 73
137 224
137 142
137 204
137 226
138 28
138 159
138 133
138 204
138 162
138 226
138 185
138 225
138 51
138 134
139 135
139 115
139 162
139 206
139 160
139 164
139 117
139 228
139 182
139 165
140 96
140 30
140 122
140 93
140 164
140 207
140 161
140 137
140 116
140 165
141 165
141 159
141 100
141 115
141 209
141 116
141 94
141 142
141 183
141 208
142 75
142 32
142 140
142 116
142 230
142 99
142 139
142 252
142 145
142 100
143 162
143 169
143 77
143 78
143 209
143 165
143 210
143 123
143 164
143 208
144 185
144 100
144 254
144 77
144 126
144 162
144 125
144 98
144 147
144 101
145 209
145 126
145 190
145 234
145 35
145 80
145 167
145 171
145 213
145 187
146 58
146 170
146 121
146 233
146 211
146 145
146 142
146 169
146 188
146 187
147 192
147 173
147 83
147 126
147 167
147 59
147 148
147 103
147 189
147 60
148 236
148 129
148 258
148 127
148 191
148 61
148 192
148 130
148 213
148 106
149 125
149 193
149 129
149 172
149 236
149 214
149 105
149 192
149 62
149 238
150 124
150 107
150 128
150 83
150 86
150 132
150 110
150 106
150 238
150 194
151 215
151 196
151 85
151 104
151 219
151 148
151 63
151 261
151 86
151 176
152 196
152 149
152 262
152 111
152 107
152 129
152 130
152 239
152 171
152 63
153 89
153 67
153 219
153 198
153 151
153 171
153 112
153 155
153 44
153 110
154 66
154 243
154 175
154 113
154 171
154 131
154 134
154 135
154 156
154 240
155 88
155 130
155 153
155 176
155 223
155 243
155 114
155 135
155 181
155 241
156 157
156 176
156 201
156 243
156 90
156 112
156 222
156 111
156 160
156 133
157 47
157 154
157 160
157 133
157 112
157 182
157 89
157 176
157 139
157 91
158 69
158 70
158 159
158 93
158 138
158 157
158 225
158 201
158 179
158 94
159 71
159 116
159 140
159 180
159 202
159 133
159 161
159 113
159 115
159 162
160 185
160 158
160 184
160 186
160 183
160 71
160 182
160 135
160 94
160 162
161 271
161 117
161 185
161 250
161 159
161 225
161 141
161 186
161 95
161 72
162 98
162 136
162 166
162 159
162 164
162 143
162 187
162 228
162 230
162 229
163 96
163 251
163 209
163 97
163 252
163 273
163 184
163 116
163 158
163 137
164 96
164 121
164 232
164 162
164 77
164 206
164 205
164 183
164 119
164 231
165 122
165 211
165 208
165 162
165 169
165 97
165 101
165 76
165 123
165 146
166 276
166 101
166 208
166 100
166 102
166 165
166 167
166 98
166 168
166 189
167 103
167 126
167 171
167 168
167 212
167 141
167 123
167 148
167 234
167 211
168 58
168 194
168 167
168 211
168 102
168 122
168 192
168 213
168 191
168 147
169 256
169 193
169 80
169 164
169 191
169 81
169 149
169 127
169 102
169 165
170 81
170 148
170 125
170 146
170 149
170 213
170 147
170 123
170 166
170 83
171 82
171 151
171 193
171 147
171 106
171 153
171 196
171 259
171 191
171 214
172 128
172 132
172 237
172 152
172 171
172 173
172 125
172 282
172 108
172 260
173 128
173 133
173 172
173 169
173 127
173 218
173 176
173 238
173 151
173 170
174 128
174 154
174 239
174 148
174 176
174 152
174 171
174 178
174 173
174 238
175 128
175 170
175 65
175 111
175 263
175 154
175 173
175 157
175 240
175 89
176 240
176 89
176 265
176 178
176 199
176 151
176 218
176 286
176 175
176 154
177 89
177 136
177 156
177 201
177 222
177 131
177 67
177 243
177 197
177 266
178 91
178 158
178 132
178 174
178 224
178 110
178 134
178 244
178 221
178 203
179 246
179 180
179 201
179 205
179 91
179 204
179 226
179 224
179 247
179 175
180 154
180 113
180 176
180 204
180 245
180 248
180 203
180 178
180 162
180 202
181 245
181 204
181 185
181 71
181 247
181 92
181 224
181 115
181 93
181 161
182 93
182 158
182 160
182 178
182 163
182 177
182 116
182 162
182 271
182 137
183 158
183 205
183 157
183 187
183 73
183 165
183 138
183 293
183 118
183 208
184 230
184 166
184 250
184 181
184 202
184 163
184 183
184 225
184 160
184 248
185 227
185 143
185 119
185 209
185 250
185 139
185 188
185 208
185 204
185 183
186 188
186 76
186 230
186 187
186 167
186 161
186 140
186 273
186 120
186 190
187 163
187 162
187 231
187 167
187 232
187 212
187 161
187 121
187 275
187 206
188 233
188 277
188 167
188 191
188 298
188 146
188 120
188 124
188 275
188 122
189 230
189 142
189 209
189 125
189 212
189 232
189 215
189 208
189 278
189 122
190 214
190 232
190 123
190 192
190 101
190 122
190 234
190 125
190 213
190 300
191 210
191 214
191 217
191 123
191 170
191 127
191 102
191 211
191 168
191 194
192 212
192 149
192 187
192 215
192 195
192 169
192 258
192 213
192 171
192 197
193 195
193 235
193 261
193 148
193 147
193 260
193 127
193 259
193 105
193 169
194 241
194 107
194 169
194 128
194 147
194 151
194 262
194 126
194 218
194 237
195 217
195 241
195 129
195 190
195 263
195 175
195 149
195 196
195 150
195 130
196 109
196 220
196 170
196 306
196 194
196 107
196 130
196 237
196 215
196 214
197 200
197 174
197 241
197 180
197 150
197 192
197 109
197 134
197 242
197 155
198 287
198 286
198 215
198 199
198 216
198 262
198 238
198 263
198 196
198 239
199 177
199 246
199 180
199 158
199 242
199 223
199 225
199 266
199 176
199 153
200 268
200 111
200 240
200 158
200 175
200 224
200 197
200 134
200 182
200 220
201 247
201 157
201 246
201 206
201 248
201 156
201 220
201 269
201 218
201 113
202 291
202 157
202 226
202 246
202 183
202 113
202 177
202 198
202 219
202 270
203 227
203 184
203 267
203 115
203 199
203 93
203 250
203 198
203 224
203 248
204 115
204 251
204 225
204 158
204 139
204 208
204 270
204 179
204 246
204 200
205 271
205 207
205 208
205 181
205 179
205 250
205 164
205 116
205 273
205 230
206 181
206 211
206 248
206 224
206 205
206 163
206 272
206 118
206 273
206 295
207 184
207 253
207 233
207 227
207 232
207 294
207 185
207 143
207 230
207 139
208 229
208 233
208 164
208 205
208 249
208 204
208 98
208 272
208 274
208 212
209 165
209 296
209 164
209 274
209 273
209 99
209 185
209 205
209 141
209 297
210 298
210 145
210 214
210 122
210 254
210 144
210 211
210 278
210 207
210 252
211 236
211 257
211 122
211 101
211 233
211 123
211 168
211 209
211 167
211 186
212 232
212 213
212 190
212 209
212 144
212 258
212 171
212 277
212 259
212 255
213 168
213 302
213 217
213 255
213 146
213 280
213 259
213 190
213 172
213 147
214 219
214 125
214 169
214 150
214 257
214 148
214 233
214 146
214 213
214 282
215 218
215 150
215 259
215 169
215 282
215 216
215 172
215 303
215 239
215 325
216 305
216 175
216 176
216 283
216 218
216 174
216 234
216 303
216 191
216 304
217 236
217 242
217 175
217 262
217 191
217 259
217 212
217 241
217 150
217 173
218 238
218 220
218 198
218 130
218 237
218 260
218 282
218 261
218 194
218 216
219 131
219 285
219 217
219 130
219 223
219 153
219 244
219 196
219 179
219 237
220 288
220 216
220 260
220 238
220 263
220 110
220 308
220 224
220 198
220 179
221 263
221 286
221 242
221 156
221 285
221 264
221 309
221 203
221 178
221 154
222 267
222 226
222 224
222 285
222 135
222 266
222 177
222 112
222 241
222 247
223 181
223 222
223 219
223 241
223 157
223 270
223 312
223 310
223 249
223 201
224 242
224 159
224 269
224 268
224 248
224 247
224 250
224 160
224 223
224 271
225 266
225 250
225 249
225 204
225 292
225 248
225 226
225 224
225 158
225 268
226 158
226 183
226 224
226 244
226 161
226 204
226 294
226 201
226 293
226 267
227 181
227 206
227 140
227 159
227 292
227 247
227 182
227 160
227 251
227 224
228 251
228 205
228 315
228 248
228 273
228 161
228 295
228 338
228 294
228 163
229 270
229 248
229 276
229 234
229 294
229 225
229 184
229 182
229 162
229 317
230 142
230 319
230 253
230 120
230 207
230 235
230 208
230 294
230 163
230 225
231 277
231 278
231 318
231 144
231 255
231 164
231 189
231 253
231 190
231 186
232 252
232 279
232 165
232 256
232 234
232 189
232 300
232 320
232 257
232 188
233 300
233 190
233 255
233 207
233 188
233 187
233 258
233 252
233 238
233 301
234 300
234 213
234 216
234 237
234 208
234 169
234 239
234 210
234 188
234 215
235 237
235 258
235 280
235 301
235 261
235 167
235 125
235 238
235 193
235 189
236 233
236 300
236 254
236 302
236 211
236 324
236 170
236 231
236 216
236 283
237 232
237 219
237 239
237 150
237 282
237 255
237 263
237 148
237 171
237 324
238 195
238 284
238 326
238 221
238 193
238 241
238 212
238 327
238 218
238 150
239 175
239 328
239 262
239 285
239 280
239 261
239 243
239 216
239 238
239 259
240 198
240 283
240 221
240 281
240 151
240 172
240 304
240 285
240 195
240 218
241 215
241 201
241 221
241 284
241 174
241 306
241 216
241 236
241 154
241 220
242 306
242 263
242 198
242 220
242 329
242 200
242 268
242 307
242 219
242 201
243 268
243 218
243 240
243 154
243 223
243 239
243 155
243 264
243 248
243 201
244 307
244 310
244 155
244 290
244 201
244 333
244 242
244 262
244 157
244 180
245 244
245 135
245 263
245 312
245 177
245 269
245 199
245 248
245 202
245 267
246 265
246 178
246 310
246 333
246 288
246 221
246 267
246 311
246 270
246 250
247 357
247 227
247 334
247 242
247 221
247 244
247 273
247 182
247 246
247 203
248 251
248 358
248 273
248 290
248 161
248 225
248 250
248 294
248 314
248 337
249 224
249 314
249 205
249 184
249 229
249 268
249 253
249 245
249 227
249 246
250 163
250 161
250 230
250 186
250 184
250 318
250 255
250 225
250 338
250 224
251 256
251 339
251 295
251 206
251 292
251 227
251 316
251 247
251 293
251 297
252 228
252 340
252 362
252 207
252 318
252 186
252 249
252 226
252 205
252 297
253 297
253 317
253 319
253 294
253 210
253 212
253 341
253 207
253 278
253 232
254 208
254 255
254 234
254 235
254 187
254 228
254 258
254 249
254 165
254 256
255 278
255 167
255 298
255 321
255 257
255 259
255 365
255 212
255 252
255 299
256 278
256 168
256 275
256 230
256 253
256 212
256 191
256 301
256 324
256 277
257 299
257 325
257 259
257 324
257 280
257 261
257 302
257 169
257 234
257 231
258 234
258 238
258 237
258 282
258 326
258 257
258 171
258 148
258 302
258 323
259 239
259 369
259 327
259 261
259 194
259 347
259 262
259 305
259 281
259 254
260 305
260 240
260 262
260 303
260 307
260 238
260 302
260 255
260 328
260 216
261 263
261 236
261 349
261 284
261 257
261 238
261 327
261 220
261 260
261 262
262 263
262 217
262 238
262 285
262 286
262 152
262 265
262 351
262 287
262 236
263 328
263 267
263 373
263 262
263 153
263 306
263 242
263 195
263 176
263 241
264 268
264 241
264 176
264 154
264 374
264 244
264 307
264 351
264 260
264 219
265 177
265 261
265 222
265 353
265 219
265 268
265 155
265 283
265 201
265 354
266 242
266 286
266 198
266 225
266 199
266 245
266 308
266 247
266 246
266 306
267 201
267 269
267 226
267 307
267 354
267 272
267 203
267 289
267 202
267 180
268 249
268 311
268 267
268 289
268 225
268 248
268 264
268 269
268 290
268 292
269 336
269 159
269 293
269 251
269 243
269 289
269 182
269 310
269 272
269 357
270 228
270 358
270 316
270 337
270 296
270 314
270 295
270 334
270 249
270 271
271 293
271 381
271 226
271 297
271 268
271 275
271 291
271 230
271 274
271 296
272 313
272 207
272 318
272 274
272 291
272 314
272 228
272 317
272 297
272 270
273 278
273 255
273 293
273 247
273 207
273 316
273 320
273 314
273 205
273 230
274 338
274 321
274 295
274 230
274 249
274 279
274 250
274 233
274 296
274 227
275 277
275 251
275 298
275 230
275 254
275 293
275 186
275 272
275 252
275 299
276 294
276 341
276 250
276 230
276 295
276 273
276 231
276 256
276 210
276 279
277 259
277 210
277 320
277 213
277 318
277 323
277 232
277 167
277 189
277 300
278 319
278 365
278 255
278 168
278 213
278 273
278 236
278 214
278 300
278 344
279 324
279 211
279 343
279 274
279 322
279 301
279 254
279 212
279 276
279 275
280 239
280 368
280 281
280 285
280 390
280 213
280 277
280 325
280 262
280 321
281 345
281 347
281 300
281 261
281 279
281 303
281 348
281 306
281 327
281 369
282 264
282 306
282 194
282 348
282 260
282 301
282 218
282 327
282 303
282 285
283 305
283 351
283 241
283 262
283 279
283 242
283 349
283 280
283 217
283 347
284 266
284 282
284 327
284 259
284 262
284 308
284 394
284 217
284 326
284 279
285 350
285 176
285 197
285 238
285 306
285 328
285 219
285 395
285 283
285 373
286 327
286 309
286 349
286 220
286 304
286 290
286 330
286 291
286 176
286 240
287 374
287 311
287 310
287 269
287 397
287 353
287 243
287 373
287 263
287 242
288 289
288 224
288 263
288 354
288 242
288 398
288 353
288 330
288 313
288 244
289 222
289 224
289 315
289 287
289 336
289 271
289 293
289 378
289 266
289 270
290 292
290 247
290 267
290 223
290 244
290 295
290 248
290 270
290 311
290 316
291 401
291 287
291 269
291 223
291 309
291 294
291 314
291 249
291 272
291 247
292 227
292 250
292 338
292 245
292 287
292 356
292 268
292 335
292 225
292 312
293 359
293 311
293 267
293 316
293 274
293 273
293 268
293 339
293 317
293 313
294 299
294 226
294 207
294 362
294 320
294 336
294 382
294 269
294 316
294 383
295 315
295 269
295 321
295 273
295 319
295 274
295 252
295 314
295 293
295 271
296 300
296 364
296 278
296 362
296 272
296 252
296 341
296 319
296 301
296 337
297 275
297 209
297 271
297 316
297 298
297 321
297 276
297 365
297 341
297 251
298 319
298 297
298 366
298 317
298 210
298 408
298 255
298 341
298 321
298 256
299 388
299 295
299 321
299 341
299 274
299 212
299 279
299 233
299 257
299 231
300 323
300 213
300 388
300 211
300 304
300 345
300 368
300 280
300 257
300 389
301 324
301 259
301 277
301 367
301 346
301 278
301 411
301 390
301 303
301 276
302 298
302 214
302 304
302 303
302 261
302 390
302 234
302 301
302 278
302 343
303 301
303 259
303 344
303 214
303 327
303 261
303 349
303 368
303 262
303 348
304 259
304 216
304 348
304 283
304 372
304 414
304 260
304 258
304 350
304 301
305 282
305 264
305 288
305 281
305 308
305 306
305 347
305 301
305 415
305 302
306 263
306 265
306 259
306 238
306 327
306 371
306 324
306 310
306 349
306 347
307 288
307 353
307 281
307 286
307 350
307 417
307 348
307 311
307 261
307 328
308 198
308 264
308 290
308 311
308 333
308 286
308 313
308 312
308 375
308 349
309 245
309 291
309 264
309 221
309 263
309 242
309 267
309 266
309 328
309 372
310 266
310 328
310 374
310 378
310 268
310 265
310 352
310 222
310 331
310 399
311 377
311 398
311 358
311 336
311 357
311 307
311 244
311 266
311 332
311 399
312 401
312 246
312 335
312 308
312 266
312 379
312 223
312 291
312 271
312 399
313 288
313 378
313 360
313 358
313 268
313 248
313 318
313 267
313 266
313 314
314 204
314 403
314 225
314 246
314 319
314 357
314 248
314 334
314 340
314 312
315 268
315 290
315 320
315 297
315 361
315 295
315 292
315 311
315 291
315 383
316 298
316 296
316 340
316 405
316 363
316 251
316 292
316 229
316 295
316 403
317 340
317 315
317 405
317 336
317 406
317 321
317 339
317 295
317 230
317 338
318 365
318 339
318 383
318 299
318 230
318 386
318 253
318 297
318 298
318 320
319 274
319 295
319 365
319 294
319 323
319 296
319 343
319 407
319 276
319 251
320 278
320 340
320 387
320 297
320 253
320 342
320 384
320 366
320 302
320 277
321 368
321 256
321 367
321 344
321 257
321 364
321 409
321 278
321 385
321 322
322 343
322 327
322 275
322 321
322 363
322 258
322 318
322 319
322 299
322 367
323 299
323 259
323 319
323 324
323 326
323 433
323 235
323 348
323 410
323 388
324 277
324 320
324 328
324 283
324 327
324 342
324 237
324 392
324 300
324 368
325 215
325 369
325 299
325 372
325 348
325 349
325 326
325 324
325 412
325 280
326 346
326 392
326 370
326 325
326 282
326 391
326 238
326 330
326 237
326 305
327 437
327 307
327 331
327 240
327 352
327 259
327 392
327 264
327 283
327 328
328 348
328 324
328 282
328 242
328 239
328 370
328 218
328 303
328 310
328 284
329 350
329 285
329 348
329 332
329 309
329 373
329 264
329 330
329 312
329 351
330 334
330 354
330 351
330 397
330 352
330 348
330 356
330 439
330 284
330 353
331 285
331 332
331 328
331 309
331 377
331 242
331 354
331 417
331 352
331 307
332 419
332 291
332 243
332 264
332 289
332 333
332 307
332 420
332 267
332 350
333 380
333 400
333 420
333 336
333 286
333 265
333 397
333 422
333 289
333 311
334 351
334 290
334 314
334 355
334 270
334 356
334 224
334 289
334 337
334 311
335 314
335 248
335 247
335 379
335 401
335 380
335 381
335 354
335 332
335 376
336 381
336 340
336 424
336 295
336 425
336 226
336 404
336 269
336 358
336 317
337 333
337 317
337 361
337 342
337 296
337 293
337 313
337 363
337 314
337 341
338 335
338 320
338 274
338 337
338 358
338 334
338 296
338 385
338 448
338 317
339 344
339 360
339 407
339 271
339 336
339 358
339 252
339 428
339 318
339 251
340 314
340 320
340 251
340 362
340 366
340 335
340 383
340 318
340 298
340 407
341 430
341 321
341 319
341 277
341 346
341 342
341 275
341 253
341 316
341 294
342 253
342 407
342 340
342 388
342 320
342 409
342 277
342 337
342 232
342 366
343 385
343 367
343 390
343 324
343 233
343 340
343 369
343 320
343 364
343 361
344 391
344 322
344 277
344 348
344 300
344 341
344 433
344 364
344 298
344 346
345 369
345 432
345 365
345 410
345 434
345 321
345 258
345 344
345 324
345 325
346 369
346 259
346 343
346 303
346 410
346 305
346 413
346 347
346 258
346 344
347 328
347 392
347 390
347 389
347 351
347 415
347 457
347 283
347 259
347 372
348 366
348 370
348 391
348 458
348 437
348 392
348 261
348 301
348 350
348 328
349 329
349 436
349 394
349 459
349 282
349 324
349 347
349 303
349 348
349 437
350 396
350 284
350 368
350 392
350 263
350 353
350 371
350 414
350 261
350 439
351 354
351 330
351 461
351 372
351 285
351 328
351 333
351 346
351 352
351 417
352 264
352 329
352 349
352 394
352 327
352 420
352 369
352 351
352 286
352 398
353 417
353 357
353 440
353 400
353 375
353 373
353 393
353 243
353 349
353 395
354 312
354 377
354 418
354 287
354 355
354 353
354 330
354 356
354 311
354 359
355 420
355 419
355 356
355 335
355 397
355 358
355 309
355 353
355 287
355 313
356 373
356 402
356 443
356 310
356 311
356 332
356 312
356 246
356 423
356 377
357 421
357 446
357 310
357 314
357 359
357 382
357 338
357 290
357 331
357 361
358 290
358 445
358 355
358 384
358 248
358 360
358 291
358 378
358 313
358 424
359 381
359 313
359 405
359 334
359 271
359 315
359 360
359 272
359 338
359 425
360 295
360 293
360 402
360 406
360 336
360 313
360 319
360 341
360 338
360 335
361 427
361 429
361 366
361 359
361 335
361 408
361 316
361 320
361 272
361 273
362 472
362 449
362 408
362 363
362 341
362 381
362 427
362 386
362 387
362 426
363 404
363 406
363 386
363 382
363 429
363 361
363 388
363 385
363 338
363 319
364 275
364 277
364 368
364 383
364 432
364 346
364 319
364 340
364 298
364 342
365 364
365 408
365 361
365 430
365 475
365 453
365 300
365 369
365 386
365 389
366 392
366 370
366 367
366 385
366 302
366 298
366 411
366 322
366 371
366 430
367 321
367 257
367 387
367 366
367 346
367 390
367 322
367 325
367 363
367 391
368 281
368 390
368 300
368 364
368 321
368 371
368 363
368 434
368 432
368 344
369 368
369 392
369 433
369 302
369 351
369 387
369 303
369 282
369 372
369 323
370 459
370 283
370 413
370 365
370 305
370 260
370 281
370 367
370 350
370 416
371 374
371 308
371 369
371 304
371 437
371 413
371 367
371 368
371 396
371 393
372 329
372 326
372 346
372 413
372 286
372 330
372 348
372 392
372 414
372 397
373 439
373 305
373 418
373 348
373 333
373 376
373 351
373 483
373 308
373 353
374 397
374 442
374 330
374 398
374 378
374 309
374 394
374 463
374 391
374 439
375 352
375 372
375 393
375 442
375 395
375 392
375 438
375 265
375 334
375 371
376 355
376 288
376 351
376 372
376 309
376 335
376 310
376 394
376 443
376 378
377 382
377 333
377 289
377 417
377 400
377 465
377 380
377 420
377 419
377 313
378 357
378 401
378 397
378 381
378 311
378 379
378 355
378 422
378 310
378 332
379 401
379 355
379 358
379 311
379 315
379 383
379 381
379 444
379 361
379 403
380 312
380 447
380 377
380 448
380 427
380 383
380 384
380 405
380 313
380 467
381 407
381 427
381 378
381 379
381 447
381 363
381 357
381 361
381 271
381 380
382 359
382 428
382 429
382 423
382 383
382 424
382 339
382 316
382 337
382 387
383 403
383 404
383 273
383 294
383 384
383 357
383 447
383 336
383 337
383 408
384 295
384 319
384 406
384 427
384 428
384 338
384 317
384 274
384 408
384 318
385 403
385 449
385 389
385 408
385 411
385 426
385 362
385 452
385 319
385 427
386 454
386 383
386 388
386 431
386 381
386 409
386 453
386 450
386 391
386 451
387 344
387 405
387 454
387 410
387 452
387 322
387 321
387 364
387 433
387 388
388 278
388 369
388 390
388 407
388 453
388 366
388 393
388 431
388 324
388 476
389 301
389 453
389 435
389 415
389 410
389 363
389 431
389 430
389 436
389 409
390 434
390 395
390 393
390 347
390 386
390 387
390 394
390 409
390 365
390 323
391 371
391 479
391 409
391 281
391 457
391 455
391 345
391 415
391 410
391 350
392 352
392 367
392 324
392 369
392 435
392 368
392 304
392 390
392 326
392 351
393 346
393 367
393 369
393 370
393 328
393 458
393 283
393 326
393 457
393 350
394 372
394 440
394 439
394 391
394 413
394 375
394 461
394 459
394 393
394 438
395 286
395 374
395 369
395 459
395 396
395 354
395 415
395 420
395 373
395 307
396 474
396 309
396 477
396 438
396 465
396 480
396 413
396 421
396 354
396 481
397 375
397 393
397 418
397 473
397 308
397 475
397 470
397 330
397 373
397 310
398 473
398 480
398 396
398 309
398 377
398 439
398 467
398 477
398 400
398 395
399 439
399 417
399 473
399 352
399 378
399 464
399 477
399 354
399 334
399 380
400 332
400 446
400 359
400 23
400 44
400 464
400 441
400 380
400 422
400 479
401 399
401 469
401 444
401 396
401 405
401 335
401 476
401 357
401 0
401 475
402 428
402 406
402 467
402 355
402 400
402 477
402 475
402 471
402 447
402 448
403 358
403 44
403 359
403 481
403 23
403 444
403 462
403 400
403 360
403 407
404 423
404 425
404 294
404 383
404 478
404 451
404 479
404 467
404 462
404 403
405 0
405 462
405 423
405 463
405 409
405 467
405 483
405 451
405 408
405 424
406 362
406 464
406 475
406 448
406 408
406 318
406 432
406 342
406 340
406 359
407 363
407 383
407 389
407 381
407 466
407 412
407 471
407 470
407 454
407 403
408 452
408 473
408 475
408 428
408 341
408 320
408 365
408 482
408 344
408 474
409 469
409 475
409 408
409 411
409 427
409 405
409 386
409 299
409 364
409 455
410 321
410 405
410 480
410 434
410 464
410 432
410 366
410 472
410 367
410 466
411 386
411 431
411 324
411 458
411 408
411 391
411 365
411 370
411 369
411 22
412 392
412 387
412 302
412 466
412 470
412 436
412 454
412 394
412 472
412 23
413 478
413 303
413 395
413 481
413 415
413 468
413 368
413 460
413 417
413 454
414 438
414 482
414 325
414 435
414 472
414 463
414 471
414 349
414 468
414 326
415 392
415 463
415 368
415 474
415 468
415 374
415 410
415 472
415 327
415 465
416 420
416 369
416 328
416 438
416 464
416 415
416 463
416 350
416 349
416 351
417 435
417 353
417 460
417 395
417 416
417 440
417 44
417 412
417 307
417 392
418 400
418 43
418 483
418 481
418 45
418 331
418 24
418 448
418 22
418 449
419 395
419 470
419 44
419 466
419 418
419 332
419 42
419 457
419 462
419 397
420 474
420 418
420 451
420 356
420 456
420 445
420 0
420 473
420 439
420 66
421 44
421 466
421 468
421 482
421 460
421 479
421 397
421 66
421 480
421 440
422 45
422 445
422 472
422 441
422 312
422 482
422 358
422 396
422 381
422 477
423 466
423 1
423 399
423 467
423 450
423 397
423 480
423 422
423 471
423 458
424 378
424 469
424 428
424 440
424 456
424 458
424 477
424 66
424 443
424 314
425 422
425 477
425 381
425 448
425 424
425 22
425 452
425 338
425 449
425 21
426 44
426 458
426 474
426 425
426 405
426 482
426 423
426 440
426 448
426 66
427 404
427 361
427 362
427 430
427 23
427 476
427 406
427 405
427 475
427 444
428 339
428 21
428 456
428 405
428 450
428 406
428 424
428 473
428 408
428 340
429 409
429 432
429 427
429 24
429 478
429 476
429 449
429 44
429 446
429 483
430 454
430 412
430 456
430 442
430 42
430 475
430 449
430 473
430 362
430 384
431 365
431 344
431 427
431 389
431 442
431 386
431 475
431 463
431 366
431 435
432 322
432 1
432 365
432 447
432 476
432 386
432 455
432 448
432 464
432 478
433 42
433 462
433 441
433 457
433 463
433 0
433 471
433 476
433 477
433 444
434 474
434 483
434 446
434 366
434 42
434 45
434 447
434 472
434 467
434 66
435 474
435 388
435 431
435 0
435 413
435 443
435 440
435 415
435 348
435 476
436 471
436 394
436 390
436 347
436 454
436 466
436 417
436 476
436 482
436 395
437 44
437 395
437 478
437 465
437 462
437 438
437 446
437 476
437 372
437 468
438 419
438 391
438 414
438 394
438 397
438 375
438 475
438 477
438 479
438 453
439 476
439 418
439 399
439 465
439 462
439 417
439 475
439 372
439 464
439 453
440 455
440 451
440 374
440 447
440 461
440 421
440 473
440 419
440 45
440 330
441 23
441 465
441 354
441 468
441 396
441 374
441 424
441 45
441 427
441 42
442 378
442 460
442 435
442 65
442 421
442 44
442 2
442 478
442 354
442 0
443 87
443 480
443 467
443 435
443 24
443 429
443 448
443 474
443 433
443 463
444 451
444 454
444 464
444 398
444 446
444 1
444 379
444 22
444 467
444 88
445 455
445 64
445 435
445 401
445 462
445 460
445 379
445 443
445 427
445 440
446 469
446 475
446 438
446 400
446 424
446 449
446 466
446 467
446 435
446 433
447 469
447 459
447 65
447 473
447 453
447 477
447 442
447 470
447 443
447 444
448 64
448 46
448 472
448 66
448 1
448 435
448 424
448 401
448 41
448 25
449 426
449 438
449 481
449 407
449 383
449 447
449 457
449 406
449 467
449 469
450 407
450 449
450 418
450 434
450 438
450 476
450 436
450 463
450 469
450 382
451 473
451 67
451 472
451 448
451 21
451 483
451 431
451 404
451 443
451 447
452 435
452 21
452 44
452 476
452 67
452 2
452 428
452 432
452 482
452 460
453 386
453 456
453 439
453 22
453 437
453 385
453 447
453 454
453 23
453 449
454 1
454 467
454 67
454 481
454 42
454 429
454 46
454 428
454 20
454 344
455 388
455 436
455 462
455 480
455 449
455 435
455 458
455 389
455 410
455 391
456 432
456 431
456 473
456 46
456 1
456 452
456 459
456 391
456 42
456 427
457 23
457 436
457 452
457 419
457 413
457 415
457 429
457 479
457 41
457 414
458 25
458 438
458 425
458 464
458 426
458 415
458 67
458 65
458 463
458 469
459 477
459 476
459 443
459 457
459 468
459 474
459 447
459 43
459 462
459 461
460 373
460 350
460 424
460 482
460 449
460 473
460 435
460 480
460 0
460 450
461 422
461 87
461 2
461 472
461 448
461 25
461 447
461 442
461 454
461 478
462 411
462 399
462 374
462 479
462 89
462 466
462 469
462 433
462 417
462 47
463 426
463 109
463 399
463 476
463 471
463 477
463 414
463 420
463 450
463 423
464 422
464 415
464 22
464 483
464 426
464 456
464 437
464 479
464 406
464 377
465 483
465 453
465 451
465 430
465 455
465 20
465 442
465 424
465 445
465 472
466 423
466 448
466 443
466 457
466 399
466 405
466 420
466 45
466 89
466 449
467 67
467 464
467 466
467 402
467 457
467 19
467 477
467 462
467 459
467 433
468 23
468 459
468 89
468 436
468 424
468 409
468 453
468 47
468 433
468 405
469 64
469 467
469 456
469 450
469 438
469 475
469 26
469 470
469 418
469 409
470 87
470 483
470 42
470 425
470 43
470 432
470 418
470 401
470 65
470 454
471 26
471 462
471 449
471 411
471 384
471 397
471 404
471 25
471 439
471 452
472 42
472 425
472 476
472 436
472 466
472 440
472 397
472 446
472 467
472 420
473 428
473 20
473 469
473 86
473 440
473 45
473 403
473 411
473 462
473 426
474 477
474 472
474 398
474 467
474 453
474 469
474 23
474 483
474 459
474 86
475 89
475 436
475 457
475 481
475 433
475 0
475 416
475 440
475 442
475 450
476 387
476 468
476 470
476 462
476 454
476 453
476 425
476 414
476 411
476 64
477 1
477 447
477 405
477 458
477 435
477 431
477 437
477 110
477 418
477 439
478 471
478 67
478 437
478 416
478 452
478 3
478 22
478 89
478 433
478 432
479 446
479 400
479 392
479 42
479 458
479 422
479 471
479 22
479 434
479 436
480 425
480 66
480 418
480 427
480 67
480 23
480 476
480 446
480 468
480 0
481 479
481 42
481 68
481 413
481 41
481 427
481 404
481 3
481 459
481 418
482 430
482 423
482 43
482 20
482 436
482 449
482 464
482 22
482 88
482 463
483 402
483 45
483 432
483 40
483 397
483 465
483 110
483 426
483 63
483 423
