240 4800
0 200
0 17
0 229
0 206
0 20
0 188
0 46
0 214
0 231
0 220
0 80
0 239
0 191
0 19
0 237
0 31
0 48
0 181
0 195
0 211
1 46
1 212
1 81
1 66
1 17
1 4
1 196
1 213
1 2
1 220
1 6
1 195
1 228
1 194
1 50
1 63
1 237
1 36
1 34
1 35
2 4
2 237
2 220
2 228
2 13
2 35
2 50
2 20
2 7
2 6
2 33
2 17
2 52
2 21
2 215
2 230
2 234
2 213
2 48
2 219
3 231
3 20
3 33
3 17
3 14
3 66
3 68
3 38
3 7
3 238
3 21
3 236
3 15
3 235
3 34
3 19
3 239
3 22
3 6
3 225
4 0
4 67
4 37
4 68
4 39
4 3
4 33
4 50
4 35
4 51
4 8
4 17
4 20
4 21
4 23
4 69
4 19
4 22
4 38
4 54
5 37
5 3
5 1
5 55
5 23
5 22
5 34
5 40
5 36
5 53
5 85
5 68
5 69
5 2
5 17
5 21
5 25
5 0
5 9
5 8
6 35
6 4
6 20
6 18
6 40
6 9
6 52
6 7
6 26
6 3
6 53
6 10
6 23
6 8
6 2
6 22
6 39
6 19
6 54
6 41
7 3
7 26
7 36
7 70
7 57
7 40
7 2
7 19
7 72
7 24
7 25
7 54
7 10
7 39
7 55
7 22
7 6
7 4
7 71
7 9
8 73
8 55
8 40
8 20
8 27
8 24
8 21
8 23
8 88
8 42
8 54
8 26
8 7
8 3
8 72
8 58
8 25
8 43
8 22
8 12
9 23
9 89
9 39
9 24
9 57
9 13
9 73
9 44
9 22
9 41
9 29
9 27
9 59
9 12
9 72
9 25
9 38
9 10
9 11
9 55
10 8
10 22
10 56
10 27
10 24
10 26
10 40
10 12
10 39
10 15
10 11
10 25
10 73
10 30
10 14
10 28
10 90
10 29
10 58
10 41
11 12
11 24
11 30
11 44
11 75
11 57
11 61
11 59
11 23
11 76
11 10
11 15
11 0
11 41
11 46
11 14
11 9
11 74
11 7
11 27
12 27
12 25
12 26
12 28
12 92
12 58
12 30
12 0
12 11
12 75
12 16
12 46
12 76
12 29
12 10
12 31
12 47
12 41
12 62
12 61
13 27
13 0
13 1
13 32
13 12
13 44
13 42
13 25
13 31
13 234
13 15
13 239
13 229
13 30
13 233
13 227
13 26
13 10
13 45
13 93
14 60
14 228
14 9
14 211
14 10
14 63
14 215
14 221
14 208
14 32
14 226
14 62
14 236
14 45
14 216
14 238
14 44
14 214
14 29
14 94
15 195
15 12
15 194
15 214
15 27
15 218
15 19
15 204
15 201
15 78
15 4
15 212
15 239
15 206
15 1
15 202
15 229
15 234
15 28
15 205
16 228
16 208
16 50
16 182
16 181
16 47
16 80
16 28
16 197
16 61
16 63
16 210
16 176
16 0
16 3
16 20
16 235
16 186
16 178
16 219
17 229
17 15
17 65
17 187
17 220
17 45
17 191
17 230
17 32
17 199
17 209
17 222
17 216
17 238
17 2
17 36
17 218
17 198
17 193
17 227
18 232
18 23
18 234
18 208
18 20
18 5
18 48
18 197
18 203
18 223
18 206
18 224
18 68
18 204
18 82
18 36
18 30
18 49
18 19
18 81
19 22
19 15
19 1
19 4
19 6
19 3
19 231
19 82
19 33
19 7
19 99
19 216
19 50
19 226
19 38
19 17
19 23
19 237
19 39
19 35
20 85
20 32
20 232
20 31
20 83
20 84
20 69
20 54
20 235
20 2
20 0
20 68
20 226
20 70
20 52
20 53
20 225
20 22
20 231
20 51
21 54
21 2
21 70
21 84
21 33
21 67
21 69
21 7
21 85
21 41
21 40
21 34
21 55
21 56
21 6
21 17
21 8
21 53
21 9
21 1
22 37
22 55
22 56
22 85
22 70
22 36
22 54
22 69
22 2
22 53
22 86
22 7
22 10
22 23
22 27
22 38
22 42
22 57
22 68
22 25
23 53
23 36
23 39
23 70
23 35
23 7
23 6
23 103
23 20
23 3
23 9
23 27
23 88
23 42
23 4
23 41
23 86
23 55
23 10
23 28
24 10
24 11
24 74
24 27
24 9
24 21
24 22
24 58
24 39
24 37
24 36
24 44
24 12
24 59
24 72
24 87
24 53
24 104
24 7
24 20
25 27
25 26
25 57
25 8
25 71
25 22
25 28
25 7
25 10
25 29
25 40
25 74
25 60
25 72
25 11
25 39
25 44
25 89
25 37
25 21
26 39
26 72
26 6
26 55
26 73
26 76
26 58
26 24
26 11
26 38
26 106
26 40
26 56
26 22
26 90
26 57
26 46
26 31
26 89
26 8
27 30
27 28
27 44
27 45
27 24
27 8
27 107
27 59
27 29
27 16
27 60
27 31
27 90
27 26
27 56
27 41
27 61
27 92
27 76
27 91
28 13
28 42
28 47
28 235
28 14
28 46
28 91
28 238
28 92
28 9
28 62
28 12
28 0
28 227
28 60
28 16
28 43
28 63
28 59
28 93
29 58
29 14
29 224
29 220
29 109
29 210
29 238
29 42
29 237
29 79
29 234
29 47
29 17
29 26
29 12
29 59
29 226
29 229
29 78
29 221
30 63
30 209
30 208
30 43
30 110
30 237
30 25
30 47
30 201
30 231
30 199
30 226
30 218
30 34
30 77
30 12
30 32
30 42
30 59
30 194
31 47
31 215
31 198
31 79
31 20
31 210
31 213
31 199
31 209
31 12
31 231
31 239
31 186
31 238
31 95
31 208
31 177
31 45
31 182
31 60
32 208
32 200
32 233
32 60
32 213
32 96
32 3
32 29
32 219
32 211
32 202
32 191
32 31
32 206
32 78
32 66
32 197
32 230
32 181
32 50
33 226
33 29
33 68
33 3
33 63
33 20
33 98
33 31
33 219
33 16
33 67
33 36
33 221
33 0
33 78
33 62
33 195
33 235
33 46
33 230
34 217
34 215
34 67
34 62
34 39
34 31
34 46
34 225
34 236
34 37
34 18
34 4
34 50
34 68
34 33
34 52
34 226
34 234
34 230
34 45
35 236
35 52
35 233
35 225
35 227
35 229
35 239
35 6
35 224
35 21
35 115
35 82
35 46
35 36
35 39
35 55
35 19
35 54
35 232
35 66
36 100
36 24
36 55
36 67
36 84
36 99
36 54
36 35
36 47
36 68
36 39
36 51
36 69
36 18
36 7
36 33
36 83
36 52
36 6
36 70
37 51
37 67
37 32
37 6
37 33
37 100
37 36
37 101
37 3
37 41
37 8
37 56
37 72
37 34
37 5
37 42
37 55
37 2
37 39
37 71
38 7
38 70
38 57
38 73
38 101
38 102
38 52
38 34
38 23
38 4
38 36
38 103
38 8
38 37
38 35
38 39
38 9
38 19
38 43
38 87
39 52
39 104
39 19
39 26
39 41
39 73
39 6
39 119
39 35
39 54
39 27
39 44
39 69
39 4
39 51
39 10
39 58
39 40
39 8
39 53
40 36
40 89
40 39
40 88
40 44
40 20
40 11
40 35
40 90
40 56
40 23
40 27
40 59
40 8
40 42
40 87
40 43
40 5
40 9
40 26
41 70
41 76
41 7
41 72
41 104
41 54
41 37
41 21
41 56
41 58
41 73
41 25
41 11
41 61
41 46
41 45
41 6
41 24
41 29
41 105
42 27
42 54
42 12
42 72
42 73
42 41
42 90
42 56
42 62
42 71
42 88
42 23
42 40
42 106
42 47
42 55
42 11
42 9
42 75
42 76
43 77
43 123
43 42
43 72
43 30
43 91
43 28
43 24
43 40
43 59
43 75
43 9
43 13
43 45
43 11
43 58
43 55
43 106
43 8
43 10
44 57
44 74
44 33
44 47
44 124
44 15
44 32
44 9
44 91
44 10
44 41
44 90
44 75
44 42
44 56
44 108
44 45
44 30
44 11
44 58
45 40
45 16
45 77
45 10
45 25
45 93
45 230
45 94
45 15
45 91
45 47
45 228
45 44
45 41
45 34
45 43
45 48
45 17
45 30
45 234
46 80
46 126
46 209
46 216
46 230
46 65
46 225
46 210
46 213
46 41
46 15
46 78
46 109
46 11
46 111
46 238
46 33
46 223
46 95
46 75
47 78
47 33
47 192
47 205
47 236
47 222
47 76
47 81
47 211
47 93
47 36
47 48
47 233
47 110
47 31
47 29
47 77
47 127
47 214
47 221
48 16
48 204
48 235
48 93
48 2
48 14
48 111
48 236
48 67
48 62
48 192
48 97
48 239
48 113
48 81
48 228
48 199
48 96
48 95
48 196
49 46
49 37
49 98
49 54
49 219
49 82
49 226
49 218
49 36
49 35
49 235
49 18
49 213
49 17
49 0
49 113
49 34
49 237
49 217
49 48
50 100
50 37
50 70
50 114
50 46
50 226
50 53
50 229
50 98
50 235
50 231
50 48
50 17
50 232
50 115
50 61
50 130
50 49
50 83
50 84
51 63
51 36
51 39
51 18
51 68
51 81
51 115
51 17
51 1
51 116
51 5
51 98
51 54
51 67
51 34
51 21
51 48
51 38
51 32
51 100
52 57
52 132
52 37
52 2
52 66
52 6
52 55
52 81
52 23
52 17
52 65
52 71
52 63
52 82
52 33
52 3
52 86
52 48
52 40
52 19
53 55
53 69
53 67
53 41
53 73
53 38
53 71
53 56
53 52
53 18
53 88
53 5
53 54
53 85
53 35
53 19
53 24
53 37
53 33
53 34
54 69
54 85
54 56
54 35
54 4
54 52
54 23
54 71
54 100
54 88
54 70
54 104
54 89
54 53
54 134
54 6
54 86
54 5
54 22
54 117
55 53
55 5
55 37
55 101
55 119
55 72
55 58
55 59
55 51
55 8
55 87
55 25
55 85
55 84
55 40
55 75
55 54
55 23
55 7
55 104
56 53
56 10
56 104
56 37
56 70
56 76
56 25
56 39
56 88
56 105
56 72
56 71
56 38
56 40
56 102
56 69
56 87
56 74
56 121
56 52
57 90
57 45
57 106
57 56
57 60
57 92
57 54
57 74
57 23
57 72
57 86
57 137
57 77
57 61
57 73
57 8
57 26
57 40
57 10
57 25
58 122
58 55
58 45
58 39
58 24
58 105
58 77
58 56
58 10
58 53
58 73
58 87
58 11
58 72
58 90
58 89
58 107
58 61
58 28
58 104
59 122
59 89
59 12
59 74
59 58
59 77
59 39
59 107
59 47
59 30
59 63
59 106
59 46
59 93
59 108
59 54
59 28
59 48
59 29
59 24
60 46
60 90
60 107
60 92
60 26
60 42
60 123
60 13
60 29
60 64
60 94
60 93
60 44
60 75
60 12
60 58
60 40
60 91
60 89
60 28
61 75
61 62
61 32
61 48
61 90
61 108
61 63
61 95
61 15
61 141
61 27
61 47
61 91
61 28
61 45
61 57
61 74
61 60
61 93
61 56
62 142
62 46
62 64
62 77
62 60
62 61
62 42
62 47
62 232
62 233
62 95
62 50
62 75
62 30
62 93
62 65
62 43
62 16
62 230
62 27
63 225
63 58
63 236
63 64
63 61
63 95
63 46
63 111
63 14
63 15
63 75
63 211
63 223
63 34
63 67
63 110
63 126
63 76
63 32
63 78
64 216
64 222
64 235
64 68
64 95
64 77
64 79
64 236
64 83
64 63
64 97
64 18
64 61
64 109
64 144
64 16
64 225
64 111
64 0
64 1
65 66
65 79
65 62
65 51
65 145
65 68
65 2
65 93
65 81
65 115
65 96
65 94
65 226
65 33
65 34
65 35
65 224
65 130
65 238
65 50
66 84
66 3
66 36
66 64
66 33
66 96
66 62
66 54
66 20
66 83
66 65
66 116
66 94
66 146
66 52
66 82
66 100
66 111
66 78
66 16
67 4
67 34
67 131
67 19
67 53
67 147
67 54
67 99
67 65
67 113
67 117
67 17
67 132
67 114
67 70
67 68
67 71
67 87
67 116
67 84
68 67
68 65
68 21
68 98
68 56
68 66
68 103
68 117
68 53
68 20
68 115
68 38
68 72
68 131
68 34
68 50
68 37
68 71
68 36
68 80
69 117
69 88
69 40
69 37
69 74
69 64
69 38
69 68
69 23
69 119
69 34
69 72
69 49
69 81
69 103
69 50
69 35
69 84
69 53
69 71
70 41
70 116
70 74
70 24
70 52
70 51
70 53
70 100
70 50
70 21
70 66
70 120
70 7
70 150
70 72
70 101
70 90
70 40
70 57
70 134
71 104
71 38
71 36
71 55
71 51
71 134
71 22
71 6
71 7
71 120
71 52
71 117
71 53
71 87
71 84
71 56
71 88
71 118
71 73
71 151
72 9
72 7
72 59
72 122
72 41
72 24
72 74
72 58
72 104
72 76
72 57
72 85
72 91
72 22
72 87
72 136
72 67
72 107
72 43
72 70
73 56
73 105
73 26
73 138
73 44
73 10
73 74
73 59
73 91
73 108
73 123
73 121
73 57
73 9
73 104
73 87
73 60
73 71
73 58
73 119
74 27
74 25
74 24
74 56
74 107
74 90
74 76
74 60
74 86
74 9
74 42
74 43
74 122
74 109
74 120
74 59
74 54
74 121
74 10
74 55
75 63
75 92
75 74
75 55
75 25
75 26
75 57
75 56
75 71
75 105
75 11
75 40
75 106
75 122
75 123
75 12
75 108
75 124
75 41
75 107
76 45
76 123
76 105
76 46
76 77
76 72
76 64
76 139
76 124
76 122
76 107
76 56
76 109
76 71
76 28
76 59
76 95
76 126
76 30
76 110
77 106
77 90
77 107
77 43
77 125
77 127
77 75
77 110
77 44
77 96
77 14
77 81
77 59
77 157
77 73
77 92
77 108
77 76
77 94
77 60
78 94
78 44
78 73
78 75
78 142
78 45
78 62
78 80
78 93
78 127
78 58
78 91
78 43
78 90
78 47
78 32
78 79
78 76
78 46
78 141
79 97
79 232
79 112
79 17
79 78
79 111
79 49
79 82
79 237
79 14
79 64
79 81
79 47
79 44
79 68
79 30
79 143
79 92
79 0
79 59
80 129
80 51
80 85
80 81
80 125
80 145
80 79
80 236
80 225
80 0
80 112
80 226
80 97
80 50
80 91
80 65
80 78
80 68
80 160
80 92
81 47
81 115
81 82
81 96
81 95
81 48
81 161
81 85
81 16
81 100
81 62
81 131
81 146
81 109
81 50
81 65
81 79
81 64
81 113
81 68
82 97
82 117
82 100
82 145
82 79
82 98
82 83
82 110
82 94
82 87
82 64
82 35
82 146
82 69
82 115
82 65
82 112
82 19
82 80
82 50
83 99
83 70
83 69
83 84
83 80
83 117
83 66
83 67
83 34
83 20
83 65
83 85
83 48
83 94
83 103
83 131
83 116
83 19
83 33
83 87
84 34
84 21
84 68
84 4
84 81
84 116
84 38
84 149
84 20
84 101
84 130
84 98
84 132
84 114
84 133
84 131
84 51
84 37
84 99
84 72
85 81
85 39
85 36
85 86
85 82
85 51
85 115
85 73
85 149
85 54
85 88
85 132
85 150
85 37
85 65
85 117
85 38
85 35
85 135
85 84
86 81
86 104
86 40
86 115
86 89
86 133
86 136
86 52
86 106
86 22
86 73
86 117
86 84
86 135
86 91
86 66
86 53
86 55
86 39
86 21
87 73
87 75
87 72
87 120
87 54
87 136
87 101
87 152
87 116
87 52
87 91
87 37
87 151
87 105
87 103
87 135
87 41
87 100
87 88
87 118
88 118
88 54
88 101
88 38
88 8
88 137
88 105
88 59
88 87
88 135
88 102
88 75
88 108
88 72
88 24
88 89
88 138
88 55
88 104
88 73
89 54
89 137
89 139
89 90
89 138
89 88
89 59
89 122
89 169
89 42
89 92
89 93
89 154
89 120
89 85
89 107
89 108
89 101
89 57
89 77
90 43
90 75
90 110
90 124
90 73
90 104
90 103
90 25
90 122
90 44
90 88
90 78
90 92
90 71
90 59
90 123
90 94
90 57
90 119
90 40
91 155
91 94
91 11
91 92
91 27
91 93
91 122
91 154
91 42
91 87
91 28
91 41
91 103
91 77
91 125
91 90
91 104
91 138
91 89
91 141
92 57
92 172
92 46
92 81
92 125
92 127
92 95
92 87
92 138
92 89
92 111
92 141
92 108
92 106
92 96
92 73
92 140
92 74
92 79
92 156
93 158
93 112
93 123
93 139
93 75
93 79
93 63
93 43
93 61
93 76
93 143
93 88
93 60
93 29
93 124
93 96
93 64
93 97
93 62
93 142
94 81
94 30
94 77
94 61
94 143
94 142
94 111
94 107
94 157
94 31
94 46
94 32
94 44
94 78
94 141
94 113
94 63
94 98
94 64
94 96
95 83
95 112
95 90
95 97
95 63
95 141
95 48
95 78
95 113
95 66
95 107
95 30
95 84
95 60
95 158
95 108
95 175
95 16
95 91
95 65
96 50
96 110
96 32
96 93
96 176
96 144
96 131
96 97
96 101
96 175
96 125
96 80
96 16
96 108
96 113
96 92
96 116
96 145
96 64
96 66
97 99
97 126
97 144
97 108
97 102
97 147
97 129
97 80
97 127
97 130
97 68
97 114
97 33
97 85
97 110
97 132
97 93
97 161
97 17
97 113
98 127
98 161
98 34
98 103
98 113
98 51
98 81
98 49
98 111
98 82
98 33
98 68
98 66
98 147
98 144
98 126
98 80
98 114
98 162
98 94
99 96
99 83
99 163
99 134
99 102
99 149
99 117
99 97
99 119
99 85
99 133
99 129
99 114
99 128
99 69
99 82
99 147
99 127
99 111
99 64
100 148
100 114
100 133
100 51
100 112
100 85
100 69
100 52
100 81
100 71
100 36
100 99
100 116
100 130
100 135
100 164
100 165
100 35
100 87
100 67
101 113
101 85
101 147
101 66
101 88
101 150
101 114
101 136
101 120
101 87
101 89
101 103
101 148
101 164
101 99
101 52
101 131
101 100
101 96
101 69
102 134
102 55
102 90
102 87
102 83
102 68
102 53
102 86
102 98
102 70
102 99
102 52
102 54
102 133
102 71
102 115
102 72
102 152
102 151
102 84
103 149
103 133
103 72
103 98
103 104
103 115
103 122
103 105
103 53
103 152
103 91
103 88
103 150
103 106
103 183
103 55
103 138
103 73
103 99
103 101
104 169
104 106
104 75
104 56
104 108
104 133
104 153
104 84
104 72
104 55
104 102
104 136
104 168
104 103
104 167
104 89
104 69
104 88
104 91
104 123
105 57
105 56
105 40
105 135
105 70
105 138
105 110
105 124
105 100
105 136
105 109
105 139
105 102
105 92
105 137
105 58
105 55
105 121
105 122
105 73
106 58
106 169
106 26
106 124
106 56
106 137
106 136
106 75
106 87
106 155
106 88
106 141
106 123
106 120
106 110
106 101
106 122
106 71
106 126
106 108
107 44
107 140
107 103
107 121
107 170
107 141
107 74
107 155
107 96
107 139
107 122
107 126
107 123
107 27
107 172
107 119
107 153
107 95
107 187
107 105
108 60
108 96
108 122
108 105
108 92
108 43
108 156
108 80
108 173
108 90
108 79
108 106
108 120
108 97
108 121
108 107
108 126
108 142
108 125
108 88
109 113
109 44
109 90
109 74
109 94
109 142
109 155
109 105
109 60
109 121
109 95
109 77
109 141
109 157
109 96
109 62
109 124
109 112
109 63
109 79
110 158
110 78
110 75
110 144
110 174
110 90
110 175
110 113
110 46
110 48
110 47
110 105
110 122
110 30
110 82
110 127
110 65
110 94
110 140
110 123
111 130
111 157
111 125
111 159
111 92
111 66
111 115
111 145
111 61
111 129
111 109
111 79
111 142
111 63
111 80
111 114
111 99
111 97
111 78
111 48
112 125
112 113
112 81
112 175
112 140
112 115
112 158
112 64
112 127
112 157
112 95
112 32
112 141
112 114
112 123
112 97
112 131
112 162
112 177
112 93
113 160
113 33
113 146
113 130
113 98
113 162
113 142
113 193
113 110
113 161
113 112
113 66
113 125
113 141
113 131
113 111
113 176
113 50
113 118
113 49
114 67
114 194
114 95
114 65
114 68
114 129
114 112
114 127
114 66
114 178
114 113
114 82
114 97
114 131
114 146
114 34
114 85
114 159
114 101
114 51
115 132
115 195
115 117
115 129
115 65
115 114
115 52
115 143
115 161
115 81
115 134
115 146
115 120
115 98
115 128
115 67
115 164
115 178
115 118
115 51
116 134
116 36
116 103
116 114
116 132
116 136
116 51
116 145
116 129
116 147
116 121
116 165
116 68
116 196
116 112
116 179
116 131
116 87
116 84
116 162
117 98
117 129
117 149
117 86
117 165
117 136
117 148
117 69
117 84
117 116
117 88
117 119
117 167
117 102
117 67
117 71
117 121
117 146
117 85
117 100
118 83
118 150
118 69
118 122
118 54
118 113
118 53
118 168
118 147
118 105
118 70
118 117
118 100
118 116
118 101
118 135
118 119
118 121
118 130
118 104
119 117
119 123
119 124
119 139
119 69
119 87
119 169
119 102
119 72
119 100
119 84
119 134
119 199
119 99
119 154
119 116
119 121
119 88
119 131
119 73
120 167
120 168
120 132
120 185
120 138
120 125
120 101
120 119
120 139
120 134
120 152
120 104
120 154
120 56
120 149
120 107
120 57
120 87
120 124
120 103
121 150
121 152
121 89
121 156
121 41
121 86
121 155
121 168
121 72
121 171
121 74
121 105
121 120
121 167
121 118
121 154
121 119
121 106
121 137
121 88
122 87
122 135
122 118
122 89
122 72
122 110
122 103
122 93
122 109
122 90
122 42
122 117
122 156
122 123
122 75
122 142
122 121
122 137
122 73
122 172
123 112
123 77
123 118
123 92
123 60
123 140
123 155
123 125
123 137
123 142
123 90
123 107
123 126
123 119
123 187
123 91
123 106
123 94
123 75
123 157
124 75
124 170
124 113
124 95
124 156
124 138
124 111
124 110
124 141
124 137
124 78
124 60
124 157
124 158
124 139
124 123
124 91
124 96
124 106
124 108
125 108
125 144
125 139
125 62
125 105
125 128
125 138
125 205
125 45
125 94
125 114
125 97
125 188
125 140
125 143
125 77
125 141
125 91
125 127
125 95
126 174
126 78
126 173
126 114
126 64
126 142
126 189
126 155
126 138
126 92
126 123
126 140
126 106
126 113
126 125
126 144
126 63
126 107
126 130
126 206
127 115
127 108
127 130
127 82
127 65
127 94
127 175
127 78
127 79
127 190
127 158
127 129
127 92
127 141
127 113
127 139
127 48
127 47
127 107
127 207
128 193
128 162
128 177
128 146
128 144
128 130
128 142
128 48
128 94
128 64
128 127
128 161
128 125
128 192
128 160
128 95
128 109
128 79
128 112
128 124
129 163
129 83
129 144
129 145
129 159
129 174
129 162
129 158
129 125
129 97
129 176
129 132
129 141
129 142
129 128
129 96
129 209
129 143
129 111
129 99
130 134
130 115
130 131
130 101
130 148
130 149
130 164
130 141
130 159
130 84
130 116
130 132
130 129
130 150
130 176
130 96
130 195
130 133
130 160
130 193
131 102
131 84
131 161
131 114
131 115
131 132
131 160
131 133
131 97
131 134
131 162
131 166
131 164
131 195
131 163
131 112
131 159
131 113
131 144
131 135
132 196
132 178
132 100
132 115
132 130
132 128
132 69
132 68
132 180
132 97
132 197
132 103
132 82
132 182
132 163
132 84
132 120
132 118
132 83
132 117
133 146
133 145
133 68
133 183
133 113
133 130
133 116
133 115
133 182
133 138
133 69
133 151
133 83
133 165
133 85
133 104
133 101
133 131
133 147
133 179
134 167
134 114
134 153
134 116
134 165
134 100
134 119
134 133
134 103
134 146
134 86
134 198
134 168
134 136
134 105
134 118
134 84
134 135
134 183
134 182
135 102
135 139
135 89
135 183
135 149
135 166
135 137
135 199
135 148
135 185
135 105
135 116
135 198
135 120
135 123
135 106
135 147
135 167
135 88
135 117
136 133
136 139
136 105
136 201
136 167
136 120
136 137
136 88
136 106
136 166
136 216
136 122
136 150
136 185
136 186
136 90
136 103
136 86
136 183
136 121
137 107
137 108
137 88
137 132
137 139
137 102
137 89
137 90
137 133
137 166
137 156
137 152
137 122
137 171
137 149
137 104
137 138
137 120
137 72
137 106
138 134
138 153
138 152
138 169
138 168
138 203
138 184
138 58
138 201
138 89
138 173
138 188
138 119
138 186
138 154
138 122
138 170
138 155
138 202
138 118
139 142
139 138
139 157
139 134
139 136
139 168
139 92
139 158
139 106
139 109
139 121
139 143
139 174
139 125
139 172
139 186
139 203
139 185
139 59
139 189
140 205
140 91
140 94
140 75
140 109
140 190
140 127
140 106
140 136
140 129
140 155
140 159
140 90
140 170
140 220
140 169
140 93
140 188
140 107
140 154
141 139
141 129
141 171
141 107
141 92
141 136
141 93
141 121
141 158
141 159
141 140
141 190
141 109
141 95
141 126
141 144
141 122
141 127
141 175
141 128
142 171
142 97
142 114
142 156
142 161
142 94
142 154
142 172
142 130
142 123
142 143
142 160
142 92
142 125
142 191
142 146
142 108
142 207
142 190
142 139
143 159
143 157
143 126
143 129
143 192
143 96
143 206
143 191
143 141
143 80
143 81
143 174
143 127
143 172
143 145
143 161
143 63
143 175
143 123
143 78
144 157
144 194
144 208
144 155
144 147
144 159
144 148
144 161
144 192
144 141
144 146
144 98
144 162
144 64
144 207
144 131
144 143
144 177
144 145
144 179
145 143
145 207
145 141
145 159
145 144
145 193
145 156
145 148
145 149
145 80
145 131
145 180
145 190
145 99
145 81
145 147
145 114
145 160
145 82
145 177
146 144
146 165
146 181
146 66
146 143
146 83
146 150
146 148
146 160
146 175
146 147
146 157
146 97
146 166
146 177
146 82
146 127
146 96
146 134
146 115
147 135
147 196
147 159
147 133
147 180
147 67
147 144
147 163
147 118
147 97
147 195
147 83
147 116
147 167
147 160
147 151
147 161
147 152
147 143
147 181
148 147
148 159
148 197
148 99
148 144
148 162
148 213
148 101
148 145
148 182
148 84
148 211
148 113
148 178
148 161
148 198
148 85
148 128
148 179
148 134
149 166
149 146
149 178
149 84
149 100
149 197
149 198
149 136
149 114
149 147
149 180
149 129
149 134
149 163
149 213
149 162
149 167
149 148
149 117
149 214
150 102
150 101
150 199
150 180
150 149
150 170
150 115
150 100
150 104
150 136
150 167
150 86
150 215
150 134
150 145
150 103
150 87
150 133
150 198
150 152
151 101
151 166
151 135
151 150
151 149
151 122
151 180
151 198
151 214
151 137
151 155
151 231
151 168
151 148
151 146
151 152
151 216
151 136
151 169
151 86
152 105
152 106
152 122
152 123
152 138
152 102
152 170
152 202
152 147
152 155
152 153
152 185
152 72
152 149
152 215
152 181
152 148
152 182
152 137
152 139
153 168
153 119
153 171
153 188
153 169
153 218
153 73
153 156
153 216
153 157
153 151
153 165
153 140
153 154
153 120
153 173
153 105
153 138
153 217
153 88
154 172
154 173
154 187
154 203
154 149
154 202
154 122
154 185
154 125
154 153
154 119
154 105
154 150
154 234
154 123
154 136
154 217
154 138
154 184
154 107
155 135
155 173
155 205
155 159
155 105
155 138
155 150
155 139
155 172
155 171
155 121
155 90
155 167
155 107
155 109
155 120
155 218
155 91
155 140
155 189
156 93
156 110
156 76
156 187
156 157
156 221
156 203
156 155
156 128
156 107
156 191
156 170
156 126
156 174
156 121
156 154
156 136
156 140
156 206
156 109
157 153
157 155
157 124
157 123
157 221
157 94
157 160
157 205
157 110
157 174
157 126
157 143
157 156
157 92
157 176
157 172
157 140
157 175
157 141
157 159
158 94
158 204
158 129
158 170
158 145
158 96
158 172
158 190
158 124
158 141
158 126
158 192
158 171
158 207
158 127
158 221
158 138
158 159
158 111
158 125
159 94
159 110
159 174
159 79
159 162
159 146
159 141
159 189
159 156
159 188
159 208
159 154
159 172
159 130
159 147
159 109
159 158
159 111
159 112
159 113
160 128
160 112
160 239
160 159
160 129
160 209
160 158
160 224
160 130
160 223
160 172
160 173
160 126
160 163
160 114
160 165
160 208
160 141
160 146
160 191
161 127
161 145
161 174
161 189
161 163
161 196
161 149
161 225
161 175
161 143
161 148
161 209
161 181
161 165
161 178
161 162
161 210
161 177
161 190
161 160
162 158
162 193
162 194
162 145
162 132
162 161
162 197
162 128
162 129
162 192
162 166
162 209
162 182
162 98
162 150
162 225
162 160
162 177
162 131
162 167
163 198
163 210
163 151
163 182
163 161
163 16
163 211
163 144
163 147
163 167
163 168
163 133
163 146
163 196
163 114
163 192
163 100
163 145
163 178
163 175
164 117
164 229
164 210
164 144
164 135
164 146
164 199
164 145
164 115
164 211
164 161
164 228
164 118
164 147
164 182
164 99
164 177
164 84
164 129
164 152
165 214
165 149
165 102
165 115
165 132
165 162
165 133
165 183
165 200
165 153
165 178
165 230
165 135
165 212
165 229
165 197
165 161
165 228
165 177
165 147
166 170
166 169
166 118
166 186
166 132
166 163
166 200
166 195
166 135
166 215
166 117
166 181
166 182
166 161
166 131
166 146
166 102
166 180
166 229
166 216
167 230
167 165
167 187
167 136
167 121
167 154
167 184
167 118
167 103
167 104
167 199
167 172
167 137
167 117
167 215
167 149
167 169
167 202
167 197
167 201
168 184
168 163
168 231
168 122
168 181
168 133
168 154
168 180
168 185
168 164
168 121
168 119
168 150
168 118
168 167
168 199
168 214
168 148
168 139
168 170
169 218
169 106
169 181
169 216
169 199
169 165
169 204
169 171
169 202
169 154
169 136
169 232
169 104
169 167
169 153
169 138
169 217
169 89
169 122
169 215
170 105
170 235
170 165
170 121
170 173
170 188
170 233
170 139
170 120
170 124
170 152
170 182
170 136
170 184
170 135
170 205
170 187
170 140
170 203
170 234
171 188
171 236
171 91
171 167
171 185
171 201
171 184
171 234
171 166
171 154
171 191
171 221
171 172
171 175
171 123
171 158
171 202
171 151
171 220
171 124
172 170
172 92
172 222
172 173
172 167
172 201
172 171
172 140
172 188
172 185
172 237
172 174
172 141
172 205
172 109
172 161
172 202
172 203
172 189
172 204
173 138
173 170
173 155
173 161
173 203
173 207
173 177
173 172
173 202
173 154
173 221
173 169
173 219
173 141
173 156
173 93
173 158
173 189
173 238
173 223
174 157
174 176
174 223
174 193
174 170
174 158
174 190
174 146
174 129
174 162
174 222
174 16
174 127
174 192
174 206
174 110
174 111
174 205
174 171
174 141
175 174
175 187
175 125
175 127
175 143
175 145
175 111
175 170
175 96
175 192
175 158
175 238
175 190
175 178
175 221
175 189
175 172
175 194
175 113
175 156
176 222
176 158
176 204
176 192
176 225
176 187
176 174
176 162
176 231
176 160
176 142
176 145
176 178
176 221
176 196
176 159
176 235
176 129
176 181
176 113
177 16
177 212
177 210
177 130
177 209
177 145
177 235
177 197
177 211
177 232
177 188
177 112
177 131
177 179
177 114
177 196
177 148
177 173
177 225
177 234
178 166
178 0
178 131
178 132
178 237
178 239
178 183
178 232
178 224
178 233
178 206
178 193
178 208
178 229
178 190
178 149
178 31
178 195
178 238
178 128
179 147
179 165
179 209
179 184
179 210
179 213
179 193
179 239
179 195
179 212
179 133
179 161
179 208
179 233
179 99
179 211
179 164
179 149
179 226
179 163
180 100
180 179
180 161
180 176
180 200
180 210
180 166
180 133
180 145
180 131
180 227
180 16
180 31
180 231
180 177
180 32
180 168
180 193
180 215
180 178
181 239
181 199
181 180
181 0
181 233
181 147
181 197
181 183
181 177
181 163
181 166
181 200
181 149
181 236
181 212
181 228
181 162
181 193
181 179
181 210
182 217
182 181
182 184
182 183
182 153
182 229
182 178
182 162
182 117
182 212
182 168
182 177
182 187
182 132
182 236
182 152
182 150
182 233
182 167
182 199
183 103
183 181
183 118
183 133
183 188
183 187
183 136
183 234
183 235
183 150
183 197
183 230
183 184
183 202
183 212
183 229
183 153
183 203
183 225
183 239
184 196
184 189
184 136
184 228
184 183
184 230
184 179
184 32
184 186
184 120
184 164
184 216
184 172
184 134
184 225
184 150
184 229
184 16
184 217
184 187
185 152
185 183
185 156
185 173
185 217
185 231
185 228
185 233
185 225
185 215
185 171
185 105
185 155
185 197
185 139
185 135
185 120
185 226
185 182
185 216
186 121
186 188
186 155
186 153
186 181
186 204
186 228
186 236
186 229
186 157
186 187
186 185
186 140
186 239
186 230
186 233
186 220
186 152
186 237
186 0
187 183
187 234
187 158
187 156
187 191
187 153
187 204
187 122
187 236
187 189
187 200
187 238
187 206
187 123
187 203
187 0
187 233
187 218
187 221
187 216
188 155
188 0
188 225
188 138
188 31
188 159
188 217
188 230
188 205
188 235
188 158
188 172
188 187
188 202
188 204
188 174
188 108
188 218
188 186
188 141
189 201
189 229
189 206
189 124
189 16
189 175
189 126
189 170
189 161
189 193
189 220
189 169
189 190
189 178
189 192
189 160
189 174
189 142
189 155
189 230
190 186
190 221
190 193
190 187
190 0
190 161
190 143
190 232
190 209
190 230
190 231
190 175
190 171
190 141
190 235
190 188
190 233
190 236
190 229
190 126
191 236
191 171
191 126
191 17
191 234
191 203
191 232
191 128
191 209
191 208
191 222
191 223
191 192
191 227
191 230
191 146
191 176
191 228
191 180
191 112
192 179
192 221
192 218
192 180
192 158
192 176
192 238
192 216
192 211
192 194
192 193
192 30
192 0
192 196
192 205
192 220
192 18
192 162
192 239
192 222
193 0
193 162
193 204
193 195
193 205
193 196
193 217
193 146
193 225
193 231
193 226
193 177
193 238
193 160
193 190
193 228
193 176
193 219
193 197
193 129
194 205
194 197
194 180
194 15
194 209
194 176
194 144
194 199
194 235
194 177
194 30
194 237
194 146
194 217
194 226
194 229
194 231
194 175
194 220
194 18
195 164
195 237
195 145
195 160
195 215
195 48
195 191
195 194
195 162
195 207
195 212
195 223
195 239
195 179
195 196
195 234
195 210
195 214
195 161
195 206
196 209
196 162
196 15
196 131
196 218
196 215
196 193
196 194
196 226
196 116
196 0
196 150
196 210
196 181
196 201
196 179
196 238
196 233
196 133
196 231
197 220
197 0
197 151
197 213
197 31
197 231
197 185
197 199
197 183
197 179
197 215
197 181
197 212
197 16
197 196
197 211
197 209
197 234
197 229
197 239
198 149
198 148
198 183
198 151
198 194
198 178
198 17
198 218
198 135
198 181
198 227
198 238
198 165
198 16
198 236
198 18
198 203
198 152
198 232
198 217
199 217
199 196
199 226
199 179
199 237
199 135
199 212
199 165
199 151
199 231
199 30
199 200
199 218
199 183
199 203
199 32
199 152
199 209
199 33
199 169
200 137
200 182
200 216
200 234
200 199
200 120
200 228
200 223
200 48
200 219
200 224
200 214
200 30
200 237
200 230
200 208
200 150
200 153
200 217
200 154
201 187
201 218
201 170
201 239
201 208
201 199
201 185
201 189
201 232
201 0
201 213
201 217
201 225
201 202
201 205
201 206
201 1
201 228
201 166
201 188
202 15
202 208
202 16
202 218
202 183
202 172
202 237
202 222
202 33
202 203
202 153
202 231
202 227
202 17
202 32
202 198
202 230
202 48
202 31
202 137
203 191
203 229
203 1
203 230
203 217
203 186
203 138
203 234
203 172
203 213
203 225
203 173
203 155
203 214
203 187
203 226
203 206
203 17
203 18
203 140
204 220
204 193
204 172
204 15
204 176
204 158
204 236
204 191
204 184
204 32
204 48
204 238
204 31
204 222
204 155
204 201
204 214
204 169
204 190
204 210
205 207
205 177
205 224
205 17
205 222
205 1
205 47
205 225
205 175
205 201
205 186
205 227
205 210
205 15
205 217
205 33
205 187
205 188
205 208
205 234
206 48
206 221
206 191
206 141
206 222
206 195
206 214
206 174
206 231
206 194
206 177
206 193
206 30
206 209
206 225
206 236
206 207
206 224
206 47
206 201
207 174
207 239
207 188
207 224
207 233
207 189
207 215
207 235
207 234
207 226
207 47
207 192
207 217
207 227
207 32
207 202
207 191
207 204
207 173
207 212
208 1
208 128
208 16
208 176
208 215
208 216
208 30
208 144
208 230
208 220
208 210
208 211
208 234
208 214
208 200
208 205
208 160
208 15
208 194
208 197
209 224
209 18
209 47
209 223
209 205
209 235
209 195
209 161
209 177
209 227
209 196
209 163
209 17
209 222
209 34
209 231
209 232
209 237
209 192
209 225
210 19
210 179
210 225
210 32
210 145
210 228
210 207
210 196
210 201
210 202
210 163
210 208
210 46
210 221
210 214
210 14
210 17
210 198
210 227
210 164
211 225
211 205
211 19
211 179
211 228
211 146
211 47
211 213
211 197
211 233
211 209
211 194
211 201
211 204
211 64
211 31
211 229
211 162
211 237
211 147
212 214
212 16
212 178
212 196
212 233
212 230
212 64
212 132
212 166
212 164
212 223
212 207
212 235
212 46
212 239
212 238
212 165
212 208
212 15
212 147
213 166
213 233
213 48
213 33
213 150
213 184
213 192
213 32
213 196
213 232
213 193
213 34
213 218
213 238
213 202
213 47
213 149
213 19
213 228
213 163
214 183
214 17
214 213
214 182
214 197
214 204
214 150
214 47
214 134
214 226
214 166
214 233
214 238
214 206
214 193
214 179
214 207
214 218
214 232
214 63
215 234
215 166
215 182
215 30
215 225
215 2
215 194
215 15
215 29
215 186
215 195
215 152
215 227
215 46
215 201
215 235
215 17
215 237
215 231
215 63
216 219
216 16
216 46
216 170
216 47
216 218
216 152
216 208
216 181
216 236
216 194
216 205
216 207
216 15
216 32
216 220
216 18
216 221
216 167
216 196
217 182
217 193
217 207
217 49
217 221
217 239
217 226
217 46
217 183
217 206
217 198
217 204
217 14
217 211
217 34
217 153
217 223
217 219
217 208
217 229
218 196
218 188
218 233
218 231
218 171
218 229
218 203
218 237
218 205
218 238
218 194
218 0
218 225
218 222
218 216
218 215
218 197
218 234
218 183
218 16
219 186
219 155
219 220
219 217
219 139
219 212
219 19
219 33
219 64
219 171
219 173
219 18
219 170
219 156
219 228
219 225
219 236
219 213
219 239
219 222
220 192
220 195
220 194
220 157
220 215
220 233
220 170
220 63
220 17
220 201
220 221
220 2
220 224
220 196
220 190
220 32
220 140
220 235
220 0
220 156
221 238
221 30
221 63
221 215
221 235
221 0
221 46
221 204
221 231
221 171
221 188
221 172
221 195
221 34
221 237
221 141
221 48
221 239
221 212
221 209
222 15
222 230
222 175
222 205
222 177
222 31
222 14
222 188
222 238
222 199
222 195
222 63
222 198
222 214
222 232
222 220
222 221
222 226
222 229
222 201
223 235
223 238
223 16
223 173
223 232
223 196
223 207
223 191
223 46
223 227
223 15
223 233
223 47
223 231
223 228
223 158
223 195
223 63
223 224
223 239
224 177
224 191
224 62
224 34
224 215
224 63
224 221
224 144
224 206
224 28
224 217
224 218
224 181
224 219
224 29
224 20
224 220
224 203
224 13
224 213
225 161
225 208
225 48
225 215
225 207
225 18
225 218
225 179
225 145
225 1
225 237
225 230
225 45
225 204
225 188
225 213
225 220
225 212
225 47
225 194
226 63
226 2
226 227
226 229
226 186
226 238
226 199
226 146
226 31
226 200
226 239
226 217
226 236
226 220
226 205
226 208
226 181
226 180
226 182
226 204
227 79
227 193
227 35
227 192
227 190
227 238
227 185
227 213
227 229
227 222
227 237
227 28
227 16
227 218
227 206
227 201
227 47
227 179
227 208
227 176
228 194
228 33
228 222
228 200
228 211
228 164
228 207
228 237
228 234
228 17
228 31
228 224
228 219
228 29
228 178
228 183
228 202
228 18
228 230
228 190
229 19
229 221
229 149
229 235
229 223
229 197
229 65
229 233
229 46
229 215
229 195
229 80
229 32
229 199
229 206
229 1
229 222
229 198
229 29
229 203
230 30
230 210
230 204
230 202
230 205
230 180
230 35
230 177
230 29
230 231
230 65
230 187
230 191
230 19
230 34
230 16
230 197
230 190
230 214
230 223
231 34
231 230
231 212
231 221
231 182
231 1
231 20
231 194
231 229
231 151
231 168
231 226
231 65
231 220
231 205
231 178
231 204
231 215
231 217
231 48
232 152
232 209
232 203
232 65
232 13
232 182
232 196
232 186
232 31
232 227
232 223
232 191
232 225
232 180
232 229
232 3
232 176
232 181
232 80
232 17
233 234
233 217
233 62
233 46
233 200
233 236
233 181
233 219
233 215
233 218
233 18
233 20
233 212
233 177
233 231
233 216
233 49
233 168
233 184
233 207
234 223
234 206
234 199
234 29
234 178
234 204
234 62
234 14
234 221
234 209
234 195
234 3
234 28
234 183
234 229
234 197
234 32
234 220
234 231
234 65
235 198
235 206
235 221
235 50
235 170
235 30
235 179
235 225
235 218
235 48
235 233
235 223
235 15
235 227
235 186
235 224
235 17
235 229
235 237
235 19
236 180
236 183
236 29
236 211
236 80
236 196
236 227
236 206
236 208
236 33
236 19
236 46
236 188
236 181
236 1
236 48
236 237
236 190
236 235
236 189
237 178
237 32
237 47
237 209
237 197
237 1
237 200
237 201
237 212
237 49
237 65
237 182
237 187
237 14
237 35
237 216
237 183
237 239
237 16
237 211
238 234
238 174
238 1
238 45
238 186
238 16
238 227
238 236
238 191
238 185
238 204
238 216
238 220
238 193
238 224
238 49
238 190
238 50
238 2
238 196
239 17
239 186
239 176
239 217
239 228
239 80
239 196
239 227
239 13
239 19
239 28
239 212
239 213
239 210
239 177
239 15
239 208
239 48
239 178
239 30
