240 2400
0 64
0 222
0 62
0 13
0 4
0 182
0 196
0 65
0 47
0 16
1 81
1 198
1 207
1 226
1 215
1 211
1 35
1 31
1 48
1 29
2 21
2 5
2 32
2 226
2 34
2 3
2 22
2 230
2 211
2 217
3 233
3 230
3 20
3 0
3 67
3 17
3 5
3 8
3 37
3 231
4 22
4 36
4 21
4 3
4 24
4 6
4 52
4 1
4 7
4 53
5 37
5 0
5 19
5 85
5 23
5 40
5 69
5 24
5 10
5 53
6 21
6 70
6 9
6 23
6 52
6 86
6 36
6 11
6 54
6 26
7 26
7 22
7 72
7 8
7 12
7 56
7 2
7 9
7 3
7 25
8 88
8 38
8 40
8 6
8 10
8 5
8 37
8 27
8 41
8 3
9 13
9 11
9 42
9 14
9 56
9 74
9 6
9 39
9 22
9 41
10 6
10 5
10 9
10 25
10 7
10 73
10 75
10 57
10 15
10 42
11 40
11 74
11 13
11 12
11 8
11 46
11 24
11 27
11 45
11 7
12 26
12 46
12 47
12 31
12 13
12 29
12 10
12 76
12 58
12 43
13 42
13 229
13 45
13 8
13 237
13 59
13 43
13 228
13 11
13 239
14 228
14 226
14 214
14 32
14 234
14 78
14 27
14 16
14 216
14 213
15 228
15 218
15 223
15 61
15 3
15 196
15 200
15 2
15 198
15 192
16 31
16 182
16 20
16 229
16 161
16 211
16 171
16 32
16 29
16 45
17 36
17 203
17 15
17 28
17 0
17 197
17 216
17 63
17 62
17 218
18 65
18 197
18 231
18 224
18 239
18 23
18 216
18 209
18 3
18 14
19 228
19 48
19 3
19 222
19 224
19 233
19 67
19 15
19 213
19 218
20 100
20 70
20 225
20 24
20 40
20 236
20 32
20 36
20 237
20 19
21 54
21 86
21 2
21 38
21 85
21 56
21 35
21 19
21 22
21 4
22 34
22 26
22 2
22 21
22 102
22 68
22 70
22 39
22 54
22 40
23 53
23 87
23 56
23 19
23 38
23 54
23 6
23 42
23 7
23 21
24 28
24 70
24 57
24 26
24 38
24 37
24 9
24 7
24 55
24 71
25 30
25 9
25 41
25 13
25 58
25 7
25 59
25 5
25 105
25 45
26 24
26 12
26 7
26 38
26 56
26 11
26 55
26 44
26 13
26 10
27 58
27 29
27 40
27 42
27 92
27 46
27 24
27 41
27 56
27 62
28 234
28 46
28 224
28 0
28 77
28 14
28 44
28 47
28 59
28 74
29 225
29 220
29 236
29 59
29 235
29 61
29 75
29 77
29 79
29 93
30 16
30 192
30 221
30 209
30 19
30 216
30 77
30 2
30 215
30 231
31 211
31 199
31 194
31 182
31 205
31 224
31 218
31 223
31 28
31 34
32 65
32 230
32 225
32 231
32 232
32 112
32 208
32 204
32 183
32 176
33 36
33 208
33 98
33 200
33 47
33 207
33 225
33 234
33 236
33 50
34 45
34 221
34 84
34 236
34 82
34 15
34 18
34 218
34 52
34 217
35 99
35 66
35 39
35 4
35 49
35 235
35 20
35 115
35 100
35 22
36 83
36 65
36 66
36 41
36 48
36 51
36 53
36 47
36 40
36 100
37 6
37 87
37 25
37 20
37 40
37 19
37 57
37 22
37 54
37 34
38 18
38 55
38 43
38 101
38 85
38 84
38 51
38 24
38 72
38 67
39 53
39 38
39 44
39 69
39 8
39 57
39 104
39 23
39 42
39 21
40 36
40 28
40 22
40 44
40 35
40 60
40 55
40 90
40 57
40 27
41 105
41 71
41 56
41 28
41 60
41 38
41 59
41 10
41 21
41 12
42 89
42 29
42 73
42 58
42 106
42 28
42 62
42 55
42 11
42 72
43 31
43 57
43 91
43 40
43 10
43 26
43 42
43 12
43 25
43 62
44 60
44 40
44 62
44 15
44 48
44 77
44 33
44 109
44 73
44 32
45 108
45 79
45 224
45 25
45 234
45 32
45 232
45 58
45 239
45 64
46 222
46 45
46 30
46 211
46 76
46 18
46 42
46 233
46 208
46 225
47 223
47 44
47 229
47 230
47 66
47 207
47 18
47 80
47 31
47 19
48 80
48 193
48 64
48 209
48 232
48 236
48 52
48 231
48 200
48 68
49 15
49 237
49 54
49 0
49 238
49 113
49 94
49 77
49 48
49 226
50 84
50 52
50 78
50 65
50 225
50 234
50 49
50 114
50 228
50 80
51 38
51 37
51 39
51 5
51 16
51 131
51 20
51 67
51 65
51 17
52 20
52 18
52 57
52 117
52 99
52 19
52 87
52 132
52 115
52 100
53 18
53 101
53 118
53 40
53 7
53 33
53 68
53 49
53 55
53 24
54 36
54 59
54 119
54 5
54 104
54 84
54 35
54 101
54 86
54 74
55 43
55 118
55 86
55 57
55 24
55 21
55 120
55 88
55 20
55 54
56 27
56 53
56 73
56 102
56 87
56 70
56 72
56 121
56 39
56 44
57 22
57 91
57 54
57 53
57 105
57 72
57 62
57 88
57 121
57 106
58 93
58 71
58 25
58 63
58 72
58 91
58 46
58 10
58 56
58 45
59 63
59 62
59 73
59 60
59 29
59 106
59 56
59 10
59 42
59 78
60 25
60 91
60 29
60 11
60 95
60 63
60 75
60 72
60 124
60 56
61 32
61 73
61 92
61 41
61 94
61 95
61 48
61 64
61 63
61 16
62 66
62 51
62 65
62 29
62 229
62 31
62 110
62 238
62 14
62 61
63 77
63 50
63 220
63 28
63 95
63 236
63 233
63 217
63 49
63 221
64 98
64 18
64 65
64 69
64 220
64 52
64 217
64 68
64 209
64 81
65 68
65 83
65 64
65 96
65 232
65 79
65 76
65 18
65 48
65 231
66 16
66 18
66 33
66 69
66 67
66 101
66 63
66 68
66 95
66 97
67 52
67 70
67 114
67 48
67 37
67 115
67 65
67 96
67 84
67 117
68 37
68 35
68 49
68 117
68 52
68 100
68 88
68 21
68 85
68 55
69 57
69 39
69 38
69 51
69 102
69 132
69 119
69 53
69 104
69 36
70 39
70 89
70 67
70 5
70 53
70 58
70 56
70 99
70 52
70 117
71 72
71 73
71 55
71 37
71 135
71 91
71 100
71 40
71 24
71 105
72 26
72 43
72 24
72 91
72 106
72 38
72 67
72 59
72 74
72 53
73 40
73 42
73 119
73 57
73 74
73 75
73 102
73 138
73 85
73 10
74 26
74 70
74 9
74 62
74 24
74 42
74 124
74 154
74 60
74 57
75 42
75 140
75 109
75 121
75 61
75 76
75 79
75 57
75 56
75 104
76 11
76 26
76 95
76 77
76 48
76 28
76 74
76 45
76 44
76 139
77 78
77 125
77 44
77 61
77 108
77 57
77 72
77 47
77 89
77 64
78 60
78 50
78 141
78 16
78 30
78 75
78 158
78 33
78 96
78 46
79 60
79 64
79 96
79 98
79 0
79 226
79 47
79 15
79 235
79 110
80 99
80 83
80 46
80 47
80 31
80 114
80 113
80 111
80 81
80 48
81 51
81 79
81 64
81 62
81 130
81 67
81 48
81 52
81 68
81 95
82 96
82 68
82 132
82 95
82 32
82 129
82 86
82 85
82 80
82 48
83 88
83 19
83 18
83 71
83 86
83 98
83 66
83 147
83 95
83 70
84 98
84 118
84 38
84 134
84 148
84 115
84 36
84 4
84 67
84 100
85 37
85 5
85 56
85 165
85 39
85 35
85 89
85 132
85 82
85 117
86 39
86 105
86 116
86 66
86 120
86 149
86 72
86 88
86 56
86 166
87 133
87 102
87 24
87 92
87 105
87 167
87 70
87 71
87 85
87 57
88 68
88 121
88 40
88 70
88 120
88 118
88 38
88 122
88 103
88 101
89 109
89 26
89 90
89 92
89 43
89 104
89 59
89 60
89 77
89 71
90 55
90 102
90 89
90 40
90 106
90 43
90 122
90 74
90 170
90 87
91 109
91 42
91 88
91 62
91 105
91 126
91 26
91 57
91 56
91 28
92 78
92 110
92 73
92 42
92 74
92 126
92 142
92 57
92 27
92 141
93 81
93 30
93 46
93 28
93 73
93 140
93 108
93 77
93 78
93 112
94 46
94 64
94 142
94 124
94 65
94 174
94 83
94 32
94 159
94 74
95 90
95 158
95 127
95 76
95 96
95 77
95 63
95 143
95 33
95 81
96 66
96 99
96 100
96 79
96 176
96 97
96 32
96 95
96 84
96 101
97 130
97 98
97 132
97 67
97 68
97 115
97 95
97 63
97 143
97 82
98 113
98 147
98 35
98 64
98 101
98 116
98 82
98 81
98 115
98 114
99 113
99 53
99 85
99 164
99 130
99 101
99 146
99 68
99 103
99 36
100 165
100 52
100 103
100 20
100 53
100 80
100 37
100 82
100 111
100 150
101 84
101 96
101 87
101 181
101 132
101 21
101 148
101 105
101 86
101 165
102 117
102 132
102 22
102 133
102 136
102 99
102 98
102 87
102 90
102 37
103 149
103 23
103 116
103 72
103 99
103 68
103 138
103 84
103 166
103 70
104 88
104 153
104 74
104 124
104 184
104 105
104 103
104 41
104 109
104 154
105 85
105 101
105 74
105 134
105 119
105 109
105 75
105 123
105 170
105 139
106 108
106 74
106 153
106 170
106 59
106 121
106 26
106 126
106 58
106 94
107 154
107 91
107 157
107 89
107 104
107 73
107 141
107 93
107 96
107 102
108 89
108 104
108 59
108 156
108 123
108 111
108 95
108 172
108 90
108 96
109 62
109 125
109 98
109 174
109 60
109 110
109 121
109 91
109 61
109 104
110 94
110 111
110 141
110 112
110 159
110 30
110 76
110 128
110 122
110 97
111 113
111 81
111 78
111 47
111 108
111 62
111 91
111 48
111 142
111 94
112 32
112 98
112 96
112 97
112 100
112 127
112 80
112 81
112 93
112 131
113 126
113 178
113 64
113 124
113 101
113 158
113 98
113 109
113 97
113 80
114 179
114 146
114 65
114 83
114 129
114 163
114 164
114 50
114 99
114 51
115 133
115 150
115 147
115 97
115 98
115 50
115 65
115 103
115 144
115 35
116 162
116 120
116 68
116 146
116 101
116 164
116 149
116 113
116 151
116 86
117 114
117 103
117 165
117 102
117 129
117 68
117 180
117 37
117 130
117 197
118 135
118 101
118 138
118 119
118 55
118 136
118 100
118 137
118 123
118 150
119 131
119 137
119 84
119 86
119 73
119 39
119 105
119 121
119 89
119 152
120 136
120 169
120 116
120 85
120 100
120 118
120 134
120 200
120 102
120 57
121 169
121 120
121 154
121 91
121 58
121 72
121 116
121 92
121 201
121 125
122 59
122 152
122 110
122 104
122 202
122 172
122 120
122 91
122 134
122 103
123 122
123 58
123 105
123 110
123 60
123 90
123 89
123 186
123 155
123 203
124 171
124 89
124 76
124 154
124 153
124 92
124 136
124 174
124 44
124 95
125 90
125 92
125 138
125 175
125 155
125 189
125 141
125 45
125 77
125 106
126 145
126 78
126 128
126 114
126 123
126 190
126 95
126 98
126 64
126 129
127 79
127 159
127 96
127 93
127 124
127 92
127 156
127 190
127 78
127 161
128 110
128 147
128 160
128 158
128 145
128 127
128 173
128 163
128 80
128 208
129 111
129 144
129 113
129 66
129 81
129 110
129 97
129 117
129 64
129 127
130 141
130 159
130 98
130 50
130 114
130 160
130 178
130 111
130 67
130 161
131 51
131 143
131 98
131 161
131 160
131 84
131 178
131 119
131 134
131 146
132 179
132 136
132 100
132 101
132 181
132 152
132 197
132 135
132 52
132 134
133 198
133 132
133 86
133 179
133 99
133 181
133 197
133 167
133 116
133 149
134 147
134 70
134 102
134 198
134 133
134 169
134 199
134 105
134 118
134 131
135 123
135 199
135 166
135 182
135 72
135 87
135 100
135 183
135 153
135 200
136 124
136 216
136 138
136 154
136 56
136 166
136 167
136 88
136 201
136 71
137 187
137 217
137 168
137 139
137 107
137 135
137 57
137 140
137 105
137 166
138 167
138 201
138 106
138 125
138 136
138 152
138 185
138 157
138 103
138 133
139 169
139 110
139 157
139 109
139 154
139 152
139 134
139 135
139 123
139 174
140 124
140 92
140 220
140 94
140 125
140 155
140 77
140 159
140 152
140 136
141 93
141 191
141 112
141 139
141 137
141 160
141 126
141 121
141 142
141 156
142 207
142 129
142 159
142 130
142 109
142 172
142 114
142 77
142 122
142 205
143 162
143 190
143 98
143 130
143 161
143 139
143 223
143 93
143 147
143 206
144 96
144 128
144 127
144 110
144 161
144 162
144 148
144 155
144 158
144 159
145 158
145 133
145 195
145 173
145 82
145 146
145 111
145 127
145 180
145 126
146 127
146 165
146 175
146 99
146 196
146 148
146 128
146 195
146 178
146 129
147 131
147 227
147 67
147 152
147 82
147 115
147 145
147 212
147 159
147 134
148 181
148 161
148 149
148 132
148 119
148 100
148 116
148 162
148 98
148 196
149 184
149 120
149 100
149 118
149 161
149 134
149 198
149 178
149 133
149 150
150 213
150 163
150 85
150 116
150 197
150 215
150 136
150 181
150 200
150 133
151 86
151 197
151 87
151 165
151 152
151 117
151 135
151 198
151 167
151 164
152 151
152 88
152 138
152 153
152 155
152 187
152 168
152 119
152 123
152 182
153 149
153 103
153 200
153 88
153 156
153 138
153 124
153 137
153 155
153 165
154 174
154 184
154 74
154 155
154 219
154 186
154 152
154 157
154 183
154 159
155 142
155 151
155 105
155 171
155 122
155 167
155 75
155 235
155 159
155 172
156 169
156 93
156 188
156 123
156 140
156 204
156 220
156 168
156 92
156 108
157 170
157 108
157 206
157 221
157 169
157 143
157 160
157 203
157 191
157 189
158 187
158 171
158 159
158 141
158 207
158 170
158 191
158 110
158 113
158 130
159 207
159 188
159 239
159 144
159 128
159 141
159 112
159 129
159 94
159 147
160 131
160 141
160 180
160 192
160 158
160 144
160 127
160 148
160 96
160 113
161 147
161 192
161 165
161 16
161 208
161 157
161 226
161 190
161 175
161 158
162 148
162 99
162 147
162 116
162 98
162 132
162 146
162 175
162 182
162 165
163 116
163 129
163 151
163 161
163 197
163 16
163 212
163 99
163 149
163 196
164 84
164 161
164 117
164 167
164 168
164 214
164 228
164 166
164 211
164 149
165 211
165 153
165 197
165 166
165 199
165 229
165 177
165 230
165 150
165 145
166 197
166 137
166 195
166 213
166 201
166 164
166 162
166 152
166 118
166 149
167 121
167 231
167 198
167 102
167 202
167 186
167 187
167 138
167 165
167 118
168 16
168 105
168 119
168 218
168 149
168 152
168 118
168 185
168 217
168 88
169 119
169 139
169 232
169 155
169 202
169 89
169 198
169 216
169 173
169 189
170 199
170 235
170 135
170 183
170 233
170 155
170 139
170 165
170 154
170 90
171 139
171 158
171 200
171 156
171 203
171 183
171 220
171 174
171 189
171 124
172 125
172 189
172 123
172 171
172 122
172 109
172 139
172 108
172 201
172 184
173 192
173 203
173 205
173 110
173 142
173 189
173 145
173 161
173 186
173 190
174 171
174 111
174 208
174 125
174 178
174 162
174 94
174 189
174 124
174 126
175 126
175 159
175 155
175 111
175 95
175 192
175 161
175 170
175 179
175 238
176 161
176 160
176 222
176 181
176 146
176 206
176 204
176 226
176 177
176 178
177 212
177 144
177 197
177 128
177 239
177 222
177 143
177 224
177 193
177 190
178 238
178 211
178 208
178 130
178 231
178 227
178 149
178 148
178 237
178 146
179 130
179 148
179 207
179 193
179 211
179 131
179 239
179 209
179 233
179 224
180 198
180 168
180 210
180 0
180 197
180 226
180 196
180 133
180 32
180 130
181 16
181 198
181 176
181 131
181 216
181 178
181 196
181 214
181 226
181 212
182 177
182 148
182 197
182 224
182 164
182 202
182 167
182 234
182 151
182 216
183 226
183 188
183 152
183 228
183 150
183 179
183 170
183 234
183 135
183 233
184 225
184 121
184 153
184 203
184 119
184 186
184 104
184 219
184 172
184 235
185 181
185 201
185 136
185 154
185 225
185 0
185 233
185 238
185 234
185 216
186 167
186 226
186 191
186 217
186 215
186 187
186 235
186 155
186 151
186 185
187 199
187 205
187 236
187 185
187 182
187 206
187 107
187 174
187 184
187 123
188 190
188 230
188 142
188 189
188 169
188 175
188 228
188 223
188 31
188 204
189 208
189 192
189 222
189 239
189 142
189 0
189 201
189 190
189 155
189 221
190 229
190 226
190 206
190 202
190 159
190 237
190 175
190 235
190 162
190 32
191 236
191 17
191 126
191 144
191 225
191 222
191 176
191 159
191 239
191 224
192 197
192 205
192 48
192 30
192 206
192 194
192 236
192 0
192 235
192 160
193 229
193 130
193 128
193 146
193 217
193 234
193 223
193 239
193 231
193 205
194 221
194 190
194 206
194 160
194 199
194 129
194 32
194 234
194 175
194 210
195 228
195 161
195 165
195 176
195 199
195 236
195 223
195 221
195 164
195 181
196 133
196 238
196 47
196 236
196 183
196 179
196 164
196 116
196 208
196 195
197 214
197 202
197 210
197 15
197 223
197 236
197 16
197 0
197 164
197 234
198 134
198 18
198 199
198 152
198 215
198 232
198 165
198 211
198 179
198 214
199 195
199 209
199 213
199 208
199 170
199 184
199 237
199 217
199 47
199 187
200 182
200 137
200 238
200 169
200 152
200 15
200 226
200 198
200 232
200 227
201 188
201 233
201 224
201 229
201 18
201 228
201 214
201 151
201 216
201 33
202 228
202 215
202 205
202 189
202 169
202 16
202 152
202 197
202 199
202 154
203 220
203 223
203 217
203 17
203 191
203 209
203 18
203 138
203 214
203 208
204 139
204 190
204 1
204 0
204 212
204 155
204 172
204 193
204 15
204 157
205 207
205 189
205 33
205 215
205 159
205 18
205 200
205 227
205 219
205 239
206 226
206 220
206 156
206 222
206 216
206 212
206 189
206 161
206 194
206 239
207 193
207 238
207 234
207 127
207 177
207 176
207 239
207 233
207 16
207 224
208 15
208 199
208 205
208 200
208 128
208 49
208 233
208 204
208 216
208 211
209 215
209 217
209 202
209 213
209 234
209 18
209 46
209 235
209 206
209 205
210 2
210 181
210 195
210 199
210 146
210 130
210 225
210 236
210 216
210 191
211 204
211 165
211 148
211 162
211 147
211 179
211 177
211 227
211 209
211 206
212 200
212 219
212 165
212 177
212 19
212 218
212 210
212 205
212 16
212 30
213 239
213 232
213 182
213 216
213 201
213 212
213 204
213 14
213 236
213 202
214 33
214 166
214 219
214 0
214 63
214 15
214 195
214 193
214 192
214 18
215 48
215 30
215 204
215 15
215 239
215 64
215 213
215 16
215 219
215 233
216 185
216 221
216 194
216 15
216 181
216 203
216 2
216 196
216 224
216 201
217 48
217 63
217 193
217 222
217 152
217 137
217 186
217 206
217 205
217 199
218 183
218 155
218 216
218 222
218 138
218 172
218 171
218 33
218 226
218 2
219 32
219 63
219 228
219 192
219 231
219 217
219 184
219 223
219 2
219 17
220 30
220 2
220 33
220 231
220 236
220 224
220 189
220 217
220 225
220 186
221 176
221 215
221 191
221 188
221 29
221 171
221 0
221 200
221 231
221 63
222 64
222 221
222 142
222 1
222 2
222 202
222 231
222 208
222 233
222 219
223 15
223 161
223 143
223 210
223 206
223 227
223 175
223 219
223 159
223 217
224 209
224 186
224 1
224 13
224 227
224 211
224 235
224 17
224 219
224 238
225 223
225 30
225 161
225 192
225 34
225 145
225 185
225 191
225 234
225 219
226 15
226 177
226 19
226 50
226 204
226 179
226 237
226 231
226 20
226 230
227 216
227 231
227 192
227 80
227 79
227 15
227 219
227 20
227 30
227 2
228 191
228 202
228 32
228 15
228 234
228 148
228 233
228 198
228 20
228 225
229 188
229 227
229 217
229 202
229 226
229 64
229 50
229 220
229 223
229 203
230 80
230 226
230 165
230 47
230 209
230 201
230 33
230 178
230 65
230 32
231 29
231 222
231 195
231 214
231 166
231 209
231 31
231 34
231 227
231 203
232 233
232 31
232 47
232 18
232 179
232 192
232 199
232 196
232 2
232 167
233 236
233 227
233 20
233 35
233 198
233 202
233 199
233 2
233 188
233 80
234 232
234 2
234 229
234 236
234 34
234 207
234 208
234 180
234 171
234 80
235 206
235 28
235 45
235 180
235 15
235 62
235 192
235 231
235 204
235 225
236 173
236 176
236 215
236 210
236 195
236 29
236 79
236 186
236 234
236 181
237 186
237 203
237 32
237 3
237 180
237 188
237 214
237 48
237 236
237 194
238 208
238 64
238 180
238 29
238 62
238 175
238 184
238 220
238 192
238 49
239 236
239 17
239 179
239 186
239 178
239 160
239 28
239 235
239 30
239 32
