484 2420
0 110
0 45
0 17
0 427
0 430
1 439
1 432
1 460
1 431
1 42
2 449
2 461
2 26
2 43
2 468
3 24
3 67
3 90
3 469
3 471
4 26
4 28
4 27
4 48
4 49
5 51
5 23
5 9
5 49
5 24
6 28
6 95
6 30
6 32
6 26
7 12
7 74
7 96
7 11
7 6
8 51
8 52
8 73
8 72
8 13
9 54
9 30
9 8
9 34
9 27
10 34
10 57
10 31
10 30
10 75
11 13
11 37
11 9
11 121
11 36
12 38
12 79
12 57
12 9
12 8
13 18
13 100
13 102
13 58
13 16
14 16
14 38
14 34
14 103
14 10
15 61
15 79
15 37
15 125
15 14
16 15
16 38
16 58
16 11
16 84
17 105
17 83
17 12
17 18
17 35
18 105
18 128
18 14
18 83
18 42
19 481
19 465
19 87
19 470
19 14
20 465
20 44
20 468
20 450
20 66
21 452
21 463
21 43
21 449
21 428
22 429
22 416
22 455
22 396
22 398
23 456
23 438
23 468
23 417
23 400
24 452
24 457
24 477
24 455
24 482
25 45
25 468
25 2
25 70
25 28
26 482
26 23
26 68
26 462
26 477
27 9
27 68
27 93
27 31
27 4
28 31
28 70
28 93
28 116
28 23
29 76
29 74
29 97
29 53
29 7
30 25
30 28
30 75
30 9
30 27
31 78
31 76
31 72
31 35
31 99
32 37
32 56
32 119
32 142
32 28
33 98
33 14
33 9
33 101
33 80
34 76
34 102
34 29
34 37
34 55
35 82
35 124
35 55
35 32
35 36
36 61
36 15
36 16
36 104
36 124
37 84
37 124
37 56
37 41
37 16
38 125
38 16
38 12
38 56
38 39
39 22
39 43
39 38
39 60
39 127
40 479
40 39
40 477
40 85
40 43
41 16
41 36
41 449
41 65
41 467
42 434
42 131
42 39
42 422
42 446
43 457
43 441
43 474
43 88
43 444
44 132
44 457
44 88
44 409
44 418
45 131
45 426
45 471
45 47
45 443
46 473
46 26
46 156
46 458
46 469
47 472
47 136
47 73
47 478
47 46
48 113
48 68
48 44
48 50
48 93
49 51
49 115
49 23
49 75
49 67
50 55
50 4
50 28
50 52
50 27
51 48
51 32
51 26
51 27
51 6
52 28
52 30
52 56
52 141
52 74
53 100
53 11
53 95
53 6
53 72
54 101
54 75
54 58
54 59
54 12
55 14
55 73
55 58
55 54
55 80
56 99
56 79
56 98
56 14
56 32
57 37
57 99
57 82
57 34
57 56
58 54
58 79
58 61
58 36
58 125
59 38
59 37
59 14
59 105
59 123
60 148
60 63
60 105
60 40
60 81
61 44
61 150
61 86
61 128
61 65
62 128
62 84
62 129
62 151
62 126
63 42
63 18
63 65
63 108
63 107
64 445
64 459
64 480
64 450
64 441
65 1
65 420
65 24
65 483
65 419
66 83
66 84
66 467
66 439
66 85
67 107
67 452
67 155
67 135
67 87
68 156
68 66
68 91
68 43
68 90
69 112
69 4
69 94
69 157
69 158
70 69
70 4
70 114
70 52
70 45
71 158
71 6
71 76
71 26
71 28
72 71
72 113
72 94
72 6
72 68
73 52
73 160
73 115
73 5
73 114
74 6
74 98
74 9
74 161
74 117
75 118
75 116
75 29
75 52
75 78
76 96
76 119
76 79
76 118
76 102
77 121
77 102
77 120
77 118
77 57
78 54
78 125
78 36
78 100
78 96
79 166
79 11
79 125
79 145
79 104
80 123
80 38
80 98
80 100
80 104
81 15
81 124
81 76
81 169
81 147
82 150
82 101
82 146
82 127
82 56
83 15
83 78
83 36
83 16
83 87
84 106
84 105
84 65
84 103
84 67
85 41
85 131
85 19
85 87
85 66
86 62
86 464
86 0
86 67
86 81
87 91
87 129
87 84
87 445
87 480
88 24
88 107
88 448
88 152
88 461
89 479
89 465
89 65
89 47
89 112
90 68
90 93
90 95
90 71
90 92
91 71
91 158
91 156
91 178
91 201
92 160
92 159
92 51
92 181
92 157
93 94
93 5
93 182
93 92
93 26
94 50
94 158
94 47
94 7
94 52
95 205
95 8
95 140
95 7
95 76
96 163
96 91
96 54
96 100
96 30
97 72
97 29
97 115
97 165
97 56
98 120
98 101
98 164
98 72
98 122
99 124
99 34
99 31
99 164
99 56
100 147
100 189
100 103
100 96
100 36
101 13
101 59
101 147
101 83
101 121
102 126
102 146
102 122
102 82
102 77
103 102
103 35
103 213
103 149
103 105
104 151
104 148
104 60
104 192
104 130
105 64
105 149
105 87
105 170
105 60
106 38
106 17
106 39
106 18
106 83
107 42
107 148
107 150
107 196
107 149
108 131
108 127
108 40
108 61
108 21
109 150
109 132
109 88
109 483
109 465
110 464
110 86
110 480
110 220
110 43
111 92
111 90
111 66
111 91
111 68
112 45
112 134
112 199
112 111
112 24
113 160
113 25
113 110
113 155
113 131
114 140
114 110
114 135
114 113
114 117
115 120
115 47
115 141
115 91
115 139
116 49
116 136
116 48
116 73
116 121
117 163
117 98
117 91
117 141
117 139
118 182
118 185
118 116
118 113
118 31
119 117
119 96
119 160
119 73
119 95
120 207
120 55
120 162
120 54
120 209
121 103
121 77
121 209
121 210
121 95
122 163
122 165
122 168
122 145
122 124
123 35
123 145
123 141
123 148
123 34
124 57
124 188
124 189
124 166
124 148
125 148
125 122
125 149
125 150
125 81
126 144
126 60
126 121
126 194
126 58
127 109
127 153
127 104
127 126
127 102
128 150
128 215
128 18
128 127
128 173
129 85
129 148
129 66
129 106
129 124
130 172
130 194
130 20
130 111
130 85
131 174
131 111
131 155
131 84
131 154
132 44
132 198
132 135
132 107
132 151
133 138
133 137
133 221
133 156
133 153
134 112
134 92
134 93
134 197
134 139
135 199
135 153
135 159
135 69
135 160
136 69
136 140
136 111
136 134
136 137
137 50
137 27
137 139
137 95
137 225
138 225
138 141
138 72
138 180
138 139
139 249
139 140
139 182
139 71
139 207
140 121
140 187
140 72
140 137
140 96
141 188
141 160
141 139
141 167
141 185
142 54
142 119
142 74
142 189
142 55
143 184
143 98
143 99
143 97
143 161
144 163
144 187
144 167
144 102
144 212
145 232
145 104
145 35
145 81
145 123
146 190
146 165
146 104
146 212
146 58
147 189
147 168
147 169
147 60
147 215
148 122
148 81
148 174
148 214
148 126
149 192
149 175
149 39
149 236
149 105
150 105
150 40
150 151
150 218
150 127
151 150
151 111
151 130
151 153
151 83
152 175
152 149
152 132
152 147
152 42
153 127
153 64
153 171
153 149
153 133
154 196
154 159
154 131
154 171
154 199
155 114
155 244
155 134
155 45
155 223
156 67
156 223
156 115
156 220
156 243
157 197
157 68
157 182
157 139
157 224
158 200
158 159
158 116
158 154
158 48
159 203
159 201
159 115
159 200
159 269
160 183
160 118
160 142
160 203
160 201
161 138
161 51
161 139
161 186
161 248
162 164
162 166
162 206
162 167
162 272
163 160
163 141
163 161
163 98
163 74
164 184
164 168
164 119
164 99
164 100
165 164
165 207
165 232
165 118
165 160
166 120
166 98
166 78
166 192
166 124
167 142
167 141
167 148
167 145
167 190
168 186
168 233
168 127
168 103
168 101
169 171
169 80
169 195
169 257
169 125
170 189
170 168
170 151
170 127
170 217
171 214
171 237
171 260
171 215
171 82
172 126
172 197
172 219
172 218
172 171
173 192
173 198
173 106
173 153
173 107
174 154
174 111
174 284
174 85
174 130
175 170
175 198
175 194
175 171
175 111
176 89
176 132
176 263
176 195
176 181
177 133
177 219
177 156
177 90
177 113
178 68
178 176
178 200
178 196
178 202
179 289
179 138
179 158
179 160
179 69
180 162
180 91
180 114
180 202
180 70
181 249
181 245
181 159
181 135
181 156
182 181
182 116
182 269
182 246
182 250
183 96
183 230
183 270
183 228
183 159
184 182
184 185
184 139
184 231
184 203
185 162
185 121
185 165
185 227
185 203
186 210
186 209
186 206
186 140
186 166
187 230
187 100
187 209
187 167
187 231
188 277
188 120
188 166
188 193
188 252
189 234
189 79
189 235
189 213
189 165
190 80
190 192
190 255
190 195
190 232
191 123
191 127
191 238
191 150
191 258
192 236
192 216
192 168
192 190
192 217
193 303
193 127
193 196
193 169
193 238
194 216
194 168
194 170
194 151
194 169
195 217
195 170
195 220
195 194
195 85
196 151
196 153
196 177
196 199
196 194
197 180
197 130
197 221
197 196
197 216
198 201
198 287
198 264
198 178
198 285
199 89
199 216
199 264
199 288
199 112
200 246
200 226
200 199
200 268
200 134
201 246
201 182
201 225
201 134
201 247
202 134
202 269
202 177
202 159
202 224
203 162
203 156
203 207
203 185
203 244
204 179
204 268
204 225
204 272
204 160
205 95
205 201
205 187
205 159
205 223
206 231
206 225
206 251
206 118
206 188
207 143
207 226
207 205
207 252
207 165
208 120
208 165
208 188
208 142
208 229
209 277
209 190
209 213
209 251
209 211
210 297
210 189
210 274
210 167
210 184
211 210
211 206
211 298
211 234
211 275
212 125
212 188
212 322
212 301
212 232
213 193
213 211
213 217
213 168
213 236
214 258
214 281
214 168
214 257
214 210
215 194
215 128
215 197
215 147
215 280
216 260
216 215
216 304
216 176
216 235
217 129
217 200
217 212
217 171
217 283
218 260
218 155
218 263
218 264
218 217
219 217
219 215
219 175
219 130
219 265
220 196
220 174
220 286
220 197
220 307
221 245
221 175
221 268
221 222
221 179
222 239
222 220
222 289
222 204
222 226
223 310
223 113
223 248
223 246
223 220
224 248
224 204
224 181
224 221
224 249
225 249
225 182
225 159
225 244
225 136
226 267
226 161
226 205
226 294
226 158
227 182
227 162
227 138
227 294
227 316
228 202
228 250
228 274
228 249
228 253
229 142
229 209
229 186
229 253
229 206
230 250
230 166
230 248
230 141
230 183
231 276
231 211
231 233
231 341
231 187
232 258
232 234
232 279
232 185
232 299
233 259
233 232
233 214
233 277
233 252
234 258
234 215
234 193
234 190
234 231
235 169
235 146
235 323
235 231
235 324
236 210
236 218
236 280
236 215
236 231
237 284
237 214
237 326
237 194
237 305
238 348
238 257
238 191
238 212
238 240
239 349
239 240
239 280
239 194
239 242
240 193
240 262
240 221
240 243
240 197
241 239
241 197
241 308
241 266
241 261
242 198
242 288
242 263
242 246
242 132
243 261
243 242
243 308
243 223
243 220
244 286
244 201
244 222
244 178
244 291
245 332
245 247
245 157
245 248
245 311
246 181
246 334
246 205
246 268
246 335
247 137
247 205
247 272
247 245
247 335
248 204
248 159
248 336
248 313
248 314
249 208
249 272
249 336
249 161
249 295
250 208
250 224
250 204
250 247
250 226
251 316
251 297
251 209
251 248
251 185
252 362
252 142
252 271
252 233
252 165
253 232
253 251
253 165
253 317
253 278
254 275
254 235
254 256
254 295
254 144
255 301
255 280
255 298
255 260
255 190
256 255
256 260
256 323
256 231
256 297
257 277
257 189
257 211
257 215
257 231
258 304
258 276
258 322
258 278
258 190
259 262
259 216
259 170
259 263
259 195
260 243
260 235
260 256
260 327
260 262
261 302
261 244
261 307
261 195
261 305
262 215
262 304
262 243
262 305
262 303
263 199
263 351
263 373
263 223
263 267
264 329
264 289
264 306
264 240
264 290
265 329
265 201
265 266
265 331
265 220
266 334
266 199
266 290
266 263
266 308
267 288
267 266
267 178
267 247
267 203
268 222
268 204
268 335
268 332
268 292
269 245
269 266
269 273
269 316
269 243
270 224
270 271
270 204
270 183
270 228
271 249
271 230
271 245
271 270
271 274
272 319
272 253
272 204
272 249
272 295
273 361
273 339
273 362
273 295
273 270
274 209
274 256
274 363
274 299
274 232
275 278
275 299
275 274
275 318
275 188
276 189
276 210
276 300
276 274
276 301
277 281
277 323
277 321
277 343
277 210
278 190
278 274
278 367
278 168
278 322
279 283
279 347
279 320
279 298
279 254
280 170
280 285
280 368
280 259
280 346
281 264
281 239
281 255
281 305
281 193
282 265
282 370
282 348
282 257
282 242
283 217
283 257
283 285
283 328
283 195
284 195
284 218
284 304
284 239
284 280
285 288
285 240
285 259
285 199
285 267
286 198
286 262
286 199
286 268
286 284
287 330
287 285
287 265
287 262
287 264
288 331
288 201
288 332
288 309
288 265
289 268
289 288
289 331
289 332
289 335
290 335
290 264
290 202
290 307
290 287
291 312
291 310
291 355
291 202
291 271
292 313
292 227
292 356
292 336
292 293
293 289
293 360
293 311
293 250
293 290
294 275
294 249
294 358
294 228
294 296
295 272
295 362
295 383
295 298
295 339
296 298
296 278
296 320
296 208
296 229
297 274
297 294
297 252
297 255
297 321
298 321
298 296
298 294
298 322
298 234
299 317
299 281
299 235
299 189
299 387
300 319
300 325
300 304
300 367
300 256
301 255
301 344
301 320
301 281
301 348
302 366
302 306
302 255
302 344
302 215
303 283
303 260
303 261
303 262
303 301
304 306
304 264
304 303
304 371
304 372
305 351
305 348
305 371
305 262
305 263
306 219
306 280
306 330
306 217
306 308
307 349
307 285
307 290
307 371
307 221
308 290
308 287
308 375
308 333
308 397
309 395
309 291
309 376
309 352
309 264
310 269
310 352
310 223
310 350
310 356
311 421
311 332
311 245
311 307
311 375
312 311
312 316
312 376
312 334
312 338
313 247
313 268
313 401
313 293
313 266
314 295
314 227
314 310
314 315
314 337
315 293
315 249
315 312
315 316
315 380
316 334
316 359
316 319
316 380
316 294
317 405
317 338
317 340
317 339
317 295
318 274
318 273
318 277
318 294
318 364
319 230
319 316
319 274
319 383
319 408
320 323
320 315
320 367
320 275
320 299
321 346
321 275
321 325
321 233
321 211
322 235
322 277
322 323
322 387
322 389
323 349
323 256
323 387
323 342
323 345
324 302
324 299
324 258
324 327
324 306
325 323
325 300
325 238
325 301
325 369
326 306
326 307
326 285
326 260
326 330
327 437
327 373
327 310
327 349
327 351
328 395
328 304
328 392
328 374
328 260
329 265
329 309
329 370
329 353
329 303
330 376
330 243
330 395
330 329
330 371
331 420
331 419
331 395
331 355
331 354
332 330
332 354
332 266
332 399
332 421
333 312
333 374
333 311
333 268
333 373
334 224
334 353
334 311
334 333
334 309
335 316
335 401
335 292
335 269
335 333
336 269
336 361
336 294
336 291
336 249
337 311
337 333
337 294
337 403
337 382
338 363
338 404
338 356
338 294
338 343
339 274
339 275
339 407
339 334
339 297
340 385
340 316
340 315
340 274
340 406
341 317
341 277
341 360
341 274
341 406
342 339
342 430
342 298
342 366
342 300
343 387
343 296
343 347
343 346
343 389
344 385
344 390
344 454
344 278
344 410
345 325
345 410
345 280
345 434
345 300
346 341
346 327
346 281
346 322
346 303
347 389
347 303
347 279
347 365
347 300
348 301
348 303
348 389
348 281
348 368
349 368
349 415
349 371
349 325
349 331
350 369
350 415
350 326
350 346
350 345
351 376
351 306
351 396
351 415
351 348
352 399
352 357
352 331
352 396
352 439
353 330
353 286
353 374
353 440
353 350
354 286
354 313
354 396
354 374
354 442
355 422
355 331
355 330
355 333
355 309
356 379
356 337
356 312
356 246
356 313
357 268
357 337
357 361
357 379
357 291
358 335
358 292
358 269
358 337
358 361
359 294
359 404
359 469
359 424
359 340
360 356
360 316
360 359
360 378
360 403
361 385
361 274
361 341
361 405
361 340
362 387
362 344
362 380
362 252
362 338
363 317
363 389
363 381
363 404
363 450
364 368
364 407
364 360
364 361
364 346
365 370
365 454
365 389
365 299
365 452
366 386
366 322
366 340
366 433
366 431
367 414
367 387
367 342
367 389
367 386
368 457
368 393
368 432
368 349
368 455
369 436
369 416
369 458
369 367
369 392
370 327
370 348
370 344
370 438
370 306
371 437
371 305
371 414
371 346
371 331
372 415
372 461
372 353
372 304
372 396
373 440
373 347
373 327
373 483
373 397
374 415
374 377
374 349
374 483
374 395
375 399
375 419
375 288
375 395
375 354
376 423
376 465
376 354
376 372
376 463
377 398
377 397
377 288
377 464
377 330
378 380
378 396
378 442
378 424
378 313
379 382
379 378
379 446
379 403
379 335
380 400
380 399
380 358
380 336
380 405
381 378
381 426
381 427
381 337
381 294
382 339
382 294
382 337
382 401
382 364
383 295
383 336
383 365
383 364
383 338
384 338
384 379
384 428
384 362
384 337
385 390
385 298
385 431
385 297
385 380
386 388
386 321
386 339
386 365
386 385
387 408
387 383
387 407
387 344
387 342
388 389
388 343
388 362
388 414
388 433
389 430
389 391
389 432
389 301
389 323
390 408
390 392
390 322
390 437
390 368
391 415
391 386
391 459
391 394
391 373
392 349
392 438
392 325
392 417
392 368
393 347
393 389
393 283
393 350
393 330
394 460
394 391
394 348
394 370
394 437
395 459
395 328
395 372
395 376
395 436
396 377
396 378
396 414
396 439
396 416
397 419
397 394
397 355
397 474
397 414
398 333
398 444
398 395
398 310
398 394
399 312
399 358
399 470
399 396
399 310
400 405
400 468
400 442
400 312
400 44
401 447
401 314
401 423
401 43
401 23
402 469
402 338
402 314
402 381
402 44
403 356
403 0
403 479
403 426
403 22
404 385
404 429
404 473
404 336
404 475
405 338
405 387
405 404
405 23
405 401
406 339
406 0
406 296
406 411
406 425
407 469
407 473
407 297
407 431
407 339
408 22
408 403
408 23
408 481
408 364
409 388
409 431
409 412
409 467
409 44
410 430
410 409
410 389
410 479
410 44
411 370
411 467
411 474
411 385
411 414
412 464
412 22
412 345
412 369
412 437
413 410
413 460
413 431
413 395
413 367
414 479
414 392
414 471
414 455
414 462
415 467
415 352
415 459
415 347
415 327
416 483
416 328
416 353
416 474
416 479
417 23
417 330
417 22
417 475
417 469
418 375
418 480
418 463
418 465
418 458
419 444
419 42
419 353
419 378
419 44
420 464
420 472
420 421
420 44
420 437
421 467
421 42
421 43
421 398
421 477
422 65
422 358
422 399
422 473
422 472
423 479
423 476
423 455
423 358
423 421
424 377
424 24
424 419
424 466
424 448
425 359
425 447
425 315
425 443
425 423
426 468
426 456
426 21
426 23
426 43
427 404
427 470
427 465
427 454
427 448
428 405
428 460
428 427
428 432
428 480
429 473
429 410
429 364
429 481
429 405
430 465
430 477
430 445
430 474
430 473
431 433
431 366
431 390
431 412
431 441
432 457
432 407
432 456
432 0
432 43
433 435
433 456
433 480
433 478
433 345
434 24
434 458
434 444
434 453
434 445
435 412
435 462
435 460
435 472
435 415
436 368
436 372
436 442
436 477
436 392
437 466
437 1
437 369
437 66
437 467
438 466
438 460
438 419
438 398
438 418
439 416
439 23
439 352
439 452
439 1
440 43
440 21
440 424
440 448
440 22
441 457
441 459
441 438
441 432
441 480
442 483
442 427
442 462
442 377
442 478
443 44
443 464
443 24
443 88
443 458
444 454
444 440
444 425
444 424
444 65
445 458
445 456
445 441
445 464
445 23
446 451
446 21
446 432
446 378
446 25
447 474
447 454
447 88
447 42
447 481
448 457
448 459
448 407
448 472
448 432
449 432
449 67
449 384
449 404
449 65
450 419
450 386
450 1
450 437
450 455
451 65
451 449
451 455
451 387
451 434
452 476
452 425
452 430
452 473
452 464
453 456
453 449
453 439
453 468
453 25
454 409
454 473
454 422
454 418
454 463
455 474
455 426
455 24
455 438
455 424
456 24
456 65
456 478
456 41
456 467
457 444
457 448
457 428
457 466
457 45
458 431
458 482
458 429
458 448
458 1
459 415
459 445
459 451
459 433
459 466
460 480
460 42
460 470
460 446
460 478
461 25
461 446
461 395
461 398
461 351
462 472
462 404
462 414
462 452
462 455
463 47
463 21
463 426
463 432
463 411
464 440
464 109
464 68
464 399
464 25
465 416
465 443
465 424
465 445
465 470
466 417
466 439
466 68
466 47
466 469
467 424
467 408
467 110
467 448
467 474
468 2
468 442
468 399
468 40
468 403
469 454
469 399
469 21
469 43
469 468
470 411
470 443
470 419
470 407
470 449
471 413
471 86
471 457
471 466
471 441
472 436
472 427
472 483
472 109
472 66
473 26
473 453
473 445
473 384
473 110
474 477
474 110
474 403
474 64
474 364
475 2
475 429
475 365
475 457
475 482
476 87
476 421
476 466
476 447
476 420
477 429
477 478
477 408
477 22
477 46
478 19
478 399
478 435
478 405
478 67
479 472
479 63
479 473
479 23
479 418
480 474
480 63
480 414
480 423
480 405
481 448
481 402
481 446
481 403
481 408
482 478
482 426
482 472
482 419
482 441
483 437
483 463
483 414
483 439
483 442
