484 9680
0 453
0 424
0 441
0 400
0 2
0 467
0 435
0 46
0 65
0 448
0 474
0 455
0 445
0 430
0 428
0 478
0 5
0 407
0 451
0 479
1 472
1 2
1 66
1 428
1 427
1 436
1 457
1 65
1 471
1 480
1 44
1 5
1 20
1 474
1 446
1 46
1 450
1 0
1 87
1 41
2 112
2 477
2 447
2 482
2 470
2 47
2 465
2 67
2 456
2 449
2 472
2 460
2 1
2 43
2 44
2 21
2 473
2 19
2 453
2 478
3 91
3 24
3 113
3 27
3 4
3 478
3 8
3 69
3 45
3 21
3 46
3 472
3 49
3 483
3 5
3 28
3 2
3 25
3 477
3 92
4 5
4 3
4 6
4 23
4 47
4 114
4 69
4 51
4 22
4 9
4 70
4 49
4 8
4 21
4 1
4 30
4 7
4 24
4 91
4 29
5 115
5 23
5 24
5 6
5 1
5 2
5 49
5 31
5 72
5 73
5 50
5 52
5 29
5 30
5 9
5 71
5 0
5 93
5 4
5 3
6 10
6 71
6 29
6 51
6 24
6 50
6 11
6 31
6 93
6 9
6 7
6 116
6 48
6 53
6 73
6 5
6 74
6 2
6 1
6 47
7 71
7 27
7 8
7 25
7 3
7 53
7 74
7 5
7 51
7 4
7 95
7 94
7 72
7 6
7 26
7 117
7 9
7 31
7 73
7 50
8 10
8 33
8 96
8 34
8 118
8 32
8 28
8 4
8 52
8 7
8 6
8 76
8 13
8 97
8 5
8 54
8 72
8 55
8 95
8 12
9 11
9 4
9 97
9 50
9 32
9 31
9 29
9 27
9 54
9 53
9 77
9 52
9 75
9 13
9 8
9 76
9 6
9 73
9 56
9 55
10 36
10 98
10 8
10 28
10 97
10 53
10 9
10 78
10 11
10 14
10 74
10 34
10 29
10 30
10 75
10 76
10 13
10 6
10 77
10 120
11 58
11 75
11 12
11 14
11 33
11 30
11 57
11 16
11 78
11 15
11 76
11 53
11 13
11 9
11 34
11 32
11 98
11 37
11 52
11 77
12 54
12 56
12 37
12 7
12 16
12 38
12 77
12 36
12 76
12 99
12 34
12 10
12 58
12 78
12 55
12 11
12 122
12 100
12 80
12 32
13 34
13 12
13 39
13 33
13 31
13 58
13 78
13 35
13 10
13 14
13 56
13 81
13 16
13 79
13 54
13 101
13 36
13 18
13 37
13 100
14 80
14 19
14 60
14 40
14 9
14 82
14 103
14 17
14 32
14 15
14 61
14 101
14 37
14 81
14 39
14 56
14 18
14 33
14 78
14 124
15 34
15 17
15 57
15 19
15 104
15 33
15 12
15 56
15 37
15 103
15 18
15 39
15 20
15 125
15 10
15 79
15 60
15 36
15 58
15 61
16 38
16 37
16 82
16 62
16 17
16 84
16 40
16 81
16 42
16 59
16 21
16 41
16 11
16 58
16 13
16 104
16 83
16 39
16 14
16 80
17 21
17 12
17 20
17 83
17 127
17 81
17 18
17 43
17 63
17 39
17 106
17 85
17 41
17 38
17 82
17 14
17 37
17 59
17 15
17 104
18 1
18 0
18 15
18 107
18 60
18 84
18 42
18 17
18 39
18 20
18 83
18 22
18 106
18 65
18 62
18 63
18 43
18 128
18 38
18 59
19 106
19 0
19 14
19 463
19 65
19 462
19 464
19 465
19 471
19 84
19 108
19 83
19 470
19 478
19 42
19 481
19 39
19 87
19 1
19 475
20 40
20 466
20 107
20 483
20 445
20 469
20 0
20 24
20 66
20 454
20 479
20 39
20 109
20 86
20 455
20 19
20 42
20 87
20 2
20 477
21 65
21 467
21 419
21 462
21 441
21 445
21 474
21 456
21 470
21 450
21 446
21 40
21 475
21 87
21 466
21 481
21 426
21 431
21 439
21 434
22 473
22 62
22 438
22 435
22 455
22 23
22 450
22 413
22 108
22 418
22 428
22 467
22 409
22 453
22 464
22 477
22 2
22 43
22 412
22 402
23 27
23 464
23 414
23 64
23 450
23 91
23 133
23 400
23 21
23 90
23 88
23 66
23 65
23 86
23 411
23 475
23 471
23 456
23 419
23 45
24 69
24 87
24 112
24 45
24 458
24 426
24 433
24 454
24 480
24 419
24 475
24 470
24 21
24 134
24 479
24 66
24 50
24 443
24 92
24 434
25 135
25 465
25 481
25 441
25 46
25 70
25 49
25 477
25 476
25 4
25 66
25 458
25 5
25 21
25 454
25 45
25 471
25 22
25 446
25 42
26 2
26 72
26 92
26 480
26 472
26 90
26 94
26 67
26 477
26 475
26 69
26 136
26 31
26 48
26 483
26 6
26 45
26 51
26 466
26 476
27 93
27 115
27 22
27 137
27 26
27 30
27 3
27 91
27 45
27 70
27 29
27 6
27 68
27 7
27 9
27 52
27 32
27 47
27 48
27 28
28 75
28 49
28 47
28 51
28 138
28 70
28 10
28 48
28 25
28 23
28 116
28 92
28 3
28 72
28 9
28 27
28 93
28 29
28 8
28 5
29 5
29 28
29 8
29 70
29 10
29 95
29 47
29 53
29 75
29 7
29 55
29 3
29 76
29 27
29 50
29 32
29 9
29 24
29 52
29 11
30 49
30 10
30 50
30 9
30 76
30 27
30 32
30 11
30 28
30 56
30 54
30 4
30 48
30 55
30 29
30 96
30 140
30 34
30 12
30 33
31 6
31 5
31 9
31 7
31 10
31 35
31 77
31 75
31 30
31 11
31 13
31 78
31 50
31 98
31 27
31 120
31 141
31 72
31 8
31 34
32 77
32 7
32 33
32 55
32 56
32 28
32 58
32 74
32 14
32 78
32 119
32 57
32 121
32 73
32 30
32 76
32 142
32 36
32 12
32 13
33 79
33 56
33 7
33 76
33 51
33 28
33 10
33 11
33 38
33 36
33 31
33 75
33 52
33 77
33 15
33 74
33 9
33 37
33 120
33 12
34 37
34 57
34 12
34 58
34 8
34 29
34 10
34 11
34 36
34 78
34 15
34 101
34 54
34 122
34 31
34 55
34 39
34 76
34 60
34 121
35 82
35 17
35 10
35 34
35 78
35 58
35 13
35 59
35 56
35 37
35 54
35 11
35 145
35 38
35 123
35 33
35 80
35 103
35 55
35 122
36 16
36 83
36 57
36 59
36 39
36 100
36 56
36 123
36 81
36 38
36 77
36 31
36 61
36 33
36 79
36 62
36 124
36 41
36 103
36 125
37 79
37 101
37 83
37 41
37 32
37 18
37 125
37 55
37 60
37 15
37 34
37 80
37 16
37 82
37 147
37 19
37 56
37 36
37 13
37 11
38 40
38 12
38 17
38 39
38 125
38 102
38 80
38 105
38 56
38 37
38 83
38 62
38 41
38 42
38 106
38 57
38 126
38 19
38 63
38 82
39 40
39 64
39 106
39 21
39 86
39 65
39 41
39 19
39 128
39 16
39 34
39 42
39 84
39 20
39 62
39 58
39 60
39 15
39 107
39 126
40 481
40 61
40 466
40 467
40 83
40 127
40 65
40 107
40 483
40 129
40 22
40 104
40 81
40 82
40 16
40 475
40 63
40 39
40 85
40 19
41 40
41 472
41 476
41 466
41 459
41 457
41 60
41 454
41 105
41 458
41 471
41 456
41 480
41 0
41 449
41 462
41 44
41 39
41 461
41 477
42 18
42 0
42 462
42 109
42 481
42 152
42 426
42 85
42 63
42 463
42 46
42 21
42 483
42 473
42 424
42 427
42 84
42 461
42 23
42 419
43 456
43 466
43 479
43 3
43 65
43 21
43 406
43 448
43 440
43 436
43 431
43 425
43 0
43 457
43 414
43 1
43 412
43 17
43 438
43 435
44 465
44 472
44 438
44 61
44 436
44 429
44 64
44 86
44 463
44 439
44 453
44 475
44 461
44 414
44 459
44 445
44 154
44 90
44 441
44 69
45 426
45 455
45 446
45 46
45 466
45 461
45 432
45 475
45 41
45 62
45 433
45 438
45 423
45 422
45 467
45 454
45 428
45 453
45 474
45 437
46 88
46 440
46 478
46 42
46 442
46 69
46 65
46 28
46 469
46 455
46 93
46 453
46 133
46 47
46 113
46 477
46 87
46 27
46 70
46 466
47 473
47 464
47 468
47 481
47 71
47 51
47 26
47 45
47 68
47 24
47 25
47 91
47 27
47 465
47 475
47 46
47 474
47 0
47 135
47 6
48 72
48 5
48 67
48 73
48 89
48 115
48 74
48 45
48 4
48 28
48 25
48 51
48 92
48 66
48 71
48 93
48 24
48 65
48 1
48 68
49 73
49 2
49 70
49 45
49 67
49 24
49 69
49 28
49 74
49 137
49 30
49 52
49 92
49 3
49 23
49 29
49 53
49 5
49 115
49 26
50 31
50 3
50 48
50 53
50 73
50 115
50 138
50 95
50 137
50 26
50 49
50 51
50 71
50 24
50 69
50 70
50 72
50 46
50 94
50 93
51 119
51 56
51 8
51 47
51 4
51 73
51 29
51 76
51 74
51 30
51 55
51 116
51 97
51 98
51 115
51 28
51 6
51 50
51 95
51 26
52 120
52 34
52 54
52 75
52 53
52 76
52 96
52 99
52 98
52 5
52 10
52 116
52 30
52 118
52 93
52 140
52 141
52 119
52 8
52 162
53 48
53 52
53 57
53 27
53 99
53 49
53 79
53 6
53 73
53 142
53 97
53 28
53 121
53 141
53 55
53 54
53 96
53 78
53 100
53 7
54 96
54 31
54 77
54 32
54 99
54 119
54 50
54 95
54 118
54 75
54 76
54 78
54 143
54 58
54 55
54 11
54 97
54 121
54 59
54 56
55 143
55 79
55 8
55 98
55 122
55 11
55 97
55 119
55 32
55 144
55 102
55 56
55 14
55 81
55 12
55 121
55 77
55 165
55 37
55 99
56 55
56 143
56 81
56 53
56 14
56 101
56 122
56 35
56 61
56 124
56 97
56 38
56 145
56 103
56 33
56 9
56 32
56 15
56 34
56 31
57 83
57 167
57 35
57 10
57 99
57 15
57 77
57 98
57 16
57 101
57 58
57 54
57 100
57 52
57 76
57 78
57 80
57 103
57 62
57 53
58 59
58 102
58 77
58 55
58 145
58 17
58 123
58 56
58 35
58 34
58 15
58 76
58 39
58 146
58 80
58 16
58 126
58 12
58 11
58 61
59 61
59 13
59 101
59 126
59 105
59 124
59 36
59 148
59 60
59 78
59 37
59 77
59 34
59 104
59 81
59 63
59 33
59 56
59 35
59 100
60 57
60 107
60 78
60 35
60 40
60 86
60 101
60 55
60 42
60 61
60 126
60 106
60 128
60 56
60 124
60 36
60 38
60 17
60 83
60 13
61 59
61 148
61 62
61 83
61 108
61 65
61 40
61 102
61 60
61 104
61 63
61 56
61 125
61 150
61 106
61 19
61 79
61 57
61 39
61 107
62 22
62 19
62 108
62 128
62 86
62 21
62 41
62 104
62 82
62 39
62 151
62 16
62 40
62 37
62 130
62 172
62 83
62 107
62 129
62 20
63 82
63 86
63 61
63 464
63 480
63 42
63 465
63 468
63 127
63 44
63 37
63 104
63 46
63 67
63 463
63 18
63 105
63 87
63 151
63 84
64 455
64 62
64 46
64 18
64 129
64 42
64 466
64 24
64 468
64 47
64 85
64 463
64 440
64 449
64 451
64 452
64 107
64 0
64 174
64 43
65 86
65 444
65 452
65 464
65 46
65 88
65 18
65 69
65 441
65 453
65 425
65 454
65 1
65 48
65 110
65 0
65 25
65 424
65 466
65 111
66 458
66 426
66 437
66 435
66 440
66 420
66 46
66 41
66 449
66 421
66 482
66 448
66 483
66 2
66 0
66 466
66 434
66 433
66 477
66 459
67 109
67 107
67 471
67 133
67 462
67 465
67 108
67 442
67 113
67 460
67 89
67 472
67 454
67 85
67 473
67 440
67 84
67 43
67 477
67 46
68 24
68 465
68 72
68 50
68 156
68 482
68 48
68 136
68 473
68 70
68 475
68 1
68 4
68 49
68 25
68 94
68 472
68 109
68 108
68 476
69 26
69 116
69 95
69 134
69 110
69 27
69 1
69 48
69 158
69 4
69 51
69 179
69 133
69 72
69 66
69 49
69 28
69 5
69 74
69 73
70 4
70 116
70 135
70 157
70 28
70 24
70 71
70 115
70 113
70 112
70 46
70 158
70 2
70 68
70 6
70 45
70 92
70 159
70 90
70 93
71 95
71 75
71 138
71 135
71 91
71 94
71 28
71 29
71 30
71 51
71 6
71 115
71 117
71 5
71 74
71 7
71 68
71 25
71 137
71 112
72 27
72 47
72 159
72 94
72 49
72 98
72 116
72 30
72 8
72 137
72 96
72 53
72 4
72 48
72 160
72 118
72 46
72 67
72 28
72 75
73 9
73 50
73 141
73 49
73 120
73 77
73 114
73 55
73 139
73 94
73 117
73 30
73 97
73 71
73 118
73 47
73 5
73 95
73 29
73 76
74 119
74 93
74 162
74 75
74 55
74 142
74 77
74 120
74 54
74 96
74 30
74 72
74 10
74 163
74 29
74 140
74 32
74 95
74 48
74 27
75 78
75 31
75 28
75 73
75 49
75 76
75 54
75 30
75 10
75 34
75 9
75 97
75 162
75 79
75 142
75 51
75 7
75 70
75 33
75 163
76 55
76 29
76 140
76 51
76 121
76 73
76 31
76 142
76 8
76 75
76 100
76 81
76 98
76 96
76 122
76 120
76 58
76 9
76 33
76 30
77 55
77 34
77 82
77 74
77 73
77 123
77 96
77 98
77 75
77 33
77 165
77 95
77 100
77 143
77 51
77 59
77 121
77 119
77 80
77 9
78 144
78 188
78 142
78 102
78 98
78 54
78 14
78 36
78 58
78 120
78 166
78 11
78 122
78 10
78 100
78 83
78 167
78 81
78 12
78 121
79 97
79 83
79 36
79 147
79 75
79 35
79 103
79 126
79 81
79 61
79 34
79 80
79 104
79 58
79 14
79 15
79 60
79 105
79 122
79 37
80 124
80 167
80 122
80 12
80 147
80 14
80 79
80 58
80 56
80 105
80 75
80 148
80 121
80 100
80 55
80 190
80 16
80 103
80 126
80 144
81 59
81 16
81 63
81 169
81 101
81 58
81 85
81 79
81 36
81 100
81 57
81 35
81 55
81 14
81 107
81 103
81 106
81 76
81 84
81 82
82 87
82 146
82 127
82 169
82 58
82 57
82 108
82 15
82 16
82 37
82 150
82 35
82 103
82 61
82 84
82 59
82 18
82 126
82 147
82 170
83 17
83 129
83 85
83 38
83 86
83 125
83 65
83 107
83 148
83 42
83 128
83 130
83 172
83 18
83 127
83 84
83 151
83 147
83 193
83 108
84 86
84 109
84 65
84 42
84 83
84 127
84 150
84 59
84 37
84 18
84 107
84 172
84 16
84 67
84 108
84 80
84 173
84 64
84 87
84 81
85 173
85 62
85 106
85 104
85 107
85 66
85 64
85 84
85 86
85 40
85 131
85 21
85 17
85 103
85 61
85 153
85 42
85 88
85 126
85 172
86 43
86 481
86 131
86 475
86 45
86 20
86 464
86 466
86 84
86 82
86 60
86 467
86 151
86 476
86 196
86 110
86 471
86 62
86 462
86 42
87 43
87 440
87 450
87 131
87 1
87 128
87 44
87 68
87 24
87 463
87 464
87 446
87 84
87 83
87 20
87 442
87 445
87 46
87 479
87 460
88 464
88 90
88 460
88 112
88 441
88 458
88 87
88 459
88 43
88 93
88 111
88 174
88 45
88 108
88 454
88 0
88 453
88 176
88 129
88 21
89 65
89 467
89 107
89 482
89 108
89 470
89 64
89 69
89 154
89 115
89 90
89 92
89 110
89 24
89 1
89 157
89 45
89 68
89 132
89 48
90 86
90 134
90 109
90 113
90 95
90 26
90 114
90 157
90 131
90 158
90 153
90 94
90 91
90 112
90 88
90 179
90 2
90 200
90 72
90 107
91 46
91 135
91 134
91 71
91 96
91 44
91 179
91 92
91 115
91 201
91 156
91 88
91 114
91 93
91 94
91 158
91 25
91 47
91 178
91 24
92 48
92 66
92 67
92 179
92 27
92 112
92 45
92 89
92 113
92 156
92 180
92 49
92 68
92 135
92 110
92 50
92 5
92 72
92 24
92 118
93 115
93 27
93 88
93 6
93 47
93 181
93 91
93 29
93 72
93 52
93 135
93 134
93 157
93 111
93 68
93 4
93 119
93 117
93 137
93 98
94 7
94 161
94 26
94 139
94 53
94 50
94 135
94 5
94 97
94 120
94 136
94 140
94 113
94 29
94 71
94 116
94 98
94 182
94 204
94 52
95 183
95 118
95 8
95 74
95 72
95 90
95 49
95 52
95 100
95 120
95 92
95 97
95 76
95 136
95 116
95 182
95 119
95 51
95 73
95 139
96 49
96 73
96 92
96 9
96 51
96 138
96 121
96 77
96 161
96 119
96 183
96 162
96 93
96 31
96 95
96 78
96 50
96 117
96 75
96 140
97 29
97 207
97 96
97 161
97 51
97 93
97 10
97 78
97 184
97 144
97 74
97 98
97 31
97 56
97 143
97 73
97 101
97 71
97 139
97 100
98 141
98 54
98 77
98 123
98 208
98 101
98 11
98 97
98 51
98 9
98 95
98 116
98 55
98 10
98 166
98 122
98 52
98 56
98 144
98 30
99 122
99 81
99 119
99 97
99 118
99 95
99 31
99 188
99 141
99 96
99 58
99 167
99 140
99 34
99 33
99 53
99 103
99 143
99 12
99 209
100 142
100 99
100 103
100 35
100 13
100 96
100 57
100 166
100 74
100 120
100 125
100 164
100 33
100 56
100 11
100 78
100 81
100 123
100 188
100 122
101 100
101 82
101 148
101 80
101 56
101 190
101 119
101 168
101 166
101 34
101 125
101 60
101 123
101 142
101 97
101 147
101 78
101 13
101 211
101 105
102 105
102 166
102 55
102 120
102 144
102 97
102 34
102 103
102 77
102 58
102 98
102 167
102 59
102 104
102 147
102 14
102 121
102 169
102 190
102 149
103 167
103 61
103 60
103 38
103 147
103 82
103 149
103 170
103 35
103 126
103 78
103 104
103 84
103 192
103 77
103 80
103 62
103 123
103 148
103 190
104 171
104 191
104 172
104 127
104 122
104 126
104 36
104 214
104 102
104 17
104 149
104 145
104 79
104 62
104 86
104 129
104 147
104 146
104 106
104 57
105 123
105 85
105 79
105 60
105 130
105 106
105 83
105 192
105 215
105 104
105 58
105 38
105 100
105 63
105 108
105 128
105 193
105 82
105 64
105 129
106 153
106 194
106 171
106 88
106 174
106 104
106 66
106 108
106 148
106 151
106 19
106 173
106 86
106 38
106 59
106 81
106 63
106 127
106 109
106 17
107 88
107 195
107 148
107 90
107 41
107 89
107 44
107 151
107 130
107 173
107 153
107 196
107 64
107 150
107 84
107 217
107 87
107 20
107 110
107 81
108 105
108 21
108 83
108 126
108 68
108 45
108 197
108 43
108 103
108 196
108 42
108 128
108 89
108 22
108 132
108 90
108 63
108 107
108 106
108 150
109 477
109 23
109 85
109 22
109 65
109 478
109 112
109 92
109 105
109 479
109 470
109 462
109 472
109 132
109 175
109 483
109 155
109 469
109 43
109 111
110 196
110 150
110 178
110 173
110 467
110 111
110 85
110 88
110 108
110 478
110 483
110 156
110 157
110 69
110 22
110 133
110 45
110 66
110 151
110 131
111 174
111 112
111 66
111 67
111 88
111 116
111 133
111 200
111 45
111 221
111 92
111 134
111 23
111 69
111 131
111 115
111 108
111 68
111 136
111 44
112 91
112 156
112 179
112 155
112 87
112 24
112 153
112 89
112 132
112 175
112 222
112 47
112 115
112 110
112 180
112 178
112 70
112 154
112 67
112 158
113 159
113 201
113 223
113 130
113 177
113 91
113 95
113 136
113 47
113 117
113 155
113 153
113 93
113 90
113 178
113 200
113 202
113 25
113 160
113 118
114 181
114 139
114 111
114 95
114 90
114 136
114 135
114 91
114 73
114 71
114 72
114 138
114 89
114 69
114 203
114 134
114 155
114 67
114 180
114 160
115 112
115 97
115 203
115 69
115 180
115 118
115 119
115 95
115 162
115 181
115 111
115 113
115 135
115 72
115 140
115 47
115 5
115 68
115 28
115 182
116 92
116 75
116 134
116 184
116 27
116 111
116 114
116 93
116 135
116 203
116 181
116 138
116 161
116 48
116 142
116 121
116 136
116 74
116 183
116 29
117 93
117 206
117 119
117 29
117 122
117 73
117 181
117 120
117 139
117 140
117 183
117 51
117 143
117 30
117 118
117 204
117 136
117 115
117 185
117 184
118 164
118 113
118 162
118 51
118 138
118 120
118 99
118 74
118 182
118 29
118 184
118 140
118 93
118 205
118 136
118 97
118 71
118 30
118 92
118 142
119 139
119 72
119 93
119 186
119 73
119 164
119 187
119 31
119 206
119 138
119 75
119 145
119 54
119 74
119 78
119 121
119 115
119 140
119 160
119 183
120 123
120 141
120 94
120 98
120 10
120 74
120 166
120 208
120 139
120 52
120 142
120 161
120 163
120 77
120 184
120 32
120 55
120 187
120 56
120 124
121 74
121 166
121 187
121 11
121 101
121 209
121 34
121 125
121 168
121 140
121 163
121 186
121 145
121 146
121 123
121 79
121 57
121 139
121 143
121 56
122 145
122 168
122 164
122 103
122 124
122 33
122 187
122 165
122 81
122 96
122 166
122 141
122 100
122 163
122 76
122 121
122 147
122 209
122 78
122 77
123 57
123 35
123 188
123 118
123 55
123 141
123 81
123 212
123 143
123 210
123 170
123 104
123 97
123 101
123 168
123 59
123 76
123 105
123 125
123 34
124 150
124 102
124 169
124 105
124 165
124 100
124 83
124 106
124 189
124 166
124 149
124 145
124 212
124 123
124 56
124 59
124 37
124 78
124 126
124 98
125 15
125 166
125 170
125 121
125 189
125 106
125 83
125 82
125 144
125 190
125 78
125 213
125 149
125 58
125 191
125 103
125 214
125 38
125 235
125 104
126 167
126 100
126 61
126 150
126 213
126 79
126 193
126 191
126 190
126 131
126 129
126 103
126 106
126 152
126 146
126 145
126 108
126 125
126 39
126 60
127 145
127 192
127 40
127 152
127 172
127 129
127 125
127 146
127 169
127 81
127 174
127 194
127 149
127 61
127 195
127 193
127 106
127 17
127 130
127 59
128 216
128 111
128 81
128 132
128 170
128 192
128 110
128 106
128 105
128 86
128 151
128 82
128 152
128 41
128 60
128 195
128 169
128 102
128 130
128 124
129 88
129 84
129 89
129 170
129 40
129 151
129 152
129 197
129 130
129 110
129 112
129 111
129 125
129 133
129 65
129 147
129 172
129 105
129 87
129 132
130 127
130 149
130 88
130 62
130 174
130 86
130 43
130 128
130 153
130 112
130 67
130 89
130 66
130 84
130 87
130 132
130 175
130 125
130 218
130 171
131 152
131 135
131 90
131 67
131 106
131 113
131 154
131 132
131 175
131 86
131 176
131 173
131 108
131 134
131 65
131 91
131 114
131 112
131 43
131 63
132 107
132 176
132 173
132 113
132 198
132 112
132 178
132 90
132 111
132 108
132 131
132 158
132 135
132 197
132 86
132 220
132 91
132 154
132 128
132 87
133 109
133 108
133 201
133 176
133 196
133 131
133 132
133 88
133 156
133 138
133 45
133 197
133 66
133 87
133 92
133 158
133 114
133 137
133 153
133 115
134 70
134 176
134 92
134 178
134 181
134 221
134 201
134 197
134 24
134 115
134 202
134 111
134 152
134 153
134 91
134 116
134 199
134 113
134 66
134 151
135 137
135 203
135 68
135 224
135 136
135 132
135 89
135 222
135 70
135 152
135 133
135 67
135 48
135 153
135 69
135 179
135 92
135 177
135 117
135 91
136 153
136 69
136 94
136 224
136 162
136 161
136 132
136 92
136 91
136 139
136 116
136 154
136 72
136 156
136 141
136 68
136 112
136 110
136 155
136 89
137 111
137 69
137 93
137 118
137 140
137 162
137 133
137 132
137 48
137 135
137 90
137 163
137 115
137 138
137 178
137 157
137 203
137 27
137 159
137 156
138 157
138 164
138 72
138 158
138 248
138 181
138 184
138 112
138 143
138 117
138 134
138 118
138 227
138 97
138 202
138 141
138 161
138 51
138 96
138 133
139 184
139 52
139 138
139 185
139 186
139 119
139 136
139 121
139 226
139 94
139 182
139 165
139 159
139 93
139 207
139 137
139 72
139 98
139 50
139 161
140 184
140 183
140 165
140 166
140 158
140 143
140 204
140 250
140 227
140 30
140 98
140 94
140 53
140 182
140 163
140 187
140 144
140 206
140 208
140 118
141 140
141 159
141 142
141 74
141 138
141 120
141 119
141 207
141 52
141 118
141 164
141 139
141 96
141 162
141 183
141 100
141 136
141 209
141 31
141 161
142 122
142 186
142 55
142 229
142 74
142 164
142 206
142 139
142 210
142 189
142 100
142 143
142 99
142 145
142 32
142 184
142 117
142 160
142 187
142 147
143 162
143 56
143 75
143 185
143 144
143 163
143 54
143 138
143 232
143 145
143 77
143 188
143 139
143 186
143 118
143 167
143 166
143 79
143 140
143 210
144 164
144 57
144 167
144 124
144 99
144 169
144 121
144 55
144 125
144 118
144 142
144 233
144 145
144 119
144 166
144 123
144 187
144 143
144 100
144 103
145 103
145 232
145 122
145 209
145 35
145 143
145 167
145 81
145 144
145 57
145 163
145 190
145 210
145 212
145 79
145 192
145 168
145 170
145 169
145 99
146 79
146 149
146 256
146 167
146 105
146 36
146 188
146 126
146 124
146 212
146 122
146 190
146 172
146 151
146 101
146 150
146 193
146 141
146 102
146 233
147 83
147 82
147 188
147 100
147 213
147 37
147 194
147 123
147 105
147 58
147 149
147 234
147 145
147 101
147 148
147 236
147 103
147 192
147 129
147 80
148 129
148 83
148 106
148 38
148 174
148 102
148 151
148 81
148 235
148 213
148 130
148 147
148 145
148 125
148 126
148 59
148 144
148 60
148 173
148 122
149 125
149 213
149 167
149 102
149 196
149 238
149 172
149 169
149 153
149 124
149 108
149 174
149 60
149 84
149 194
149 191
149 62
149 104
149 82
149 83
150 174
150 170
150 153
150 169
150 132
150 82
150 86
150 214
150 260
150 110
150 130
150 85
150 154
150 40
150 197
150 194
150 108
150 61
150 104
150 105
151 148
151 172
151 83
151 155
151 133
151 109
151 105
151 154
151 217
151 110
151 146
151 87
151 107
151 147
151 171
151 128
151 86
151 218
151 197
151 63
152 128
152 148
152 66
152 109
152 173
152 217
152 127
152 153
152 132
152 172
152 170
152 130
152 241
152 198
152 176
152 84
152 135
152 42
152 89
152 149
153 65
153 43
153 218
153 111
153 154
153 87
153 67
153 109
153 155
153 149
153 196
153 130
153 127
153 197
153 135
153 152
153 175
153 241
153 240
153 156
154 112
154 222
154 156
154 157
154 220
154 129
154 180
154 109
154 221
154 178
154 89
154 179
154 88
154 217
154 135
154 243
154 219
154 134
154 155
154 194
155 89
155 177
155 160
155 223
155 152
155 196
155 132
155 198
155 137
155 201
155 265
155 178
155 113
155 179
155 197
155 131
155 109
155 114
155 181
155 200
156 176
156 219
156 174
156 201
156 69
156 132
156 221
156 180
156 159
156 92
156 133
156 202
156 138
156 243
156 112
156 220
156 199
156 224
156 173
156 111
157 181
157 222
157 180
157 178
157 177
157 245
157 134
157 179
157 47
157 112
157 111
157 132
157 68
157 158
157 199
157 246
157 114
157 176
157 201
157 198
158 154
158 224
158 117
158 139
158 180
158 201
158 136
158 204
158 48
158 183
158 116
158 94
158 199
158 226
158 175
158 200
158 222
158 160
158 161
158 69
159 155
159 269
159 182
159 134
159 177
159 178
159 91
159 112
159 161
159 164
159 158
159 204
159 113
159 156
159 160
159 116
159 49
159 224
159 180
159 138
160 73
160 202
160 180
160 186
160 207
160 184
160 94
160 165
160 138
160 183
160 161
160 225
160 141
160 92
160 181
160 224
160 72
160 119
160 117
160 116
161 187
161 116
161 184
161 226
161 207
161 136
161 208
161 117
161 159
161 73
161 250
161 158
161 157
161 225
161 139
161 138
161 202
161 249
161 142
161 204
162 204
162 96
162 98
162 118
162 188
162 251
162 166
162 180
162 226
162 186
162 163
162 159
162 75
162 209
162 137
162 227
162 138
162 142
162 181
162 73
163 97
163 74
163 187
163 181
163 95
163 75
163 227
163 99
163 208
163 186
163 144
163 119
163 117
163 138
163 231
163 206
163 252
163 166
163 204
163 188
164 188
164 253
164 122
164 145
164 118
164 182
164 161
164 75
164 251
164 210
164 163
164 211
164 54
164 232
164 186
164 185
164 166
164 165
164 184
164 119
165 252
165 166
165 141
165 77
165 162
165 122
165 167
165 160
165 233
165 229
165 119
165 206
165 118
165 76
165 142
165 121
165 124
165 161
165 145
165 212
166 186
166 208
166 191
166 190
166 120
166 233
166 125
166 147
166 142
166 253
166 119
166 123
166 188
166 77
166 101
166 122
166 163
166 140
166 231
166 144
167 102
167 210
167 149
167 193
167 141
167 235
167 148
167 213
167 101
167 147
167 211
167 187
167 209
167 254
167 125
167 172
167 163
167 123
167 103
167 143
168 186
168 209
168 171
168 79
168 104
168 169
168 192
168 211
168 142
168 146
168 170
168 144
168 101
168 235
168 189
168 58
168 166
168 215
168 212
168 194
169 215
169 237
169 210
169 144
169 80
169 214
169 170
169 147
169 165
169 146
169 172
169 122
169 192
169 125
169 256
169 150
169 168
169 174
169 82
169 173
170 190
170 192
170 102
170 175
170 123
170 215
170 235
170 124
170 148
170 236
170 105
170 126
170 213
170 83
170 196
170 165
170 103
170 173
170 214
170 257
171 83
171 197
171 174
171 106
171 213
171 124
171 169
171 82
171 216
171 168
171 125
171 129
171 170
171 193
171 192
171 166
171 145
171 191
171 128
171 258
172 191
172 195
172 129
172 175
172 84
172 213
172 237
172 128
172 152
172 148
172 196
172 192
172 83
172 62
172 194
172 219
172 149
172 193
172 239
172 240
173 129
173 153
173 154
173 217
173 168
173 105
173 171
173 197
173 191
173 174
173 147
173 149
173 151
173 240
173 156
173 108
173 133
173 152
173 219
173 150
174 218
174 173
174 261
174 171
174 170
174 263
174 197
174 127
174 106
174 215
174 196
174 217
174 64
174 133
174 240
174 88
174 152
174 176
174 134
174 199
175 194
175 130
175 196
175 263
175 285
175 153
175 219
175 112
175 173
175 242
175 217
175 111
175 172
175 128
175 157
175 66
175 152
175 199
175 86
175 178
176 173
176 157
176 241
176 134
176 265
176 195
176 263
176 243
176 196
176 156
176 199
176 155
176 193
176 132
176 242
176 180
176 153
176 89
176 111
176 130
177 181
177 241
177 217
177 263
177 197
177 157
177 110
177 287
177 182
177 154
177 202
177 156
177 133
177 136
177 180
177 240
177 264
177 179
177 195
177 88
178 202
178 175
178 133
178 134
178 221
178 195
178 89
178 204
178 183
178 200
178 181
178 244
178 245
178 196
178 154
178 155
178 110
178 243
178 136
178 174
179 244
179 133
179 69
179 115
179 266
179 203
179 90
179 114
179 199
179 158
179 157
179 220
179 224
179 289
179 202
179 180
179 198
179 176
179 196
179 177
180 158
180 157
180 177
180 222
180 269
180 202
180 159
180 154
180 290
180 91
180 138
180 223
180 155
180 184
180 112
180 176
180 137
180 178
180 92
180 267
181 160
181 248
181 159
181 162
181 249
181 93
181 201
181 222
181 155
181 135
181 161
181 180
181 186
181 225
181 246
181 223
181 204
181 71
181 115
181 183
182 181
182 162
182 156
182 226
182 187
182 178
182 292
182 159
182 117
182 137
182 249
182 135
182 164
182 115
182 93
182 205
182 224
182 201
182 140
182 180
183 226
183 227
183 270
183 205
183 162
183 204
183 202
183 181
183 160
183 157
183 139
183 159
183 137
183 73
183 208
183 136
183 180
183 185
183 225
183 250
184 162
184 189
184 182
184 119
184 186
184 181
184 251
184 271
184 229
184 160
184 141
184 249
184 228
184 273
184 137
184 164
184 138
184 208
184 120
184 248
185 118
185 208
185 186
185 165
185 188
185 166
185 189
185 230
185 249
185 274
185 181
185 119
185 139
185 226
185 228
185 144
185 120
185 121
185 164
185 252
186 163
186 188
186 251
186 230
186 99
186 233
186 274
186 181
186 232
186 166
186 182
186 120
186 205
186 142
186 118
186 119
186 207
186 191
186 227
186 212
187 234
187 122
187 207
187 77
187 142
187 209
187 186
187 254
187 161
187 166
187 168
187 121
187 100
187 213
187 145
187 232
187 297
187 229
187 165
187 185
188 163
188 101
188 183
188 165
188 124
188 123
188 186
188 185
188 169
188 146
188 143
188 209
188 184
188 235
188 170
188 167
188 230
188 142
188 208
188 213
189 208
189 253
189 230
189 167
189 100
189 121
189 163
189 232
189 257
189 255
189 207
189 188
189 233
189 187
189 278
189 170
189 194
189 123
189 101
189 143
190 143
190 231
190 215
190 300
190 279
190 147
190 145
190 103
190 167
190 164
190 144
190 237
190 211
190 194
190 165
190 257
190 213
190 192
190 170
190 256
191 211
191 193
191 279
191 103
191 190
191 235
191 166
191 217
191 209
191 145
191 187
191 238
191 173
191 256
191 212
191 280
191 104
191 169
191 171
191 192
192 149
192 234
192 258
192 216
192 171
192 150
192 172
192 218
192 148
192 280
192 124
192 195
192 191
192 145
192 210
192 125
192 197
192 169
192 104
192 82
193 240
193 238
193 152
193 149
193 190
193 175
193 168
193 261
193 239
193 174
193 150
193 188
193 148
193 176
193 217
193 196
193 147
193 169
193 173
193 280
194 177
194 213
194 281
194 128
194 259
194 127
194 238
194 84
194 262
194 212
194 189
194 196
194 148
194 218
194 175
194 172
194 129
194 190
194 106
194 236
195 129
195 176
195 130
195 152
195 282
195 106
195 238
195 151
195 171
195 153
195 148
195 107
195 174
195 131
195 173
195 192
195 219
195 213
195 284
195 240
196 239
196 238
196 108
196 193
196 240
196 172
196 306
196 217
196 150
196 242
196 214
196 198
196 130
196 154
196 200
196 152
196 283
196 131
196 151
196 174
197 157
197 173
197 240
197 217
197 134
197 151
197 131
197 174
197 219
197 88
197 108
197 222
197 111
197 171
197 307
197 179
197 285
197 200
197 178
197 192
198 179
198 111
198 132
198 133
198 219
198 218
198 110
198 265
198 285
198 266
198 176
198 307
198 174
198 220
198 175
198 153
198 264
198 245
198 287
198 196
199 197
199 224
199 158
199 222
199 267
199 287
199 132
199 244
199 181
199 204
199 89
199 243
199 174
199 202
199 218
199 221
199 220
199 200
199 157
199 175
200 217
200 310
200 205
200 287
200 243
200 204
200 133
200 154
200 203
200 220
200 111
200 202
200 158
200 199
200 90
200 226
200 267
200 156
200 241
200 288
201 247
201 268
201 227
201 242
201 224
201 241
201 266
201 205
201 267
201 183
201 248
201 206
201 220
201 181
201 290
201 156
201 311
201 114
201 265
201 176
202 178
202 246
202 199
202 182
202 200
202 227
202 113
202 245
202 177
202 157
202 206
202 92
202 269
202 243
202 312
202 115
202 203
202 222
202 158
202 266
203 206
203 225
203 178
203 244
203 229
203 248
203 292
203 271
203 207
203 160
203 139
203 249
203 161
203 185
203 115
203 226
203 199
203 177
203 267
203 245
204 225
204 227
204 183
204 291
204 162
204 251
204 250
204 200
204 224
204 137
204 199
204 115
204 208
204 292
204 180
204 314
204 228
204 207
204 163
204 230
205 163
205 273
205 249
205 208
205 179
205 162
205 183
205 116
205 230
205 140
205 158
205 202
205 272
205 160
205 137
205 187
205 294
205 117
205 206
205 182
206 184
206 139
206 252
206 96
206 141
206 295
206 274
206 165
206 210
206 226
206 272
206 183
206 270
206 273
206 208
206 162
206 294
206 247
206 138
206 159
207 227
207 189
207 140
207 188
207 294
207 183
207 163
207 274
207 97
207 206
207 251
207 166
207 212
207 225
207 249
207 161
207 233
207 181
207 118
207 202
208 182
208 233
208 187
208 167
208 162
208 211
208 212
208 142
208 203
208 206
208 144
208 205
208 204
208 255
208 276
208 98
208 234
208 186
208 189
208 143
209 166
209 297
209 120
209 233
209 275
209 319
209 252
209 164
209 296
209 277
209 210
209 162
209 250
209 273
209 121
209 211
209 227
209 207
209 255
209 212
210 252
210 236
210 231
210 143
210 253
210 163
210 167
210 228
210 230
210 211
210 100
210 297
210 212
210 168
210 320
210 189
210 215
210 274
210 205
210 251
211 187
211 258
211 143
211 193
211 215
211 166
211 229
211 321
211 210
211 255
211 124
211 279
211 234
211 233
211 232
211 188
211 213
211 192
211 237
211 122
212 169
212 167
212 191
212 213
212 208
212 192
212 166
212 299
212 171
212 125
212 278
212 277
212 256
212 210
212 300
212 123
212 194
212 165
212 189
212 207
213 256
213 192
213 260
213 237
213 208
213 172
213 214
213 126
213 195
213 234
213 235
213 166
213 189
213 259
213 170
213 218
213 194
213 188
213 187
213 171
214 236
214 260
214 255
214 191
214 232
214 125
214 149
214 193
214 170
214 189
214 235
214 168
214 215
214 167
214 239
214 258
214 219
214 173
214 211
214 240
215 234
215 172
215 174
215 216
215 256
215 241
215 261
215 303
215 128
215 233
215 260
215 257
215 193
215 198
215 195
215 210
215 170
215 304
215 151
215 282
216 176
216 191
216 173
216 148
216 193
216 197
216 106
216 174
216 151
216 195
216 212
216 326
216 263
216 175
216 234
216 237
216 236
216 169
216 241
216 282
217 215
217 130
217 129
217 238
217 192
217 199
217 150
217 281
217 263
217 219
217 200
217 128
217 218
217 235
217 262
217 172
217 220
217 193
217 153
217 152
218 306
218 130
218 108
218 260
218 283
218 131
218 193
218 213
218 153
218 178
218 284
218 152
218 219
218 262
218 198
218 172
218 150
218 192
218 220
218 236
219 214
219 218
219 197
219 177
219 285
219 109
219 194
219 131
219 176
219 243
219 216
219 306
219 329
219 239
219 286
219 265
219 238
219 244
219 154
219 237
220 287
220 237
220 266
220 201
220 222
220 195
220 246
220 265
220 174
220 217
220 198
220 132
220 240
220 218
220 200
220 244
220 307
220 179
220 110
220 238
221 264
221 246
221 199
221 241
221 155
221 238
221 134
221 289
221 243
221 263
221 198
221 310
221 157
221 132
221 178
221 225
221 239
221 180
221 266
221 240
222 285
222 246
222 219
222 309
222 332
222 200
222 241
222 311
222 239
222 180
222 225
222 154
222 179
222 218
222 240
222 264
222 242
222 287
222 268
222 177
223 135
223 201
223 291
223 134
223 288
223 289
223 182
223 226
223 267
223 224
223 221
223 244
223 265
223 204
223 310
223 240
223 136
223 157
223 269
223 181
224 229
224 242
224 179
224 221
224 311
224 183
224 200
224 182
224 267
224 206
224 228
224 266
224 225
224 136
224 243
224 160
224 250
224 334
224 265
224 180
225 180
225 223
225 181
225 229
225 251
225 158
225 247
225 230
225 178
225 314
225 203
225 248
225 292
225 182
225 269
225 267
225 291
225 200
225 205
225 250
226 249
226 290
226 223
226 315
226 291
226 207
226 222
226 246
226 203
226 251
226 250
226 200
226 161
226 336
226 227
226 224
226 230
226 294
226 180
226 205
227 208
227 293
227 247
227 268
227 250
227 163
227 161
227 203
227 270
227 272
227 201
227 186
227 185
227 295
227 209
227 159
227 228
227 160
227 253
227 249
228 205
228 229
228 187
228 292
228 186
228 295
228 249
228 208
228 271
228 296
228 274
228 248
228 118
228 182
228 181
228 164
228 253
228 141
228 209
228 204
229 317
229 294
229 316
229 251
229 185
229 297
229 204
229 206
229 203
229 252
229 165
229 207
229 141
229 209
229 274
229 227
229 161
229 208
229 295
229 272
230 274
230 211
230 255
230 165
230 271
230 318
230 275
230 209
230 187
230 212
230 248
230 186
230 228
230 143
230 295
230 185
230 207
230 120
230 166
230 277
231 144
231 232
231 277
231 236
231 254
231 320
231 207
231 227
231 210
231 163
231 298
231 208
231 189
231 187
231 252
231 235
231 213
231 249
231 142
231 251
232 188
232 297
232 321
232 253
232 277
232 143
232 275
232 144
232 319
232 257
232 342
232 250
232 256
232 258
232 211
232 214
232 299
232 207
232 229
232 227
233 215
233 192
233 299
233 300
233 257
233 231
233 146
233 320
233 255
233 214
233 343
233 234
233 301
233 188
233 232
233 169
233 276
233 280
233 277
233 211
234 299
234 321
234 210
234 235
234 280
234 344
234 167
234 208
234 209
234 278
234 298
234 170
234 190
234 323
234 236
234 213
234 260
234 212
234 257
234 145
235 323
235 231
235 212
235 281
235 215
235 194
235 146
235 170
235 211
235 233
235 189
235 217
235 191
235 192
235 214
235 257
235 302
235 169
235 260
235 234
236 218
236 240
236 346
236 191
236 232
236 212
236 303
236 302
236 281
236 324
236 172
236 323
236 279
236 277
236 231
236 217
236 193
236 304
236 237
236 258
237 304
237 324
237 282
237 212
237 259
237 257
237 263
237 192
237 169
237 213
237 173
237 238
237 190
237 283
237 127
237 194
237 279
237 214
237 302
237 232
238 256
238 327
238 150
238 284
238 259
238 214
238 219
238 213
238 215
238 239
238 197
238 306
238 257
238 348
238 236
238 282
238 258
238 128
238 216
238 221
239 171
239 280
239 241
239 172
239 304
239 243
239 285
239 259
239 151
239 234
239 195
239 214
239 222
239 262
239 264
239 236
239 152
239 349
239 176
239 221
240 236
240 130
240 327
240 286
240 284
240 262
240 154
240 258
240 219
240 329
240 223
240 197
240 261
240 195
240 244
240 194
240 215
240 174
240 198
240 151
241 224
241 222
241 218
241 194
241 261
241 201
241 264
241 285
241 195
241 196
241 286
241 328
241 178
241 216
241 197
241 282
241 238
241 155
241 308
241 329
242 287
242 176
242 247
242 305
242 265
242 266
242 331
242 283
242 201
242 329
242 261
242 282
242 263
242 196
242 259
242 244
242 132
242 330
242 268
242 264
243 309
243 133
243 239
243 248
243 198
243 245
243 289
243 176
243 223
243 266
243 288
243 155
243 310
243 197
243 201
243 199
243 331
243 222
243 332
243 290
244 223
244 264
244 180
244 155
244 310
244 200
244 221
244 291
244 225
244 178
244 284
244 308
244 220
244 177
244 307
244 226
244 243
244 249
244 331
244 202
245 198
245 200
245 332
245 334
245 268
245 267
245 180
245 248
245 287
245 292
245 220
245 271
245 242
245 203
245 266
245 309
245 223
245 157
245 178
245 221
246 178
246 245
246 270
246 248
246 251
246 227
246 335
246 200
246 310
246 313
246 199
246 287
246 243
246 288
246 180
246 228
246 272
246 201
246 226
246 136
247 160
247 294
247 179
247 273
247 226
247 270
247 357
247 334
247 243
247 293
247 315
247 289
247 246
247 267
247 290
247 292
247 221
247 269
247 201
247 252
248 204
248 274
248 202
248 225
248 183
248 181
248 295
248 291
248 289
248 290
248 293
248 270
248 314
248 222
248 250
248 316
248 182
248 243
248 273
248 336
249 223
249 290
249 247
249 250
249 273
249 202
249 160
249 139
249 271
249 184
249 291
249 252
249 272
249 208
249 185
249 251
249 316
249 228
249 275
249 182
250 314
250 269
250 206
250 297
250 296
250 270
250 251
250 276
250 316
250 272
250 274
250 317
250 292
250 205
250 183
250 208
250 253
250 184
250 252
250 315
251 298
251 269
251 227
251 187
251 247
251 248
251 255
251 340
251 296
251 186
251 206
251 275
251 272
251 294
251 207
251 252
251 229
251 230
251 164
251 271
252 184
252 234
252 250
252 226
252 295
252 228
252 274
252 341
252 278
252 256
252 340
252 319
252 317
252 253
252 362
252 188
252 185
252 297
252 205
252 271
253 341
253 297
253 274
253 186
253 211
253 227
253 228
253 317
253 207
253 258
253 231
253 276
253 295
253 275
253 250
253 319
253 208
253 229
253 165
253 363
254 255
254 233
254 276
254 275
254 256
254 167
254 234
254 250
254 212
254 322
254 236
254 213
254 277
254 189
254 364
254 186
254 273
254 342
254 296
254 297
255 189
255 187
255 258
255 145
255 275
255 235
255 231
255 342
255 254
255 191
255 253
255 210
255 273
255 252
255 232
255 298
255 277
255 233
255 321
255 237
256 275
256 209
256 233
256 252
256 237
256 238
256 323
256 253
256 345
256 146
256 215
256 278
256 282
256 188
256 211
256 320
256 297
256 212
256 191
256 260
257 278
257 170
257 236
257 238
257 216
257 190
257 258
257 169
257 232
257 280
257 325
257 275
257 322
257 301
257 252
257 233
257 300
257 367
257 235
257 281
258 302
258 324
258 170
258 279
258 278
258 192
258 191
258 257
258 262
258 281
258 211
258 284
258 238
258 215
258 304
258 301
258 148
258 282
258 326
258 322
259 281
259 277
259 284
259 193
259 283
259 240
259 302
259 258
259 285
259 323
259 279
259 347
259 325
259 280
259 170
259 214
259 255
259 171
259 172
259 262
260 173
260 279
260 327
260 239
260 285
260 194
260 328
260 283
260 349
260 220
260 263
260 238
260 237
260 262
260 302
260 261
260 241
260 301
260 324
260 282
261 217
261 195
261 220
261 280
261 327
261 329
261 282
261 236
261 244
261 259
261 214
261 194
261 256
261 242
261 285
261 307
261 281
261 240
261 303
261 305
262 173
262 284
262 198
262 242
262 372
262 244
262 241
262 283
262 308
262 239
262 263
262 218
262 175
262 304
262 236
262 219
262 351
262 174
262 216
262 194
263 246
263 283
263 219
263 307
263 216
263 281
263 176
263 309
263 241
263 288
263 287
263 239
263 221
263 328
263 154
263 262
263 327
263 284
263 175
263 266
264 353
264 351
264 328
264 267
264 223
264 241
264 287
264 260
264 197
264 285
264 307
264 199
264 221
264 220
264 308
264 309
264 244
264 327
264 200
264 311
265 291
265 247
265 286
265 285
265 306
265 311
265 268
265 329
265 289
265 309
265 266
265 333
265 244
265 352
265 261
265 176
265 308
265 290
265 221
265 305
266 333
266 200
266 331
266 309
266 245
266 201
266 307
266 242
266 312
266 291
266 241
266 270
266 329
266 288
266 285
266 283
266 220
266 286
266 289
266 284
267 355
267 225
267 245
267 266
267 332
267 290
267 222
267 178
267 289
267 203
267 272
267 179
267 265
267 221
267 334
267 270
267 309
267 271
267 333
267 287
268 248
268 336
268 267
268 223
268 356
268 249
268 200
268 250
268 245
268 227
268 292
268 158
268 357
268 290
268 291
268 221
268 243
268 313
268 203
268 314
269 333
269 265
269 181
269 159
269 250
269 245
269 267
269 272
269 291
269 273
269 246
269 271
269 274
269 357
269 182
269 311
269 295
269 293
269 205
269 204
270 313
270 275
270 244
270 223
270 291
270 181
270 357
270 265
270 203
270 272
270 359
270 183
270 358
270 273
270 205
270 337
270 229
270 204
270 295
270 312
271 313
271 253
271 182
271 295
271 247
271 204
271 245
271 250
271 358
271 359
271 314
271 335
271 205
271 339
271 337
271 227
271 316
271 315
271 161
271 230
272 249
272 208
272 248
272 204
272 267
272 269
272 253
272 252
272 318
272 207
272 254
272 162
272 184
272 275
272 246
272 230
272 229
272 231
272 315
272 382
273 232
273 341
273 315
273 319
273 362
273 163
273 298
273 253
273 338
273 268
273 208
273 297
273 270
273 226
273 291
273 277
273 186
273 320
273 248
273 293
274 316
274 269
274 255
274 251
274 208
274 292
274 318
274 319
274 248
274 384
274 277
274 315
274 209
274 164
274 363
274 233
274 278
274 210
274 207
274 272
275 230
275 294
275 301
275 208
275 321
275 254
275 339
275 249
275 234
275 276
275 229
275 188
275 319
275 233
275 340
275 253
275 232
275 322
275 211
275 316
276 271
276 166
276 233
276 301
276 296
276 341
276 279
276 272
276 365
276 187
276 277
276 340
276 297
276 323
276 231
276 258
276 318
276 254
276 275
276 300
277 364
277 300
277 275
277 274
277 298
277 209
277 302
277 343
277 276
277 299
277 365
277 322
277 254
277 273
277 303
277 236
277 233
277 295
277 282
277 318
278 259
278 322
278 189
278 296
278 303
278 210
278 273
278 304
278 346
278 281
278 299
278 252
278 323
278 254
278 237
278 212
278 213
278 321
278 280
278 276
279 192
279 214
279 302
279 347
279 304
279 234
279 254
279 261
279 346
279 233
279 257
279 232
279 191
279 256
279 345
279 299
279 323
279 343
279 278
279 259
280 257
280 276
280 261
280 239
280 262
280 346
280 278
280 284
280 323
280 238
280 237
280 283
280 192
280 254
280 279
280 236
280 298
280 348
280 260
280 277
281 171
281 238
281 278
281 346
281 239
281 216
281 237
281 283
281 236
281 303
281 349
281 234
281 305
281 347
281 368
281 285
281 345
281 279
281 299
281 348
282 264
282 218
282 262
282 324
282 302
282 239
282 235
282 216
282 214
282 256
282 240
282 215
282 281
282 349
282 286
282 279
282 328
282 304
282 277
282 237
283 308
283 285
283 239
283 220
283 219
283 279
283 281
283 257
283 258
283 241
283 286
283 350
283 351
283 287
283 215
283 263
283 329
283 304
283 262
283 259
284 220
284 306
284 197
284 261
284 326
284 263
284 260
284 305
284 288
284 348
284 351
284 304
284 327
284 267
284 216
284 242
284 325
284 262
284 221
284 264
285 222
285 306
285 327
285 175
285 217
285 196
285 350
285 283
285 239
285 349
285 308
285 244
285 351
285 198
285 395
285 268
285 242
285 284
285 372
285 241
286 305
286 350
286 265
286 243
286 282
286 372
286 311
286 284
286 287
286 264
286 351
286 395
286 176
286 241
286 373
286 330
286 222
286 310
286 309
286 289
287 313
287 307
287 283
287 305
287 373
287 262
287 284
287 241
287 354
287 246
287 304
287 244
287 351
287 292
287 397
287 375
287 286
287 309
287 291
287 269
288 356
288 355
288 263
288 313
288 285
288 308
288 290
288 330
288 353
288 312
288 243
288 333
288 310
288 265
288 375
288 377
288 351
288 291
288 266
288 292
289 294
289 269
289 313
289 264
289 244
289 245
289 315
289 306
289 247
289 330
289 292
289 224
289 331
289 354
289 285
289 377
289 334
289 378
289 221
289 311
290 223
290 265
290 266
290 248
290 222
290 270
290 246
290 358
290 202
290 293
290 357
290 287
290 272
290 309
290 316
290 291
290 268
290 315
290 334
290 337
291 358
291 203
291 244
291 270
291 359
291 357
291 337
291 314
291 267
291 295
291 310
291 266
291 202
291 271
291 335
291 287
291 355
291 225
291 333
291 338
292 204
292 310
292 249
292 266
292 224
292 356
292 333
292 271
292 312
292 291
292 318
292 182
292 245
292 339
292 247
292 273
292 270
292 269
292 267
292 380
293 288
293 248
293 292
293 272
293 335
293 227
293 225
293 298
293 246
293 334
293 247
293 337
293 311
293 204
293 271
293 382
293 357
293 228
293 275
293 359
294 312
294 338
294 362
294 247
294 228
294 316
294 319
294 404
294 336
294 292
294 339
294 314
294 205
294 358
294 269
294 253
294 295
294 291
294 229
294 275
295 299
295 340
295 269
295 290
295 318
295 270
295 341
295 361
295 249
295 338
295 291
295 298
295 254
295 300
295 227
295 339
295 250
295 383
295 359
295 275
296 316
296 298
296 314
296 232
296 291
296 250
296 295
296 251
296 297
296 360
296 293
296 322
296 342
296 231
296 361
296 276
296 364
296 321
296 383
296 208
297 386
297 384
297 250
297 363
297 298
297 209
297 321
297 187
297 255
297 301
297 293
297 340
297 273
297 251
297 362
297 299
297 295
297 210
297 361
297 320
298 275
298 321
298 257
298 320
298 273
298 318
298 232
298 385
298 324
298 255
298 233
298 277
298 364
298 231
298 276
298 300
298 295
298 343
298 210
298 345
299 301
299 297
299 254
299 387
299 274
299 409
299 342
299 295
299 277
299 318
299 366
299 231
299 253
299 211
299 255
299 256
299 346
299 232
299 323
299 257
300 324
300 277
300 347
300 321
300 296
300 257
300 388
300 344
300 281
300 345
300 341
300 342
300 366
300 276
300 387
300 297
300 280
300 234
300 368
300 365
301 367
301 411
301 237
301 282
301 389
301 297
301 234
301 306
301 388
301 257
301 191
301 319
301 324
301 233
301 281
301 258
301 325
301 298
301 275
301 303
302 261
302 344
302 320
302 389
302 297
302 323
302 282
302 238
302 370
302 412
302 304
302 213
302 321
302 192
302 257
302 215
302 322
302 369
302 328
302 301
303 280
303 390
303 350
303 236
303 328
303 347
303 216
303 256
303 306
303 259
303 327
303 215
303 368
303 285
303 346
303 282
303 283
303 304
303 239
303 238
304 346
304 351
304 237
304 349
304 280
304 322
304 286
304 260
304 392
304 217
304 299
304 194
304 414
304 300
304 239
304 348
304 285
304 264
304 281
304 324
305 240
305 348
305 216
305 346
305 350
305 349
305 283
305 326
305 218
305 237
305 238
305 261
305 307
305 239
305 264
305 324
305 309
305 371
305 262
305 328
306 265
306 301
306 263
306 287
306 303
306 351
306 328
306 330
306 302
306 310
306 371
306 329
306 307
306 280
306 393
306 284
306 327
306 350
306 289
306 259
307 353
307 395
307 304
307 309
307 331
307 374
307 266
307 220
307 373
307 310
307 325
307 328
307 352
307 288
307 327
307 286
307 197
307 306
307 308
307 262
308 395
308 334
308 355
308 325
308 372
308 284
308 266
308 353
308 311
308 288
308 373
308 242
308 241
308 333
308 371
308 307
308 310
308 262
308 328
308 304
309 289
309 264
309 397
309 377
309 395
309 287
309 222
309 331
309 310
309 373
309 353
309 352
309 313
309 350
309 354
309 327
309 286
309 245
309 266
309 349
310 286
310 242
310 336
310 399
310 290
310 376
310 355
310 352
310 287
310 285
310 357
310 350
310 265
310 335
310 292
310 221
310 245
310 313
310 377
310 374
311 357
311 421
311 289
311 334
311 379
311 329
311 266
311 291
311 335
311 244
311 201
311 377
311 313
311 351
311 315
311 398
311 243
311 308
311 316
311 293
312 225
312 358
312 293
312 379
312 336
312 311
312 330
312 266
312 289
312 268
312 334
312 202
312 332
312 335
312 248
312 400
312 247
312 269
312 338
312 313
313 380
313 335
313 245
313 287
313 339
313 266
313 226
313 271
313 247
313 316
313 248
313 312
313 379
313 203
313 377
313 402
313 249
313 332
313 331
313 310
314 357
314 226
314 250
314 333
314 249
314 355
314 401
314 381
314 339
314 267
314 248
314 319
314 380
314 382
314 402
314 268
314 360
314 332
314 309
314 315
315 296
315 311
315 269
315 340
315 319
315 247
315 382
315 341
315 205
315 295
315 290
315 404
315 292
315 270
315 250
315 425
315 310
315 268
315 337
315 318
316 248
316 293
316 227
316 363
316 362
316 228
316 269
316 294
316 403
316 295
316 381
316 312
316 271
316 250
316 249
316 335
316 315
316 206
316 337
316 297
317 339
317 272
317 319
317 336
317 313
317 341
317 427
317 228
317 381
317 360
317 298
317 230
317 385
317 315
317 249
317 340
317 338
317 322
317 250
317 383
318 316
318 293
318 317
318 344
318 321
318 273
318 364
318 295
318 229
318 250
318 405
318 407
318 299
318 297
318 382
318 338
318 337
318 341
318 230
318 274
319 277
319 340
319 314
319 297
319 254
319 386
319 363
319 255
319 361
319 384
319 293
319 341
319 429
319 406
319 295
319 387
319 407
319 344
319 278
319 383
320 276
320 294
320 302
320 344
320 366
320 273
320 278
320 341
320 296
320 300
320 318
320 297
320 325
320 299
320 386
320 364
320 340
320 317
320 409
320 365
321 344
321 389
321 296
321 363
321 303
321 257
321 255
321 409
321 278
321 347
321 295
321 346
321 385
321 233
321 340
321 318
321 234
321 298
321 362
321 275
322 302
322 386
322 432
322 344
322 345
322 390
322 276
322 255
322 368
322 275
322 321
322 346
322 301
322 300
322 257
322 324
322 388
322 364
322 254
322 366
323 255
323 234
323 370
323 304
323 318
323 345
323 298
323 411
323 410
323 433
323 282
323 388
323 276
323 391
323 341
323 348
323 278
323 279
323 300
323 328
324 237
324 323
324 365
324 348
324 279
324 413
324 392
324 346
324 280
324 370
324 282
324 302
324 260
324 411
324 283
324 306
324 344
324 301
324 214
324 322
325 326
325 393
325 306
325 304
325 350
325 349
325 348
325 369
325 258
325 237
325 390
325 215
325 323
325 307
325 367
325 279
325 368
325 305
325 260
325 301
326 371
326 348
326 329
326 350
326 307
326 306
326 367
326 391
326 414
326 373
326 284
326 261
326 327
326 392
326 323
326 393
326 344
326 347
326 436
326 349
327 324
327 373
327 306
327 351
327 415
327 323
327 368
327 305
327 260
327 352
327 329
327 285
327 307
327 392
327 372
327 345
327 326
327 301
327 308
327 287
328 282
328 351
328 330
328 310
328 438
328 353
328 371
328 373
328 324
328 395
328 260
328 370
328 288
328 283
328 285
328 265
328 262
328 303
328 263
328 372
329 373
329 326
329 328
329 348
329 394
329 285
329 219
329 417
329 304
329 310
329 354
329 262
329 347
329 375
329 288
329 439
329 311
329 372
329 264
329 331
330 373
330 284
330 376
330 220
330 335
330 418
330 312
330 285
330 242
330 287
330 350
330 326
330 332
330 354
330 440
330 310
330 333
330 309
330 327
330 355
331 335
331 288
331 375
331 374
331 418
331 398
331 353
331 333
331 372
331 243
331 311
331 286
331 397
331 310
331 417
331 378
331 399
331 351
331 264
331 357
332 308
332 398
332 331
332 335
332 399
332 333
332 442
332 287
332 312
332 290
332 353
332 378
332 397
332 373
332 396
332 372
332 286
332 356
332 334
332 244
333 334
333 351
333 331
333 288
333 352
333 315
333 400
333 269
333 397
333 266
333 313
333 357
333 375
333 268
333 380
333 312
333 359
333 286
333 265
333 330
334 287
334 422
334 381
334 357
334 313
334 268
334 359
334 246
334 402
334 377
334 400
334 333
334 336
334 292
334 353
334 338
334 310
334 356
334 379
334 266
335 377
335 332
335 309
335 291
335 376
335 339
335 293
335 270
335 354
335 310
335 247
335 246
335 288
335 311
335 382
335 292
335 381
335 294
335 402
335 355
336 272
336 400
336 340
336 289
336 339
336 268
336 333
336 425
336 249
336 226
336 315
336 402
336 378
336 271
336 317
336 294
336 331
336 382
336 335
336 361
337 402
337 319
337 363
337 250
337 338
337 271
337 447
337 405
337 249
337 340
337 248
337 384
337 311
337 317
337 362
337 290
337 269
337 424
337 403
337 401
338 425
338 273
338 337
338 382
338 342
338 249
338 334
338 297
338 318
338 313
338 360
338 295
338 341
338 448
338 317
338 228
338 336
338 359
338 292
338 312
339 337
339 358
339 318
339 334
339 357
339 342
339 361
339 383
339 273
339 295
339 362
339 407
339 315
339 274
339 298
339 336
339 314
339 405
339 319
339 365
340 382
340 336
340 335
340 317
340 314
340 252
340 293
340 321
340 450
340 345
340 274
340 365
340 381
340 363
340 366
340 361
340 364
340 299
340 428
340 230
341 295
341 300
341 383
341 318
341 338
341 359
341 408
341 252
341 273
341 406
341 367
341 386
341 317
341 343
341 346
341 253
341 337
341 342
341 362
341 336
342 274
342 278
342 362
342 321
342 410
342 387
342 317
342 347
342 340
342 366
342 346
342 429
342 276
342 389
342 431
342 407
342 345
342 367
342 339
342 360
343 302
343 324
343 255
343 275
343 320
343 432
343 256
343 361
343 233
343 338
343 363
343 368
343 385
343 362
343 301
343 408
343 277
343 365
343 254
343 300
344 321
344 364
344 322
344 367
344 363
344 349
344 323
344 411
344 432
344 410
344 301
344 368
344 280
344 347
344 278
344 302
344 303
344 408
344 255
344 300
345 258
345 342
345 409
345 392
345 277
345 364
345 386
345 302
345 340
345 323
345 371
345 299
345 303
345 369
345 257
345 390
345 322
345 341
345 391
345 324
346 322
346 369
346 367
346 410
346 341
346 389
346 387
346 344
346 323
346 411
346 302
346 370
346 366
346 300
346 281
346 413
346 280
346 414
346 364
346 259
347 328
347 326
347 388
347 436
347 393
347 345
347 323
347 365
347 343
347 306
347 413
347 411
347 434
347 348
347 281
347 342
347 344
347 259
347 371
347 327
348 373
348 414
348 416
348 308
348 389
348 280
348 282
348 437
348 350
348 259
348 370
348 306
348 260
348 436
348 328
348 352
348 326
348 351
348 392
348 261
349 347
349 302
349 332
349 350
349 390
349 328
349 261
349 417
349 367
349 437
349 326
349 323
349 305
349 283
349 414
349 370
349 260
349 344
349 392
349 351
350 287
350 327
350 307
350 394
350 416
350 282
350 369
350 460
350 306
350 395
350 370
350 328
350 391
350 374
350 261
350 303
350 333
350 438
350 264
350 304
351 264
351 305
351 306
351 241
351 309
351 392
351 461
351 328
351 375
351 393
351 288
351 369
351 265
351 416
351 417
351 346
351 371
351 439
351 325
351 304
352 356
352 355
352 395
352 353
352 350
352 287
352 242
352 440
352 392
352 439
352 399
352 372
352 375
352 333
352 334
352 393
352 418
352 288
352 331
352 308
353 286
353 335
353 287
353 265
353 417
353 330
353 352
353 371
353 416
353 418
353 377
353 331
353 355
353 396
353 243
353 397
353 370
353 399
353 394
353 439
354 312
354 356
354 351
354 418
354 419
354 374
354 378
354 398
354 353
354 332
354 352
354 397
354 288
354 372
354 464
354 244
354 394
354 311
354 442
354 331
355 395
355 313
355 378
355 289
355 376
355 421
355 380
355 330
355 357
355 288
355 312
355 334
355 423
355 309
355 310
355 351
355 359
355 419
355 444
355 268
356 422
356 400
356 353
356 421
356 403
356 331
356 420
356 379
356 445
356 290
356 466
356 313
356 358
356 332
356 352
356 334
356 443
356 378
356 377
356 360
357 331
357 380
357 269
357 399
357 270
357 353
357 354
357 362
357 403
357 376
357 310
357 333
357 444
357 445
357 312
357 383
357 293
357 336
357 401
357 268
358 271
358 422
358 363
358 333
358 376
358 315
358 313
358 355
358 291
358 356
358 381
358 384
358 446
358 425
358 399
358 468
358 424
358 362
358 423
358 382
359 340
359 360
359 363
359 364
359 383
359 270
359 358
359 354
359 377
359 317
359 355
359 423
359 295
359 426
359 424
359 337
359 356
359 249
359 338
359 384
360 362
360 250
360 447
360 402
360 340
360 448
360 365
360 405
360 341
360 364
360 386
360 470
360 335
360 314
360 357
360 428
360 425
360 406
360 404
360 361
361 450
361 381
361 315
361 358
361 406
361 384
361 385
361 402
361 448
361 426
361 362
361 318
361 449
361 408
361 335
361 386
361 383
361 295
361 294
361 314
362 274
362 298
362 383
362 321
362 361
362 472
362 426
362 316
362 450
362 343
362 342
362 385
362 427
362 430
362 403
362 317
362 295
362 451
362 296
362 382
363 342
363 316
363 362
363 361
363 295
363 341
363 408
363 338
363 473
363 452
363 382
363 366
363 385
363 427
363 320
363 428
363 317
363 365
363 360
363 431
364 384
364 388
364 276
364 340
364 383
364 346
364 366
364 343
364 341
364 361
364 408
364 453
364 369
364 323
364 411
364 407
364 296
364 320
364 345
364 431
365 409
365 298
365 385
365 255
365 406
365 363
365 319
365 277
365 341
365 323
365 301
365 322
365 343
365 454
365 452
365 362
365 367
365 366
365 346
365 429
366 371
366 476
366 454
366 412
366 384
366 388
366 344
366 455
366 411
366 431
366 321
366 302
366 369
366 301
366 256
366 279
366 343
366 453
366 300
366 298
367 346
367 413
367 388
367 368
367 387
367 390
367 414
367 326
367 321
367 432
367 303
367 320
367 325
367 349
367 392
367 345
367 365
367 280
367 433
367 257
368 371
368 415
368 302
368 388
368 392
368 343
368 410
368 324
368 321
368 363
368 478
368 349
368 386
368 301
368 389
368 435
368 391
368 342
368 373
368 323
369 280
369 370
369 282
369 392
369 364
369 345
369 458
369 388
369 343
369 387
369 373
369 325
369 411
369 410
369 365
369 390
369 344
369 351
369 372
369 414
370 480
370 304
370 435
370 392
370 368
370 353
370 323
370 326
370 306
370 327
370 329
370 345
370 414
370 305
370 372
370 412
370 411
370 459
370 346
370 373
371 348
371 414
371 350
371 307
371 481
371 393
371 435
371 330
371 412
371 354
371 439
371 438
371 282
371 328
371 460
371 373
371 392
371 345
371 372
371 325
372 284
372 436
372 326
372 328
372 395
372 394
372 307
372 369
372 374
372 414
372 396
372 347
372 437
372 368
372 346
372 397
372 370
372 330
372 325
372 304
373 348
373 392
373 395
373 374
373 328
373 437
373 369
373 285
373 440
373 356
373 416
373 417
373 376
373 355
373 354
373 391
373 327
373 332
373 264
373 333
374 463
374 414
374 461
374 310
374 287
374 370
374 264
374 395
374 462
374 354
374 419
374 396
374 308
374 440
374 421
374 420
374 22
374 286
374 442
374 398
375 439
375 357
375 373
375 372
375 22
375 377
375 399
375 288
375 351
375 352
375 329
375 310
375 420
375 332
375 422
375 353
375 440
375 442
375 308
375 417
376 444
376 333
376 439
376 287
376 308
376 310
376 312
376 288
376 378
376 22
376 353
376 354
376 401
376 330
376 441
376 463
376 423
376 419
376 393
376 331
377 379
377 312
377 402
377 354
377 330
377 336
377 421
377 356
377 332
377 424
377 464
377 444
377 310
377 441
377 335
377 311
377 395
377 352
377 313
377 309
378 395
378 380
378 421
378 356
378 467
378 397
378 442
378 332
378 357
378 396
378 335
378 375
378 419
378 358
378 422
378 443
378 465
378 336
378 355
378 311
379 444
379 313
379 378
379 466
379 443
379 403
379 402
379 269
379 291
379 375
379 420
379 315
379 422
379 381
379 467
379 445
379 404
379 333
379 374
379 377
380 361
380 383
380 362
380 314
380 384
380 427
380 469
380 381
380 402
380 401
380 404
380 385
380 398
380 354
380 355
380 339
380 448
380 467
380 447
380 423
381 363
381 383
381 447
381 339
381 22
381 361
381 468
381 336
381 380
381 378
381 379
381 359
381 362
381 335
381 314
381 426
381 385
381 405
381 377
381 448
382 408
382 428
382 360
382 380
382 385
382 358
382 424
382 317
382 336
382 315
382 272
382 362
382 471
382 403
382 426
382 22
382 448
382 446
382 295
382 318
383 361
383 471
383 409
383 407
383 316
383 337
383 402
383 430
383 273
383 426
383 338
383 378
383 341
383 424
383 340
383 408
383 449
383 425
383 428
383 382
384 366
384 408
384 431
384 317
384 341
384 319
384 362
384 403
384 364
384 296
384 430
384 448
384 429
384 449
384 380
384 425
384 472
384 410
384 320
384 361
385 275
385 363
385 472
385 389
385 366
385 343
385 407
385 384
385 342
385 380
385 319
385 387
385 452
385 382
385 390
385 406
385 297
385 473
385 474
385 409
386 321
386 363
386 427
386 381
386 431
386 382
386 343
386 364
386 475
386 340
386 388
386 366
386 473
386 367
386 339
386 299
386 405
386 428
386 276
386 408
387 390
387 386
387 382
387 389
387 429
387 365
387 412
387 323
387 362
387 474
387 367
387 342
387 409
387 344
387 475
387 413
387 385
387 384
387 363
387 364
388 22
388 367
388 393
388 362
388 342
388 322
388 323
388 432
388 408
388 365
388 453
388 386
388 435
388 431
388 300
388 392
388 278
388 413
388 391
388 475
389 363
389 346
389 387
389 391
389 343
389 367
389 412
389 322
389 390
389 433
389 407
389 431
389 457
389 22
389 366
389 368
389 342
389 347
389 321
389 325
390 368
390 302
390 322
390 457
390 366
390 408
390 416
390 434
390 409
390 343
390 303
390 387
390 385
390 324
390 478
390 22
390 391
390 372
390 371
390 345
391 411
391 395
391 390
391 346
391 413
391 367
391 393
391 349
391 350
391 372
391 437
391 327
391 371
391 457
391 456
391 417
391 434
391 478
391 436
391 348
392 439
392 367
392 346
392 414
392 434
392 412
392 368
392 436
392 372
392 438
392 347
392 479
392 417
392 433
392 371
392 416
392 459
392 304
392 324
392 390
393 373
393 374
393 283
393 416
393 369
393 371
393 457
393 367
393 375
393 435
393 22
393 459
393 434
393 328
393 329
393 306
393 439
393 481
393 326
393 460
394 22
394 331
394 284
394 350
394 374
394 390
394 395
394 438
394 417
394 308
394 397
394 354
394 326
394 436
394 369
394 329
394 398
394 389
394 439
394 373
395 352
395 482
395 415
395 349
395 420
395 331
395 309
395 413
395 414
395 285
395 306
395 332
395 308
395 369
395 397
395 390
395 351
395 483
395 377
395 419
396 477
396 483
396 480
396 462
396 397
396 23
396 399
396 442
396 472
396 474
396 373
396 329
396 481
396 441
396 464
396 416
396 413
396 440
396 393
396 308
397 440
397 479
397 377
397 287
397 400
397 442
397 416
397 473
397 460
397 441
397 353
397 438
397 330
397 373
397 379
397 375
397 471
397 469
397 477
397 355
398 465
398 311
398 330
398 442
398 470
398 438
398 355
398 394
398 421
398 376
398 378
398 478
398 423
398 467
398 417
398 461
398 463
398 356
398 476
398 483
399 395
399 404
399 483
399 425
399 441
399 470
399 377
399 469
399 466
399 358
399 420
399 333
399 475
399 416
399 400
399 0
399 463
399 419
399 444
399 311
400 443
400 469
400 417
400 478
400 355
400 23
400 447
400 442
400 422
400 472
400 477
400 462
400 466
400 475
400 0
400 376
400 481
400 419
400 402
400 405
401 400
401 483
401 404
401 462
401 336
401 22
401 426
401 359
401 383
401 405
401 445
401 474
401 422
401 378
401 479
401 448
401 447
401 475
401 381
401 398
402 361
402 420
402 355
402 448
402 463
402 43
402 377
402 428
402 445
402 479
402 22
402 314
402 449
402 0
402 465
402 466
402 475
402 426
402 446
402 464
403 401
403 293
403 405
403 398
403 43
403 464
403 483
403 338
403 362
403 406
403 471
403 384
403 472
403 378
403 361
403 462
403 0
403 424
403 449
403 380
404 399
404 464
404 449
404 315
404 361
404 385
404 429
404 22
404 428
404 406
404 426
404 23
404 294
404 482
404 478
404 409
404 359
404 463
404 405
404 337
405 470
405 380
405 23
405 472
405 431
405 403
405 427
405 447
405 382
405 425
405 407
405 316
405 424
405 466
405 295
405 482
405 408
405 0
405 471
405 465
406 474
406 471
406 424
406 472
406 430
406 468
406 470
406 473
406 362
406 466
406 450
406 405
406 338
406 409
406 467
406 452
406 381
406 43
406 447
406 341
407 482
407 464
407 341
407 425
407 478
407 479
407 363
407 466
407 405
407 472
407 365
407 410
407 44
407 382
407 366
407 450
407 360
407 339
407 433
407 475
408 341
408 429
408 465
408 413
408 389
408 43
408 343
408 478
408 384
408 319
408 298
408 476
408 410
408 467
408 405
408 406
408 387
408 452
408 472
408 44
409 431
409 43
409 365
409 469
409 471
409 432
409 481
409 404
409 428
409 345
409 429
409 434
409 479
409 387
409 450
409 321
409 453
409 451
409 475
409 405
410 481
410 483
410 365
410 23
410 369
410 346
410 475
410 300
410 435
410 462
410 452
410 413
410 391
410 466
410 44
410 469
410 367
410 366
410 428
410 465
411 415
411 454
411 44
411 457
411 347
411 465
411 479
411 432
411 387
411 343
411 365
411 472
411 346
411 390
411 410
411 344
411 43
411 435
411 345
411 470
412 415
412 470
412 482
412 389
412 302
412 416
412 344
412 325
412 462
412 414
412 478
412 466
412 430
412 345
412 431
412 434
412 463
412 480
412 465
412 437
413 454
413 416
413 432
413 346
413 431
413 393
413 478
413 347
413 438
413 467
413 434
413 437
413 480
413 483
413 457
413 481
413 372
413 348
413 474
413 349
414 394
414 467
414 44
414 391
414 43
414 373
414 435
414 418
414 474
414 412
414 23
414 480
414 374
414 410
414 470
414 473
414 462
414 416
414 392
414 349
415 397
415 393
415 472
415 394
415 467
415 458
415 483
415 465
415 0
415 392
415 412
415 482
415 435
415 474
415 477
415 456
415 434
415 437
415 479
415 466
416 390
416 473
416 397
416 474
416 22
416 412
416 376
416 417
416 480
416 306
416 328
416 460
416 437
416 483
416 477
416 44
416 478
416 440
416 458
416 419
417 414
417 377
417 329
417 400
417 420
417 396
417 439
417 469
417 476
417 442
417 473
417 350
417 23
417 353
417 395
417 392
417 412
417 351
417 479
417 470
418 479
418 440
418 468
418 464
418 21
418 398
418 376
418 475
418 66
418 353
418 444
418 466
418 377
418 446
418 43
418 354
418 454
418 445
418 483
418 395
419 0
419 43
419 455
419 448
419 24
419 45
419 475
419 464
419 394
419 395
419 420
419 463
419 468
419 479
419 373
419 22
419 466
419 1
419 374
419 458
420 441
420 464
420 473
420 45
420 333
420 482
420 466
420 444
420 455
420 1
420 418
420 401
420 442
420 44
420 468
420 437
420 355
420 443
420 66
420 462
421 419
421 66
421 24
421 440
421 311
421 481
421 379
421 482
421 357
421 474
421 44
421 473
421 446
421 424
421 403
421 471
421 466
421 451
421 456
421 455
422 355
422 401
422 448
422 447
422 23
422 468
422 442
422 465
422 357
422 452
422 66
422 454
422 418
422 482
422 400
422 445
422 402
422 480
422 404
422 472
423 465
423 449
423 336
423 427
423 463
423 453
423 470
423 442
423 24
423 482
423 334
423 460
423 457
423 65
423 21
423 478
423 461
423 483
423 45
423 378
424 377
424 471
424 458
424 403
424 66
424 468
424 428
424 441
424 440
424 356
424 427
424 422
424 475
424 399
424 24
424 442
424 465
424 479
424 398
424 382
425 66
425 460
425 447
425 445
425 473
425 337
425 423
425 65
425 481
425 22
425 475
425 0
425 429
425 382
425 378
425 400
425 446
425 464
425 459
425 24
426 431
426 338
426 42
426 405
426 24
426 446
426 472
426 448
426 475
426 358
426 440
426 339
426 473
426 458
426 401
426 478
426 463
426 383
426 447
426 429
427 448
427 426
427 440
427 403
427 65
427 443
427 452
427 384
427 23
427 386
427 317
427 22
427 360
427 422
427 363
427 45
427 482
427 444
427 469
427 463
428 386
428 479
428 427
428 478
428 66
428 445
428 425
428 406
428 483
428 361
428 469
428 433
428 318
428 341
428 471
428 362
428 43
428 454
428 402
428 462
429 447
429 471
429 408
429 467
429 449
429 443
429 473
429 474
429 361
429 477
429 452
429 383
429 365
429 476
429 479
429 462
429 468
429 340
429 481
429 448
430 341
430 404
430 386
430 0
430 470
430 385
430 449
430 448
430 362
430 461
430 454
430 478
430 342
430 457
430 471
430 412
430 66
430 475
430 389
430 469
431 464
431 458
431 456
431 454
431 444
431 465
431 405
431 469
431 470
431 366
431 482
431 411
431 410
431 480
431 463
431 428
431 455
431 42
431 432
431 389
432 451
432 446
432 414
432 367
432 469
432 409
432 453
432 413
432 24
432 463
432 364
432 437
432 385
432 442
432 470
432 433
432 0
432 479
432 475
432 443
433 24
433 479
433 22
433 0
433 344
433 473
433 410
433 457
433 446
433 452
433 476
433 455
433 323
433 460
433 475
433 458
433 429
433 407
433 454
433 481
434 347
434 21
434 389
434 462
434 457
434 24
434 409
434 477
434 436
434 416
434 443
434 410
434 466
434 435
434 446
434 44
434 324
434 346
434 366
434 415
435 469
435 418
435 457
435 388
435 433
435 370
435 476
435 394
435 436
435 21
435 325
435 347
435 440
435 441
435 480
435 439
435 479
435 348
435 460
435 462
436 468
436 395
436 418
436 462
436 412
436 446
436 466
436 437
436 370
436 464
436 394
436 23
436 470
436 461
436 21
436 458
436 371
436 460
436 44
436 347
437 439
437 481
437 460
437 479
437 483
437 462
437 0
437 349
437 66
437 482
437 446
437 23
437 452
437 411
437 469
437 419
437 1
437 412
437 374
437 471
438 458
438 375
438 450
438 394
438 372
438 349
438 396
438 480
438 471
438 441
438 392
438 44
438 477
438 351
438 412
438 479
438 0
438 24
438 451
438 416
439 468
439 446
439 462
439 397
439 0
439 449
439 460
439 447
439 434
439 453
439 458
439 396
439 24
439 471
439 422
439 376
439 455
439 352
439 399
439 448
440 87
440 449
440 1
440 436
440 459
440 473
440 65
440 433
440 466
440 375
440 24
440 419
440 468
440 448
440 43
440 481
440 443
440 445
440 461
440 416
441 352
441 460
441 375
441 25
441 434
441 399
441 398
441 482
441 46
441 397
441 463
441 64
441 473
441 475
441 454
441 480
441 474
441 23
441 436
441 470
442 43
442 88
442 418
442 398
442 474
442 377
442 42
442 461
442 433
442 477
442 439
442 465
442 64
442 87
442 434
442 376
442 401
442 24
442 467
442 478
443 376
443 460
443 1
443 424
443 449
443 467
443 434
443 377
443 453
443 468
443 21
443 441
443 425
443 483
443 459
443 399
443 450
443 464
443 439
443 44
444 0
444 43
444 419
444 45
444 457
444 461
444 456
444 397
444 477
444 25
444 447
444 478
444 426
444 433
444 453
444 435
444 44
444 476
444 65
444 400
445 44
445 2
445 402
445 1
445 43
445 452
445 0
445 432
445 476
445 433
445 66
445 458
445 435
445 442
445 444
445 426
445 482
445 358
445 428
445 64
446 23
446 463
446 425
446 460
446 44
446 443
446 437
446 87
446 456
446 46
446 427
446 42
446 453
446 461
446 472
446 378
446 464
446 448
446 403
446 67
447 434
447 401
447 472
447 0
447 437
447 481
447 483
447 360
447 465
447 479
447 426
447 455
447 87
447 480
447 22
447 469
447 444
447 427
447 467
447 45
448 23
448 458
448 465
448 431
448 466
448 2
448 22
448 433
448 474
448 407
448 403
448 436
448 430
448 25
448 405
448 444
448 467
448 424
448 384
448 450
449 43
449 472
449 468
449 456
449 420
449 383
449 431
449 433
449 474
449 469
449 447
449 476
449 385
449 451
449 339
449 480
449 41
449 473
449 427
449 360
450 424
450 479
450 475
450 456
450 436
450 67
450 408
450 473
450 482
450 435
450 409
450 466
450 442
450 25
450 386
450 429
450 454
450 423
450 66
450 87
451 364
451 483
451 435
451 362
451 66
451 434
451 481
451 456
451 449
451 477
451 466
451 480
451 439
451 409
451 20
451 442
451 479
451 463
451 383
451 459
452 482
452 479
452 464
452 434
452 424
452 431
452 44
452 364
452 433
452 387
452 477
452 411
452 449
452 421
452 418
452 458
452 388
452 443
452 408
452 455
453 411
453 443
453 463
453 474
453 462
453 480
453 448
453 44
453 409
453 407
453 88
453 389
453 447
453 408
453 439
453 422
453 45
453 412
453 25
453 441
454 442
454 64
454 468
454 344
454 366
454 450
454 413
454 479
454 425
454 409
454 463
454 410
454 0
454 478
454 42
454 420
454 440
454 453
454 407
454 418
455 443
455 367
455 2
455 44
455 453
455 413
455 21
455 24
455 426
455 474
455 473
455 387
455 25
455 430
455 471
455 412
455 23
455 477
455 437
455 20
456 65
456 20
456 458
456 429
456 392
456 460
456 410
456 368
456 473
456 21
456 466
456 469
456 479
456 45
456 439
456 459
456 411
456 391
456 450
456 468
457 42
457 453
457 46
457 482
457 23
457 45
457 393
457 478
457 467
457 21
457 87
457 370
457 448
457 413
457 410
457 431
457 472
457 450
457 414
457 426
458 422
458 461
458 424
458 439
458 476
458 417
458 348
458 418
458 469
458 470
458 415
458 449
458 478
458 445
458 459
458 453
458 42
458 412
458 468
458 480
459 440
459 439
459 438
459 371
459 46
459 483
459 372
459 424
459 447
459 470
459 467
459 460
459 25
459 423
459 20
459 66
459 446
459 88
459 396
459 0
460 430
460 476
460 475
460 448
460 461
460 423
460 413
460 44
460 45
460 395
460 467
460 473
460 436
460 421
460 482
460 452
460 453
460 42
460 1
460 396
461 43
461 427
461 459
461 394
461 456
461 477
461 447
461 445
461 449
461 22
461 475
461 24
461 397
461 430
461 23
461 422
461 457
461 432
461 65
461 442
462 468
462 67
462 463
462 455
462 443
462 401
462 459
462 26
462 413
462 457
462 471
462 433
462 461
462 425
462 446
462 438
462 478
462 421
462 25
462 429
463 88
463 399
463 400
463 447
463 478
463 471
463 434
463 420
463 459
463 417
463 451
463 1
463 65
463 476
463 457
463 479
463 455
463 24
463 406
463 109
464 398
464 465
464 419
464 431
464 442
464 89
464 414
464 473
464 1
464 110
464 474
464 424
464 458
464 425
464 63
464 449
464 450
464 462
464 66
464 441
465 460
465 25
465 468
465 409
465 66
465 67
465 470
465 378
465 450
465 444
465 464
465 419
465 449
465 23
465 41
465 411
465 457
465 408
465 469
465 68
466 479
466 481
466 425
466 379
466 473
466 415
466 406
466 25
466 45
466 417
466 439
466 399
466 400
466 429
466 67
466 421
466 446
466 430
466 409
466 436
467 415
467 24
467 445
467 446
467 109
467 397
467 458
467 426
467 438
467 22
467 0
467 46
467 454
467 480
467 400
467 357
467 413
467 483
467 418
467 404
468 473
468 416
468 432
468 421
468 379
468 67
468 447
468 401
468 441
468 43
468 64
468 418
468 409
468 471
468 459
468 42
468 405
468 26
468 414
468 413
469 466
469 359
469 455
469 422
469 438
469 457
469 450
469 21
469 404
469 43
469 463
469 42
469 418
469 402
469 472
469 458
469 416
469 417
469 473
469 23
470 400
470 86
470 422
470 45
470 418
470 442
470 452
470 433
470 440
470 468
470 408
470 474
470 412
470 381
470 436
470 2
470 360
470 406
470 444
470 459
471 475
471 427
471 397
471 47
471 410
471 402
471 396
471 428
471 420
471 63
471 477
471 88
471 382
471 480
471 467
471 399
471 412
471 444
471 401
471 440
472 414
472 109
472 447
472 457
472 473
472 43
472 464
472 463
472 402
472 411
472 413
472 423
472 435
472 425
472 405
472 410
472 432
472 88
472 436
472 449
473 440
473 22
473 405
473 463
473 385
473 40
473 482
473 424
473 451
473 400
473 416
473 437
473 419
473 3
473 455
473 89
473 445
473 396
473 418
473 88
474 400
474 418
474 411
474 20
474 436
474 399
474 473
474 386
474 416
474 479
474 471
474 460
474 21
474 469
474 401
474 44
474 405
474 398
474 47
474 482
475 450
475 87
475 109
475 387
475 456
475 398
475 440
475 467
475 410
475 425
475 477
475 22
475 405
475 1
475 430
475 417
475 466
475 457
475 400
475 451
476 19
476 86
476 419
476 109
476 399
476 436
476 20
476 389
476 387
476 470
476 430
476 474
476 441
476 3
476 366
476 42
476 472
476 431
476 406
476 408
477 410
477 398
477 459
477 45
477 88
477 427
477 64
477 43
477 482
477 403
477 397
477 453
477 41
477 67
477 419
477 479
477 449
477 89
477 475
477 445
478 439
478 413
478 465
478 482
478 3
478 435
478 401
478 436
478 469
478 429
478 419
478 415
478 412
478 410
478 407
478 86
478 466
478 22
478 427
478 109
479 481
479 420
479 465
479 86
479 23
479 66
479 46
479 466
479 67
479 25
479 452
479 24
479 400
479 3
479 445
479 19
479 473
479 422
479 64
479 431
480 481
480 409
480 429
480 397
480 456
480 1
480 426
480 26
480 469
480 399
480 2
480 66
480 416
480 423
480 467
480 413
480 64
480 443
480 396
480 460
481 19
481 401
481 25
481 404
481 398
481 89
481 400
481 455
481 40
481 467
481 22
481 462
481 483
481 20
481 451
481 435
481 422
481 457
481 44
481 470
482 429
482 456
482 458
482 415
482 410
482 464
482 477
482 437
482 21
482 395
482 86
482 462
482 41
482 451
482 476
482 405
482 24
482 25
482 452
482 443
483 474
483 410
483 470
483 431
483 46
483 401
483 44
483 460
483 86
483 42
483 398
483 423
483 407
483 403
483 66
483 463
483 3
483 454
483 482
483 476
