992 4960
0 3
0 905
0 984
0 909
0 922
1 30
1 966
1 937
1 953
1 901
2 29
2 987
2 929
2 935
2 956
3 990
3 130
3 980
3 975
3 972
4 68
4 40
4 70
4 131
4 34
5 72
5 100
5 37
5 9
5 0
6 2
6 3
6 100
6 41
6 42
7 68
7 71
7 9
7 134
7 11
8 73
8 5
8 105
8 136
8 75
9 75
9 37
9 38
9 14
9 70
10 105
10 13
10 74
10 138
10 71
11 39
11 73
11 74
11 75
11 9
12 40
12 107
12 108
12 48
12 41
13 17
13 15
13 111
13 43
13 142
14 42
14 44
14 45
14 112
14 78
15 13
15 77
15 110
15 16
15 79
16 15
16 144
16 52
16 44
16 83
17 80
17 14
17 18
17 49
17 115
18 81
18 19
18 17
18 23
18 147
19 146
19 117
19 55
19 49
19 15
20 15
20 83
20 117
20 116
20 81
21 115
21 18
21 26
21 49
21 16
22 117
22 53
22 20
22 17
22 24
23 57
23 84
23 27
23 21
23 119
24 19
24 25
24 119
24 87
24 28
25 57
25 59
25 88
25 54
25 123
26 62
26 29
26 123
26 153
26 57
27 31
27 60
27 92
27 122
27 24
28 90
28 27
28 125
28 23
28 89
29 991
29 61
29 124
29 125
29 970
30 989
30 126
30 125
30 932
30 951
31 983
31 962
31 34
31 914
31 97
32 34
32 975
32 987
32 128
32 0
33 60
33 970
33 887
33 67
33 159
34 3
34 925
34 947
34 902
34 163
35 985
35 2
35 70
35 130
35 68
36 71
36 34
36 966
36 978
36 979
37 68
37 135
37 134
37 104
37 133
38 70
38 36
38 5
38 198
38 4
39 103
39 101
39 166
39 106
39 9
40 71
40 36
40 73
40 4
40 41
41 5
41 103
41 72
41 10
41 7
42 104
42 73
42 171
42 45
42 202
43 170
43 107
43 10
43 172
43 75
44 47
44 72
44 73
44 12
44 142
45 173
45 43
45 80
45 75
45 46
46 10
46 173
46 41
46 14
46 143
47 174
47 45
47 81
47 145
47 13
48 20
48 52
48 111
48 76
48 142
49 178
49 82
49 18
49 209
49 78
50 147
50 53
50 83
50 17
50 15
51 53
51 118
51 47
51 56
51 81
52 19
52 84
52 56
52 85
52 83
53 55
53 182
53 149
53 19
53 49
54 52
54 21
54 59
54 85
54 57
55 26
55 53
55 25
55 120
55 19
56 89
56 58
56 154
56 27
56 25
57 61
57 118
57 120
57 154
57 86
58 23
58 94
58 156
58 121
58 63
59 89
59 120
59 63
59 29
59 54
60 979
60 121
60 981
60 28
60 55
61 25
61 122
61 980
61 934
61 221
62 158
62 60
62 965
62 95
62 921
63 945
63 947
63 917
63 957
63 888
64 974
64 944
64 889
64 959
64 902
65 905
65 158
65 902
65 131
65 968
66 64
66 933
66 958
66 128
66 69
67 63
67 962
67 960
67 64
67 991
68 35
68 69
68 3
68 37
68 131
69 36
69 73
69 166
69 198
69 97
70 133
70 3
70 37
70 132
70 75
71 167
71 41
71 105
71 42
71 166
72 106
72 201
72 133
72 10
72 107
73 101
73 68
73 40
73 75
73 136
74 77
74 102
74 234
74 72
74 45
75 70
75 108
75 136
75 73
75 43
76 109
76 236
76 172
76 73
76 174
77 78
77 47
77 16
77 79
77 143
78 75
78 112
78 141
78 46
78 48
79 48
79 80
79 49
79 177
79 47
80 141
80 110
80 15
80 51
80 82
81 178
81 241
81 148
81 51
81 109
82 110
82 114
82 144
82 84
82 46
83 48
83 80
83 52
83 211
83 150
84 181
84 21
84 115
84 88
84 50
85 81
85 212
85 245
85 88
85 181
86 87
86 57
86 115
86 153
86 20
87 153
87 215
87 121
87 53
87 154
88 23
88 83
88 248
88 53
88 122
89 118
89 217
89 61
89 93
89 26
90 60
90 61
90 126
90 62
90 29
91 157
91 158
91 27
91 125
91 58
92 56
92 126
92 186
92 61
92 63
93 63
93 983
93 190
93 159
93 59
94 935
94 222
94 221
94 28
94 129
95 973
95 926
95 61
95 223
95 156
96 968
96 952
96 163
96 972
96 944
97 930
97 967
97 938
97 195
97 159
98 165
98 69
98 95
98 195
98 192
99 98
99 68
99 259
99 71
99 69
100 67
100 196
100 197
100 71
100 2
101 96
101 129
101 104
101 168
101 5
102 163
102 198
102 135
102 165
102 35
103 164
103 102
103 37
103 200
103 99
104 165
104 134
104 171
104 133
104 73
105 141
105 72
105 133
105 100
105 110
106 42
106 107
106 44
106 76
106 12
107 139
107 143
107 73
107 267
107 204
108 72
108 80
108 237
108 105
108 106
109 11
109 110
109 114
109 108
109 106
110 174
110 270
110 46
110 107
110 238
111 115
111 76
111 47
111 112
111 174
112 116
112 144
112 83
112 208
112 108
113 79
113 52
113 118
113 115
113 112
114 148
114 85
114 175
114 119
114 242
115 51
115 151
115 112
115 180
115 209
116 211
116 182
116 18
116 81
116 276
117 277
117 81
117 150
117 145
117 178
118 114
118 245
118 115
118 54
118 152
119 215
119 186
119 54
119 86
119 184
120 84
120 24
120 184
120 185
120 186
121 249
121 56
121 153
121 54
121 124
122 153
122 156
122 216
122 28
122 220
123 250
123 219
123 90
123 56
123 119
124 189
124 90
124 94
124 157
124 97
125 58
125 89
125 222
125 65
125 93
126 61
126 66
126 64
126 97
126 190
127 981
127 162
127 963
127 934
127 973
128 987
128 931
128 193
128 130
128 98
129 973
129 966
129 974
129 189
129 68
130 95
130 128
130 135
130 162
130 165
131 158
131 65
131 2
131 127
131 161
132 159
132 98
132 197
132 164
132 162
133 67
133 104
133 130
133 37
133 68
134 163
134 263
134 228
134 138
134 36
135 138
135 200
135 99
135 230
135 71
136 203
136 72
136 169
136 164
136 74
137 72
137 43
137 200
137 133
137 75
138 234
138 203
138 232
138 133
138 135
139 200
139 104
139 299
139 172
139 168
140 142
140 112
140 74
140 138
140 135
141 207
141 173
141 146
141 145
141 140
142 75
142 81
142 139
142 240
142 236
143 206
143 210
143 15
143 112
143 114
144 113
144 108
144 238
144 83
144 242
145 241
145 243
145 114
145 81
145 240
146 209
146 241
146 82
146 151
146 49
147 178
147 51
147 115
147 181
147 176
148 146
148 20
148 143
148 114
148 86
149 152
149 22
149 88
149 145
149 153
150 53
150 89
150 183
150 147
150 120
151 115
151 213
151 156
151 87
151 248
152 156
152 151
152 116
152 124
152 249
153 281
153 187
153 117
153 149
153 184
154 281
154 150
154 57
154 91
154 186
155 57
155 27
155 150
155 221
155 120
156 218
156 61
156 190
156 219
156 159
157 317
157 60
157 223
157 254
157 59
158 93
158 65
158 188
158 190
158 223
159 988
159 256
159 156
159 286
159 65
160 971
160 977
160 66
160 970
160 161
161 321
161 228
161 254
161 100
161 192
162 192
162 66
162 166
162 225
162 198
163 96
163 161
163 35
163 225
163 195
164 259
164 231
164 69
164 324
164 195
165 200
165 70
165 160
165 134
165 102
166 170
166 171
166 261
166 72
166 263
167 264
167 105
167 38
167 137
167 106
168 102
168 201
168 107
168 266
168 164
169 203
169 107
169 140
169 134
169 103
170 138
170 105
170 43
170 137
170 141
171 169
171 166
171 233
171 75
171 139
172 234
172 76
172 110
172 139
172 43
173 106
173 208
173 171
173 169
173 13
174 237
174 209
174 239
174 169
174 175
175 46
175 78
175 172
175 211
175 180
176 204
176 274
176 172
176 336
176 210
177 142
177 275
177 210
177 271
177 241
178 213
178 113
178 180
178 148
178 149
179 115
179 145
179 51
179 273
179 147
180 83
180 145
180 242
180 150
180 275
181 213
181 247
181 242
181 145
181 275
182 247
182 86
182 146
182 147
182 249
183 86
183 188
183 184
183 186
183 178
184 218
184 148
184 188
184 155
184 182
185 252
185 250
185 188
185 345
185 25
186 88
186 248
186 190
186 251
186 155
187 124
187 92
187 120
187 126
187 153
188 121
188 122
188 222
188 161
188 127
189 126
189 162
189 60
189 187
189 129
190 251
190 93
190 154
190 187
190 162
191 161
191 63
191 252
191 188
191 224
192 161
192 95
192 131
192 191
192 197
193 291
193 224
193 189
193 257
193 198
194 290
194 287
194 166
194 67
194 98
195 225
195 163
195 226
195 224
195 35
196 194
196 161
196 294
196 67
196 260
197 324
197 136
197 262
197 325
197 200
198 199
198 325
198 292
198 69
198 100
199 266
199 232
199 295
199 138
199 359
200 171
200 198
200 327
200 195
200 72
201 137
201 140
201 169
201 138
201 107
202 136
202 298
202 198
202 173
202 166
203 208
203 43
203 142
203 108
203 300
204 267
204 269
204 234
204 176
204 173
205 201
205 332
205 234
205 142
205 107
206 268
206 78
206 46
206 172
206 302
207 335
207 141
207 113
207 174
207 145
208 80
208 81
208 144
208 236
208 177
209 208
209 145
209 275
209 180
209 179
210 208
210 206
210 113
210 275
210 83
211 146
211 242
211 209
211 145
211 149
212 184
212 181
212 114
212 246
212 52
213 277
213 178
213 84
213 152
213 180
214 249
214 85
214 342
214 180
214 86
215 211
215 153
215 313
215 213
215 214
216 150
216 283
216 181
216 245
216 149
217 215
217 187
217 182
217 214
217 245
218 312
218 283
218 216
218 285
218 279
219 153
219 186
219 184
219 316
219 154
220 284
220 348
220 126
220 250
220 156
221 250
221 315
221 92
221 222
221 348
222 288
222 96
222 283
222 226
222 253
223 221
223 159
223 191
223 129
223 160
224 351
224 321
224 97
224 260
224 190
225 221
225 322
225 224
225 321
225 227
226 132
226 160
226 198
226 261
226 223
227 198
227 261
227 263
227 165
227 290
228 324
228 99
228 326
228 224
228 194
229 260
229 194
229 227
229 290
229 100
230 135
230 390
230 165
230 260
230 163
231 226
231 233
231 263
231 137
231 327
232 134
232 204
232 235
232 297
232 171
233 393
233 300
233 199
233 230
233 329
234 269
234 140
234 137
234 206
234 199
235 300
235 236
235 330
235 141
235 271
236 267
236 208
236 139
236 269
236 109
237 170
237 397
237 236
237 174
237 335
238 366
238 270
238 233
238 302
238 303
239 301
239 207
239 205
239 269
239 242
240 209
240 305
240 207
240 235
240 306
241 174
241 176
241 146
241 143
241 307
242 175
242 212
242 307
242 208
242 402
243 274
243 277
243 341
243 179
243 338
244 246
244 278
244 180
244 242
244 249
245 178
245 213
245 309
245 148
245 343
246 281
246 213
246 340
246 247
246 311
247 213
247 184
247 252
247 251
247 218
248 250
248 183
248 214
248 312
248 150
249 311
249 218
249 186
249 122
249 244
250 312
250 154
250 317
250 220
250 187
251 380
251 222
251 283
251 188
251 186
252 186
252 349
252 281
252 222
252 225
253 348
253 159
253 351
253 349
253 155
254 126
254 350
254 94
254 284
254 258
255 284
255 126
255 319
255 257
255 258
256 192
256 351
256 349
256 257
256 288
257 320
257 160
257 253
257 384
257 163
258 386
258 321
258 226
258 131
258 291
259 229
259 293
259 161
259 224
259 326
260 133
260 324
260 325
260 229
260 100
261 200
261 290
261 291
261 167
261 262
262 264
262 294
262 265
262 167
262 258
263 296
263 264
263 232
263 330
263 200
264 297
264 137
264 331
264 326
264 296
265 201
265 297
265 394
265 230
265 359
266 232
266 234
266 231
266 269
266 106
267 395
267 299
267 201
267 333
267 238
268 332
268 298
268 396
268 172
268 206
269 297
269 298
269 206
269 205
269 396
270 266
270 239
270 143
270 275
270 337
271 239
271 332
271 210
271 367
271 270
272 174
272 333
272 244
272 370
272 240
273 175
273 238
273 371
273 244
273 433
274 336
274 277
274 147
274 269
274 434
275 274
275 211
275 278
275 338
275 404
276 241
276 274
276 148
276 309
276 343
277 338
277 150
277 214
277 375
277 241
278 405
278 216
278 151
278 372
278 344
279 342
279 346
279 248
279 344
279 283
280 152
280 310
280 283
280 440
280 217
281 219
281 317
281 284
281 278
281 152
282 248
282 283
282 279
282 122
282 250
283 187
283 249
283 154
283 256
283 377
284 222
284 314
284 217
284 282
284 346
285 289
285 220
285 316
285 224
285 348
286 318
286 347
286 315
286 285
286 289
287 282
287 256
287 190
287 286
287 161
288 227
288 320
288 290
288 386
288 160
289 224
289 261
289 256
289 417
289 324
290 258
290 225
290 354
290 419
290 388
291 228
291 386
291 326
291 418
291 387
292 261
292 297
292 231
292 256
292 288
293 292
293 291
293 257
293 198
293 165
294 291
294 422
294 261
294 390
294 324
295 167
295 266
295 292
295 324
295 234
296 231
296 331
296 328
296 293
296 229
297 359
297 266
297 298
297 262
297 233
298 331
298 296
298 427
298 395
298 265
299 426
299 296
299 331
299 236
299 393
300 366
300 202
300 269
300 295
300 298
301 364
301 362
301 396
301 204
301 399
302 332
302 400
302 299
302 365
302 462
303 308
303 431
303 304
303 298
303 432
304 366
304 210
304 401
304 334
304 398
305 270
305 303
305 310
305 339
305 300
306 270
306 208
306 241
306 338
306 243
307 372
307 434
307 209
307 246
307 368
308 435
308 375
308 307
308 374
308 403
309 215
309 404
309 373
309 247
309 182
310 374
310 408
310 375
310 305
310 183
311 184
311 246
311 248
311 315
311 279
312 214
312 307
312 373
312 440
312 216
313 312
313 376
313 375
313 343
313 281
314 154
314 408
314 315
314 280
314 317
315 250
315 413
315 378
315 283
315 286
316 189
316 282
316 220
316 252
316 379
317 190
317 286
317 414
317 380
317 382
318 352
318 316
318 190
318 251
318 319
319 160
319 255
319 254
319 352
319 193
320 380
320 348
320 316
320 257
320 381
321 292
321 291
321 352
321 449
321 161
322 389
322 385
322 225
322 288
322 327
323 386
323 327
323 353
323 319
323 326
324 325
324 294
324 289
324 258
324 453
325 327
325 196
325 453
325 422
325 388
326 263
326 290
326 294
326 330
326 296
327 421
327 291
327 266
327 329
327 292
328 360
328 422
328 232
328 168
328 324
329 423
329 393
329 395
329 262
329 360
330 426
330 328
330 298
330 294
330 360
331 360
331 392
331 237
331 333
331 234
332 238
332 204
332 301
332 368
332 328
333 338
333 334
333 364
333 330
333 206
334 207
334 332
334 364
334 395
334 237
335 401
335 364
335 302
335 301
335 399
336 463
336 306
336 398
336 208
336 434
337 398
337 304
337 308
337 208
337 309
338 210
338 339
338 366
338 333
338 401
339 277
339 304
339 406
339 276
339 336
340 368
340 401
340 345
340 406
340 308
341 437
341 305
341 307
341 247
341 310
342 409
342 404
342 347
342 314
342 372
343 310
343 441
343 278
343 373
343 248
344 373
344 407
344 277
344 184
344 379
345 409
345 439
345 342
345 347
345 412
346 375
346 280
346 377
346 317
346 381
347 476
347 441
347 507
347 280
347 318
348 287
348 317
348 252
348 283
348 445
349 351
349 284
349 379
349 477
349 314
350 479
350 416
350 352
350 221
350 349
351 316
351 322
351 383
351 315
351 192
352 290
352 379
352 348
352 351
352 324
353 292
353 383
353 385
353 225
353 446
354 482
354 386
354 324
354 383
354 449
355 260
355 352
355 449
355 290
355 291
356 324
356 453
356 228
356 358
356 352
357 197
357 328
357 517
357 228
357 424
358 390
358 329
358 455
358 486
358 456
359 296
359 392
359 421
359 292
359 231
360 454
360 265
360 364
360 357
360 423
361 392
361 424
361 364
361 298
361 490
362 358
362 266
362 296
362 363
362 425
363 330
363 368
363 393
363 429
363 426
364 303
364 237
364 361
364 395
364 331
365 428
365 394
365 367
365 271
365 237
366 238
366 368
366 461
366 430
366 462
367 433
367 302
367 494
367 462
367 428
368 399
368 495
368 301
368 369
368 270
369 370
369 467
369 364
369 433
369 436
370 340
370 307
370 367
370 335
370 274
371 373
371 466
371 304
371 436
371 335
372 404
372 370
372 341
372 339
372 245
373 409
373 275
373 533
373 436
373 470
374 373
374 469
374 503
374 246
374 245
375 345
375 280
375 408
375 437
375 379
376 248
376 441
376 438
376 371
376 312
377 440
377 281
377 248
377 346
377 342
378 444
378 474
378 442
378 251
378 313
379 508
379 250
379 375
379 349
379 343
380 377
380 507
380 285
380 220
380 446
381 410
381 317
381 321
381 383
381 354
382 353
382 255
382 446
382 354
382 317
383 322
383 416
383 480
383 321
383 417
384 477
384 447
384 320
384 322
384 511
385 416
385 481
385 545
385 414
385 483
386 292
386 451
386 257
386 357
386 479
387 419
387 420
387 416
387 290
387 516
388 415
388 321
388 323
388 293
388 485
389 229
389 455
389 325
389 387
389 417
390 485
390 419
390 358
390 426
390 325
391 262
391 361
391 295
391 458
391 487
392 296
392 387
392 394
392 453
392 393
393 299
393 429
393 266
393 522
393 520
394 329
394 363
394 396
394 360
394 456
395 299
395 393
395 367
395 390
395 423
396 457
396 458
396 364
396 429
396 394
397 303
397 400
397 330
397 396
397 429
398 426
398 363
398 465
398 364
398 362
399 338
399 463
399 304
399 239
399 366
400 371
400 369
400 337
400 560
400 428
401 435
401 369
401 272
401 397
401 306
402 403
402 400
402 304
402 242
402 336
403 276
403 432
403 408
403 336
403 563
404 465
404 409
404 408
404 400
404 437
405 376
405 311
405 373
405 404
405 472
406 409
406 470
406 471
406 407
406 371
407 312
407 440
407 402
407 502
407 247
408 473
408 404
408 341
408 413
408 505
409 379
409 506
409 438
409 470
409 406
410 375
410 282
410 281
410 313
410 475
411 284
411 313
411 414
411 439
411 447
412 385
412 510
412 409
412 444
412 539
413 381
413 445
413 378
413 474
413 318
414 417
414 443
414 379
414 254
414 412
415 319
415 510
415 380
415 289
415 476
416 382
416 353
416 513
416 288
416 482
417 478
417 257
417 481
417 389
417 543
418 389
418 478
418 545
418 447
418 512
419 451
419 513
419 482
419 386
419 546
420 456
420 355
420 323
420 388
420 455
421 454
421 486
421 455
421 449
421 354
422 518
422 549
422 451
422 489
422 360
423 487
423 327
423 457
423 490
423 294
424 296
424 425
424 426
424 490
424 521
425 331
425 364
425 523
425 421
425 458
426 330
426 424
426 492
426 390
426 328
427 494
427 490
427 298
427 332
427 299
428 490
428 555
428 363
428 393
428 331
429 395
429 362
429 393
429 523
429 431
430 302
430 429
430 431
430 558
430 495
431 402
431 463
431 525
431 365
431 398
432 499
432 497
432 428
432 338
432 437
433 528
433 397
433 437
433 337
433 436
434 528
434 468
434 401
434 429
434 438
435 434
435 308
435 564
435 406
435 431
436 439
436 373
436 406
436 469
436 502
437 500
437 342
437 472
437 499
437 434
438 468
438 402
438 406
438 433
438 409
439 378
439 343
439 279
439 467
439 471
440 472
440 374
440 313
440 567
440 469
441 470
441 346
441 477
441 345
441 347
442 446
442 346
442 504
442 376
442 440
443 439
443 603
443 570
443 347
443 379
444 410
444 448
444 475
444 571
444 412
445 316
445 352
445 541
445 542
445 383
446 480
446 441
446 478
446 317
446 350
447 481
447 451
447 542
447 318
447 380
448 447
448 508
448 415
448 544
448 320
449 419
449 513
449 482
449 514
449 512
450 515
450 477
450 415
450 452
450 355
451 454
451 447
451 418
451 390
451 517
452 324
452 455
452 485
452 547
452 418
453 452
453 391
453 388
453 359
453 582
454 614
454 484
454 391
454 485
454 425
455 552
455 487
455 452
455 425
455 421
456 394
456 422
456 486
456 395
456 492
457 585
457 427
457 617
457 391
457 522
458 428
458 455
458 424
458 493
458 494
459 487
459 521
459 428
459 394
459 365
460 393
460 429
460 363
460 394
460 521
461 429
461 365
461 466
461 397
461 589
462 495
462 365
462 458
462 364
462 492
463 335
463 559
463 466
463 429
463 590
464 400
464 459
464 431
464 436
464 593
465 435
465 529
465 530
465 432
465 370
466 404
466 461
466 500
466 337
466 498
467 528
467 438
467 531
467 462
467 463
468 500
468 535
468 436
468 434
468 407
469 474
469 436
469 441
469 473
469 497
470 404
470 567
470 471
470 472
470 441
471 532
471 441
471 472
471 405
471 536
472 312
472 536
472 469
472 468
472 500
473 601
473 472
473 540
473 344
473 505
474 479
474 409
474 376
474 572
474 470
475 441
475 542
475 540
475 602
475 503
476 605
476 510
476 441
476 415
476 541
477 417
477 605
477 542
477 573
477 450
478 539
478 540
478 473
478 507
478 508
479 606
479 413
479 444
479 449
479 481
480 515
480 484
480 575
480 386
480 516
481 543
481 607
481 515
481 486
481 352
482 483
482 418
482 513
482 547
482 480
483 517
483 387
483 580
483 510
483 388
484 423
484 324
484 515
484 518
484 455
485 390
485 518
485 550
485 420
485 453
486 359
486 490
486 456
486 580
486 481
487 358
487 515
487 360
487 327
487 389
488 489
488 615
488 328
488 521
488 483
489 587
489 362
489 556
489 585
489 361
490 362
490 427
490 429
490 617
490 521
491 620
491 520
491 461
491 424
491 495
492 488
492 522
492 397
492 429
492 621
493 620
493 495
493 528
493 426
493 365
494 367
494 490
494 530
494 465
494 433
495 461
495 527
495 561
495 467
495 496
496 561
496 464
496 432
496 465
496 467
497 436
497 530
497 591
497 595
497 592
498 403
498 563
498 466
498 559
498 370
499 533
499 596
499 432
499 627
499 401
500 535
500 403
500 372
500 502
500 566
501 534
501 466
501 532
501 500
501 373
502 471
502 531
502 404
502 437
502 472
503 442
503 536
503 535
503 440
503 568
504 410
504 407
504 439
504 468
504 471
505 473
505 602
505 501
505 572
505 539
506 470
506 408
506 537
506 634
506 473
507 409
507 446
507 441
507 475
507 570
508 448
508 480
508 505
508 571
508 473
509 413
509 542
509 507
509 606
509 511
510 670
510 482
510 412
510 574
510 476
511 445
511 608
511 477
511 385
511 510
512 542
512 609
512 573
512 543
512 415
513 546
513 447
513 642
513 640
513 419
514 541
514 550
514 547
514 543
514 485
515 613
515 612
515 387
515 519
515 542
516 515
516 552
516 486
516 676
516 449
517 453
517 388
517 513
517 487
517 582
518 486
518 583
518 579
518 389
518 647
519 549
519 359
519 453
519 458
519 646
520 515
520 424
520 454
520 617
520 618
521 616
521 648
521 523
521 583
521 489
522 394
522 524
522 486
522 521
522 587
523 584
523 585
523 494
523 557
523 425
524 560
524 588
524 527
524 522
524 525
525 365
525 528
525 685
525 652
525 559
526 462
526 522
526 653
526 589
526 397
527 433
527 398
527 555
527 654
527 493
528 368
528 625
528 624
528 463
528 688
529 657
529 527
529 625
529 594
529 434
530 529
530 403
530 469
530 432
530 592
531 534
531 659
531 592
531 532
531 436
532 531
532 536
532 438
532 563
532 466
533 469
533 436
533 594
533 596
533 528
534 470
534 499
534 467
534 567
534 564
535 664
535 632
535 532
535 596
535 567
536 441
536 472
536 534
536 603
536 665
537 570
537 532
537 442
537 634
537 534
538 472
538 599
538 475
538 574
538 605
539 538
539 412
539 600
539 634
539 668
540 638
540 538
540 537
540 602
540 541
541 476
541 602
541 637
541 701
541 638
542 607
542 603
542 478
542 571
542 481
543 541
543 446
543 578
543 513
543 450
544 483
544 514
544 545
544 478
544 638
545 639
545 578
545 416
545 642
545 450
546 579
546 451
546 544
546 516
546 417
547 610
547 543
547 575
547 552
547 642
548 576
548 577
548 581
548 645
548 583
549 421
549 646
549 610
549 577
549 454
550 545
550 484
550 521
550 551
550 611
551 555
551 546
551 518
551 648
551 520
552 520
552 553
552 584
552 583
552 489
553 647
553 459
553 517
553 619
553 649
554 620
554 425
554 651
554 621
554 555
555 459
555 524
555 428
555 583
555 461
556 461
556 491
556 493
556 617
556 684
557 493
557 523
557 655
557 618
557 496
558 594
558 431
558 492
558 460
558 718
559 464
559 587
559 656
559 622
559 524
560 626
560 496
560 565
560 529
560 527
561 595
561 563
561 557
561 532
561 688
562 690
562 591
562 558
562 466
562 402
563 658
563 562
563 598
563 468
563 465
564 498
564 501
564 500
564 532
564 562
565 569
565 600
565 471
565 536
565 631
566 660
566 664
566 535
566 594
566 661
567 471
567 633
567 564
567 531
567 598
568 602
568 505
568 540
568 502
568 504
569 508
569 603
569 540
569 565
569 697
570 534
570 604
570 699
570 635
570 572
571 666
571 699
571 508
571 537
571 575
572 569
572 475
572 536
572 537
572 635
573 512
573 668
573 513
573 574
573 733
574 448
574 576
574 481
574 639
574 570
575 571
575 481
575 672
575 579
575 578
576 510
576 608
576 449
576 636
576 705
577 610
577 582
577 671
577 604
577 641
578 579
578 645
578 676
578 549
578 545
579 545
579 584
579 643
579 612
579 644
580 707
580 675
580 546
580 420
580 513
581 520
581 546
581 548
581 612
581 614
582 648
582 518
582 454
582 649
582 742
583 489
583 648
583 677
583 588
583 522
584 517
584 680
584 619
584 582
584 614
585 616
585 588
585 524
585 647
585 652
586 521
586 615
586 525
586 583
586 622
587 556
587 559
587 654
587 554
587 620
588 555
588 585
588 590
588 619
588 620
589 618
589 462
589 625
589 592
589 525
590 496
590 588
590 624
590 525
590 655
591 560
591 494
591 524
591 525
591 596
592 656
592 594
592 657
592 556
592 593
593 626
593 629
593 565
593 687
593 526
594 566
594 596
594 660
594 595
594 754
595 724
595 467
595 692
595 564
595 659
596 724
596 560
596 533
596 597
596 532
597 592
597 694
597 662
597 437
597 695
598 531
598 632
598 758
598 628
598 562
599 594
599 570
599 693
599 759
599 660
600 630
600 570
600 471
600 760
600 727
601 761
601 472
601 504
601 697
601 631
602 540
602 638
602 731
602 696
602 599
603 474
603 666
603 576
603 507
603 638
604 570
604 476
604 542
604 576
604 607
605 538
605 510
605 573
605 699
605 476
606 577
606 735
606 733
606 672
606 669
607 510
607 579
607 671
607 605
607 636
608 671
608 573
608 767
608 635
608 674
609 644
609 641
609 675
609 575
609 736
610 608
610 450
610 671
610 704
610 516
611 580
611 644
611 484
611 675
611 643
612 640
612 617
612 647
612 674
612 517
613 740
613 610
613 583
613 647
613 547
614 553
614 774
614 578
614 581
614 585
615 611
615 487
615 520
615 709
615 521
616 519
616 647
616 615
616 679
616 581
617 588
617 519
617 613
617 520
617 652
618 683
618 620
618 745
618 617
618 582
619 587
619 623
619 591
619 553
619 747
620 525
620 460
620 648
620 588
620 749
621 616
621 684
621 556
621 749
621 492
622 462
622 557
622 592
622 719
622 684
623 558
623 652
623 587
623 686
623 495
624 557
624 619
624 589
624 495
624 621
625 561
625 596
625 562
625 594
625 688
626 593
626 753
626 565
626 564
626 529
627 754
627 597
627 660
627 532
627 561
628 595
628 596
628 722
628 660
628 626
629 630
629 594
629 690
629 535
629 566
630 725
630 728
630 662
630 659
630 599
631 760
631 471
631 602
631 635
631 728
632 472
632 566
632 636
632 633
632 729
633 634
633 631
633 695
633 661
633 602
634 667
634 600
634 761
634 730
634 538
635 571
635 696
635 507
635 633
635 599
636 764
636 541
636 508
636 668
636 765
637 702
637 543
637 641
637 701
637 699
638 701
638 611
638 733
638 541
638 704
639 669
639 608
639 634
639 575
639 735
640 799
640 669
640 643
640 612
640 609
641 547
641 645
641 579
641 639
641 546
642 672
642 646
642 579
642 647
642 641
643 615
643 771
643 706
643 579
643 612
644 706
644 645
644 613
644 677
644 615
645 774
645 516
645 580
645 773
645 743
646 616
646 675
646 611
646 741
646 517
647 708
647 675
647 582
647 611
647 679
648 581
648 554
648 583
648 775
648 652
649 489
649 683
649 646
649 650
649 714
650 622
650 679
650 684
650 711
650 646
651 747
651 523
651 718
651 586
651 623
652 616
652 812
652 715
652 654
652 651
653 587
653 590
653 688
653 747
653 524
654 623
654 593
654 783
654 658
654 589
655 685
655 589
655 719
655 526
655 592
656 722
656 560
656 593
656 660
656 688
657 591
657 718
657 626
657 593
657 559
658 725
658 755
658 753
658 686
658 629
659 655
659 623
659 627
659 531
659 564
660 532
660 721
660 626
660 727
660 724
661 600
661 625
661 626
661 658
661 666
662 661
662 630
662 663
662 632
662 595
663 693
663 691
663 566
663 602
663 599
664 700
664 792
664 665
664 760
664 730
665 636
665 632
665 629
665 662
665 634
666 662
666 733
666 730
666 602
666 599
667 703
667 638
667 665
667 701
667 573
668 607
668 570
668 666
668 731
668 700
669 704
669 735
669 576
669 574
669 732
670 638
670 604
670 700
670 731
670 606
671 611
671 706
671 798
671 638
671 578
672 544
672 736
672 675
672 608
672 545
673 607
673 700
673 738
673 736
673 670
674 702
674 802
674 612
674 737
674 735
675 610
675 680
675 678
675 677
675 674
676 805
676 580
676 642
676 836
676 644
677 678
677 775
677 610
677 773
677 582
678 642
678 742
678 518
678 741
678 648
679 552
679 581
679 745
679 740
679 741
680 747
680 613
680 711
680 807
680 520
681 676
681 746
681 714
681 553
681 647
682 713
682 744
682 714
682 777
682 585
683 685
683 556
683 712
683 616
683 715
684 778
684 781
684 679
684 714
684 811
685 813
685 652
685 621
685 781
685 748
686 717
686 720
686 747
686 559
686 751
687 626
687 719
687 654
687 784
687 657
688 625
688 623
688 687
688 627
688 626
689 719
689 686
689 751
689 783
689 784
690 757
690 594
690 654
690 561
690 593
691 531
691 818
691 594
691 724
691 562
692 595
692 688
692 728
692 756
692 787
693 598
693 721
693 691
693 853
693 758
694 661
694 728
694 722
694 788
694 724
695 659
695 698
695 661
695 696
695 600
696 660
696 724
696 665
696 599
696 569
697 758
697 663
697 729
697 599
697 826
698 825
698 600
698 571
698 665
698 663
699 859
699 570
699 634
699 638
699 633
700 639
700 673
700 637
700 731
700 669
701 799
701 572
701 638
701 696
701 861
702 637
702 704
702 638
702 733
702 667
703 642
703 543
703 675
703 667
703 576
704 732
704 737
704 771
704 799
704 700
705 802
705 704
705 674
705 672
705 800
706 644
706 546
706 671
706 702
706 608
707 734
707 612
707 738
707 768
707 644
708 740
708 612
708 739
708 738
708 837
709 707
709 644
709 741
709 708
709 807
710 644
710 643
710 713
710 777
710 647
711 741
711 840
711 806
711 778
711 710
712 841
712 614
712 775
712 650
712 809
713 618
713 842
713 584
713 746
713 808
714 718
714 713
714 686
714 747
714 618
715 813
715 712
715 686
715 711
715 679
716 783
716 622
716 711
716 556
716 649
717 689
717 844
717 651
717 684
717 718
718 779
718 624
718 558
718 717
718 683
719 654
719 686
719 747
719 722
719 785
720 718
720 716
720 687
720 756
720 755
721 726
721 819
721 719
721 657
721 723
722 659
722 752
722 753
722 754
722 849
723 625
723 820
723 852
723 754
723 724
724 596
724 818
724 788
724 760
724 564
725 697
725 722
725 759
725 822
725 724
726 792
726 791
726 756
726 698
726 659
727 632
727 598
727 729
727 726
727 600
728 695
728 724
728 762
728 733
728 723
729 693
729 569
729 700
729 795
729 826
730 760
730 700
730 890
730 697
730 632
731 826
731 636
731 827
731 695
731 637
732 765
732 736
732 699
732 730
732 761
733 667
733 730
733 606
733 703
733 672
734 766
734 797
734 706
734 800
734 798
735 703
735 607
735 637
735 670
735 736
736 741
736 705
736 703
736 673
736 765
737 676
737 830
737 733
737 863
737 702
738 642
738 740
738 800
738 705
738 741
739 835
739 770
739 736
739 710
739 706
740 767
740 706
740 704
740 773
740 801
741 737
741 713
741 711
741 743
741 677
742 770
742 644
742 804
742 741
742 615
743 680
743 742
743 681
743 804
743 773
744 714
744 873
744 838
744 712
744 780
745 740
745 778
745 748
745 715
745 775
746 813
746 679
746 650
746 652
746 779
747 776
747 715
747 783
747 681
747 777
748 814
748 743
748 650
748 715
748 877
749 747
749 752
749 622
749 846
749 653
750 655
750 844
750 716
750 715
750 653
751 756
751 721
751 780
751 879
751 716
752 754
752 654
752 816
752 787
752 815
753 850
753 818
753 689
753 788
753 656
754 784
754 755
754 787
754 691
754 723
755 820
755 790
755 791
755 758
755 595
756 789
756 785
756 722
756 659
756 759
757 725
757 660
757 721
757 792
757 690
758 694
758 855
758 631
758 886
758 727
759 632
759 887
759 728
759 790
759 854
760 826
760 698
760 855
760 666
760 632
761 729
761 824
761 665
761 796
761 728
762 798
762 766
762 763
762 602
762 731
763 761
763 699
763 764
763 665
763 728
764 768
764 799
764 636
764 604
764 860
765 670
765 699
765 863
765 738
765 731
766 735
766 637
766 737
766 639
766 733
767 862
767 800
767 894
767 831
767 737
768 835
768 834
768 799
768 832
768 927
769 865
769 898
769 897
769 832
769 770
770 867
770 741
770 835
770 798
770 707
771 643
771 837
771 931
771 704
771 706
772 838
772 806
772 799
772 805
772 870
773 778
773 869
773 613
773 710
773 742
774 776
774 838
774 810
774 872
774 840
775 746
775 840
775 869
775 779
775 803
776 781
776 936
776 741
776 772
776 747
777 806
777 711
777 649
777 905
777 683
778 746
778 681
778 747
778 938
778 813
779 745
779 684
779 840
779 619
779 907
780 876
780 843
780 841
780 784
780 620
781 848
781 786
781 745
781 751
781 879
782 751
782 716
782 847
782 719
782 816
783 716
783 849
783 911
783 786
783 688
784 687
784 846
784 818
784 813
784 655
785 722
785 848
785 849
785 657
785 749
786 688
786 822
786 848
786 815
786 787
787 916
787 693
787 850
787 752
787 818
788 789
788 818
788 824
788 784
788 885
789 660
789 760
789 883
789 886
789 726
790 692
790 726
790 693
790 724
790 786
791 820
791 728
791 727
791 920
791 726
792 663
792 858
792 856
792 890
792 759
793 758
793 856
793 829
793 826
793 859
794 790
794 795
794 798
794 729
794 760
795 733
795 767
795 793
795 792
795 734
796 826
796 793
796 729
796 831
796 669
797 861
797 801
797 761
797 669
797 764
798 828
798 702
798 638
798 701
798 763
799 704
799 640
799 803
799 896
799 862
800 736
800 798
800 898
800 894
800 867
801 895
801 767
801 830
801 831
801 773
802 838
802 833
802 898
802 768
802 706
803 963
803 831
803 738
803 864
803 805
804 740
804 805
804 900
804 932
804 774
805 769
805 777
805 708
805 677
805 899
806 743
806 771
806 742
806 839
806 709
807 744
807 901
807 935
807 740
807 778
808 935
808 711
808 779
808 804
808 745
809 938
809 779
809 905
809 872
809 814
810 908
810 844
810 780
810 938
810 682
811 714
811 909
811 907
811 715
811 908
812 972
812 652
812 816
812 685
812 845
813 783
813 684
813 817
813 911
813 746
814 849
814 810
814 848
814 846
814 847
815 782
815 754
815 851
815 850
815 814
816 815
816 851
816 780
816 912
816 785
817 851
817 852
817 755
817 821
817 781
818 913
818 754
818 854
818 852
818 822
819 784
819 979
819 690
819 855
819 788
820 791
820 884
820 918
820 821
820 823
821 785
821 694
821 915
821 826
821 919
822 761
822 886
822 854
822 856
822 916
823 696
823 663
823 921
823 851
823 788
824 791
824 822
824 828
824 885
824 853
825 890
825 760
825 730
825 891
825 731
826 855
826 829
826 822
826 858
826 891
827 858
827 829
827 863
827 699
827 856
828 825
828 767
828 796
828 798
828 957
829 734
829 769
829 860
829 956
829 768
830 990
830 925
830 825
830 895
830 733
831 736
831 863
831 738
831 833
831 832
832 737
832 738
832 830
832 833
832 705
833 705
833 800
833 829
833 897
833 868
834 929
834 707
834 804
834 839
834 862
835 837
835 737
835 898
835 804
835 803
836 834
836 931
836 867
836 742
836 869
837 834
837 898
837 809
837 867
837 900
838 742
838 934
838 899
838 870
838 711
839 868
839 937
839 903
839 805
839 867
840 746
840 812
840 969
840 32
840 902
841 906
841 713
841 935
841 903
841 809
842 814
842 811
842 844
842 781
842 780
843 715
843 937
843 940
843 780
843 972
844 782
844 814
844 909
844 905
844 874
845 940
845 850
845 841
845 907
845 874
846 751
846 879
846 843
846 913
846 812
847 811
847 812
847 883
847 843
847 844
848 883
848 910
848 781
848 813
848 911
849 854
849 946
849 910
849 880
849 815
850 913
850 723
850 756
850 845
850 916
851 817
851 788
851 946
851 886
851 820
852 917
852 881
852 850
852 790
852 819
853 951
853 888
853 950
853 920
853 981
854 918
854 888
854 726
854 882
854 823
855 884
855 789
855 888
855 821
855 952
856 853
856 823
856 855
856 919
856 889
857 953
857 852
857 730
857 918
857 792
858 856
858 797
858 764
858 891
858 730
859 32
859 920
859 926
859 863
859 763
860 861
860 796
860 923
860 989
860 862
861 833
861 32
861 955
861 926
861 795
862 924
862 767
862 799
862 769
862 733
863 831
863 798
863 957
863 896
863 959
864 0
864 868
864 33
864 829
864 891
865 705
865 899
865 893
865 800
865 976
866 33
866 928
866 970
866 974
866 871
867 772
867 980
867 985
867 839
867 836
868 979
868 982
868 64
868 970
868 740
869 991
869 930
869 33
869 63
869 934
870 809
870 803
870 984
870 873
870 982
871 968
871 907
871 938
871 900
871 744
872 982
872 64
872 807
872 904
872 712
873 982
873 842
873 967
873 974
873 808
874 964
874 838
874 714
874 776
874 778
875 811
875 844
875 962
875 941
875 991
876 871
876 984
876 781
876 973
876 942
877 783
877 942
877 906
877 985
877 939
878 847
878 912
878 978
878 64
878 874
879 990
879 785
879 961
879 845
879 814
880 851
880 845
880 967
880 818
880 981
881 753
881 963
881 947
881 989
881 964
882 913
882 854
882 885
882 961
882 976
883 881
883 919
883 914
883 983
883 944
884 64
884 63
884 917
884 982
884 965
885 981
885 788
885 988
885 913
885 989
886 792
886 825
886 914
886 854
886 882
887 886
887 948
887 984
887 987
887 967
888 889
888 975
888 976
888 855
888 856
889 956
889 967
889 989
889 974
889 855
890 971
890 922
890 969
890 854
890 889
891 969
891 888
891 924
891 991
891 861
892 888
892 981
892 966
892 962
892 920
893 764
893 925
893 897
893 32
893 922
894 861
894 767
894 961
894 0
894 797
895 63
895 980
895 802
895 969
895 974
896 892
896 802
896 987
896 975
896 989
897 950
897 800
897 966
897 802
897 939
898 953
898 895
898 952
898 964
898 959
899 904
899 954
899 948
899 31
899 946
900 970
900 866
900 982
900 927
900 941
901 839
901 903
901 939
901 774
901 985
902 958
902 957
902 948
902 742
902 985
903 868
903 902
903 840
903 942
903 933
904 943
904 62
904 974
904 838
904 985
905 963
905 844
905 973
905 932
905 960
906 901
906 940
906 872
906 987
906 777
907 954
907 904
907 747
907 964
907 96
908 909
908 945
908 947
908 935
908 952
909 990
909 963
909 983
909 981
909 972
910 970
910 934
910 34
910 951
910 933
911 878
911 943
911 983
911 955
911 909
912 940
912 967
912 910
912 961
912 882
913 971
913 882
913 940
913 911
913 912
914 973
914 96
914 962
914 965
914 929
915 946
915 985
915 978
915 989
915 987
916 881
916 953
916 947
916 33
916 979
917 850
917 0
917 942
917 968
917 931
918 978
918 979
918 820
918 971
918 963
919 853
919 960
919 963
919 883
919 822
920 963
920 975
920 946
920 936
920 951
921 958
921 63
921 955
921 964
921 968
922 793
922 937
922 0
922 950
922 924
923 973
923 959
923 936
923 939
923 794
924 861
924 893
924 971
924 980
924 857
925 981
925 977
925 863
925 957
925 96
926 951
926 960
926 945
926 976
926 798
927 65
927 948
927 900
927 64
927 989
928 61
928 920
928 986
928 937
928 832
929 914
929 64
929 953
929 963
929 949
930 868
930 896
930 951
930 924
930 974
931 907
931 905
931 901
931 836
931 943
932 950
932 867
932 903
932 973
932 898
933 896
933 95
933 871
933 910
933 66
934 900
934 974
934 925
934 912
934 981
935 35
935 868
935 916
935 946
935 979
936 944
936 970
936 128
936 976
936 982
937 808
937 1
937 841
937 809
937 967
938 925
938 924
938 959
938 984
938 974
939 35
939 988
939 977
939 900
939 97
940 979
940 946
940 963
940 128
940 906
941 34
941 980
941 2
941 971
941 934
942 919
942 907
942 923
942 879
942 973
943 897
943 946
943 937
943 961
943 0
944 938
944 985
944 64
944 969
944 989
945 960
945 35
945 950
945 971
945 934
946 960
946 905
946 882
946 925
946 95
947 919
947 896
947 927
947 916
947 883
948 976
948 882
948 956
948 34
948 886
949 950
949 1
949 979
949 952
949 901
950 951
950 853
950 975
950 63
950 946
951 34
951 96
951 924
951 61
951 32
952 936
952 889
952 969
952 2
952 967
953 907
953 954
953 982
953 962
953 921
954 888
954 936
954 893
954 929
954 939
955 890
955 942
955 957
955 901
955 949
956 970
956 950
956 983
956 30
956 975
957 908
957 96
957 66
957 932
957 829
958 904
958 919
958 950
958 30
958 899
959 895
959 908
959 94
959 0
959 961
960 922
960 907
960 876
960 924
960 878
961 959
961 940
961 990
961 907
961 34
962 979
962 985
962 833
962 126
962 67
963 63
963 866
963 127
963 983
963 874
964 891
964 932
964 894
964 970
964 946
965 902
965 128
965 958
965 953
965 892
966 67
966 956
966 887
966 3
966 60
967 886
967 928
967 2
967 930
967 878
968 31
968 899
968 973
968 920
968 871
969 953
969 986
969 925
969 880
969 929
970 875
970 954
970 907
970 892
970 940
971 991
971 866
971 62
971 883
971 949
972 812
972 980
972 919
972 98
972 938
973 96
973 950
973 963
973 975
973 864
974 950
974 926
974 928
974 937
974 918
975 901
975 159
975 969
975 954
975 891
976 878
976 928
976 947
976 908
976 912
977 893
977 988
977 964
977 868
977 923
978 935
978 886
978 983
978 959
978 879
979 97
979 975
979 990
979 903
979 945
980 36
980 864
980 950
980 923
980 851
981 960
981 971
981 900
981 868
981 920
982 953
982 901
982 97
982 936
982 876
983 36
983 959
983 923
983 128
983 914
984 921
984 932
984 873
984 890
984 883
985 936
985 979
985 886
985 1
985 30
986 902
986 34
986 960
986 888
986 990
987 950
987 957
987 955
987 35
987 969
988 962
988 987
988 3
988 911
988 31
989 969
989 957
989 892
989 964
989 867
990 127
990 861
990 952
990 955
990 943
991 29
991 34
991 924
991 888
991 907
