484 1452
0 398
0 469
0 476
1 428
1 427
1 431
2 441
2 458
2 69
3 50
3 469
3 1
4 114
4 3
4 1
5 115
5 27
5 7
6 52
6 10
6 74
7 53
7 26
7 75
8 26
8 53
8 95
9 77
9 5
9 119
10 31
10 52
10 51
11 77
11 55
11 100
12 38
12 122
12 99
13 56
13 33
13 8
14 39
14 38
14 103
15 13
15 14
15 20
16 36
16 20
16 81
17 38
17 61
17 20
18 14
18 16
18 128
19 467
19 39
19 473
20 474
20 23
20 41
21 463
21 65
21 44
22 374
22 132
22 45
23 411
23 445
23 27
24 22
24 452
24 46
25 92
25 89
25 1
26 44
26 92
26 475
27 29
27 30
27 31
28 53
28 3
28 24
29 34
29 10
29 74
30 140
30 34
30 54
31 52
31 119
31 9
32 119
32 33
32 78
33 9
33 53
33 12
34 79
34 76
34 35
35 80
35 102
35 13
36 58
36 80
36 35
37 41
37 55
37 39
38 16
38 37
38 84
39 81
39 107
39 13
40 481
40 84
40 106
41 37
41 86
41 44
42 24
42 83
42 434
43 441
43 448
43 397
44 445
44 23
44 439
45 474
45 134
45 3
46 483
46 109
46 443
47 23
47 480
47 68
48 45
48 136
48 3
49 136
49 5
49 94
50 48
50 5
50 118
51 94
51 5
51 8
52 50
52 93
52 28
53 29
53 71
53 7
54 73
54 10
54 53
55 30
55 59
55 73
56 32
56 12
56 31
57 122
57 103
57 83
58 82
58 76
58 40
59 106
59 36
59 146
60 35
60 78
60 128
61 16
61 125
61 39
62 126
62 129
62 61
63 42
63 463
63 129
64 62
64 24
64 481
65 475
65 421
65 472
66 430
66 472
66 463
67 456
67 464
67 113
68 481
68 477
68 2
69 72
69 25
69 95
70 114
70 25
70 158
71 29
71 115
71 69
72 68
72 94
72 25
73 94
73 74
73 96
74 100
74 56
74 8
75 50
75 53
75 94
76 95
76 29
76 100
77 187
77 55
77 59
78 142
78 53
78 75
79 13
79 120
79 33
80 144
80 13
80 101
81 60
81 76
81 101
82 104
82 18
82 77
83 62
83 148
83 125
84 86
84 105
84 41
85 131
85 87
85 106
86 44
86 196
86 478
87 453
87 466
87 0
88 445
88 458
88 93
89 463
89 177
89 467
90 46
90 48
90 93
91 45
91 114
91 137
92 109
92 25
92 70
93 140
93 75
93 157
94 96
94 140
94 158
95 163
95 97
95 184
96 116
96 77
96 7
97 161
97 71
97 120
98 119
98 34
98 162
99 143
99 35
99 186
100 166
100 53
100 124
101 142
101 143
101 169
102 143
102 147
102 59
103 98
103 57
103 147
104 38
104 36
104 37
105 86
105 131
105 148
106 149
106 86
106 151
107 148
107 20
107 90
108 131
108 61
108 45
109 0
109 105
109 152
110 478
110 90
110 68
111 152
111 113
111 110
112 90
112 134
112 222
113 158
113 89
113 46
114 137
114 138
114 71
115 97
115 179
115 135
116 162
116 51
116 157
117 137
117 75
117 7
118 121
118 123
118 162
119 118
119 96
119 55
120 97
120 125
120 142
121 32
121 124
121 33
122 35
122 146
122 145
123 167
123 104
123 79
124 121
124 169
124 58
125 83
125 148
125 99
126 150
126 107
126 102
127 82
127 147
127 102
128 82
128 153
128 18
129 85
129 104
129 61
130 148
130 149
130 176
131 68
131 128
131 154
132 179
132 108
132 113
133 222
133 88
133 155
134 115
134 68
134 45
135 137
135 116
135 139
136 133
136 140
136 135
137 93
137 117
137 247
138 70
138 180
138 113
139 50
139 118
139 51
140 183
140 182
140 115
141 139
141 184
141 208
142 140
142 137
142 163
143 79
143 102
143 190
144 100
144 147
144 99
145 187
145 104
145 167
146 78
146 151
146 80
147 102
147 143
147 104
148 193
148 174
148 235
149 213
149 132
149 106
150 154
150 195
150 84
151 108
151 197
151 86
152 170
152 128
152 197
153 134
153 109
153 217
154 113
154 130
154 176
155 111
155 67
155 113
156 154
156 245
156 114
157 203
157 244
157 204
158 115
158 139
158 90
159 117
159 160
159 206
160 202
160 247
160 249
161 73
161 159
161 120
162 74
162 73
162 159
163 229
163 137
163 96
164 206
164 117
164 160
165 140
165 141
165 254
166 255
166 189
166 147
167 190
167 231
167 148
168 150
168 255
168 194
169 150
169 102
169 189
170 127
170 60
170 168
171 218
171 174
171 129
172 104
172 213
172 236
173 216
173 194
173 172
174 219
174 217
174 150
175 242
175 153
175 200
176 216
176 134
176 195
177 217
177 264
177 175
178 220
178 158
178 156
179 199
179 220
179 196
180 159
180 245
180 154
181 139
181 161
181 228
182 95
182 116
182 204
183 202
183 136
183 160
184 228
184 188
184 96
185 207
185 210
185 206
186 142
186 227
186 274
187 169
187 190
187 212
188 210
188 142
188 233
189 121
189 148
189 277
190 122
190 147
190 186
191 188
191 213
191 234
192 104
192 172
192 212
193 128
193 104
193 168
194 235
194 282
194 237
195 194
195 106
195 174
196 175
196 155
196 214
197 195
197 110
197 133
198 173
198 224
198 152
199 285
199 202
199 201
200 226
200 178
200 205
201 241
201 267
201 206
202 180
202 270
202 177
203 180
203 267
203 198
204 225
204 245
204 200
205 203
205 180
205 186
206 164
206 271
206 226
207 203
207 296
207 183
208 253
208 206
208 187
209 145
209 213
209 185
210 213
210 212
210 299
211 189
211 254
211 191
212 186
212 209
212 299
213 103
213 170
213 232
214 216
214 301
214 190
215 236
215 127
215 240
216 263
216 235
216 170
217 171
217 327
217 221
218 192
218 242
218 220
219 176
219 130
219 178
220 216
220 306
220 246
221 220
221 286
221 177
222 287
222 198
222 224
223 203
223 225
223 289
224 206
224 220
224 159
225 293
225 161
225 205
226 245
226 315
226 158
227 180
227 294
227 252
228 316
228 295
228 248
229 297
229 225
229 232
230 250
230 143
230 183
231 228
231 249
231 320
232 255
232 168
232 235
233 278
233 209
233 212
234 323
234 208
234 209
235 188
235 260
235 212
236 169
236 303
236 216
237 235
237 261
237 260
238 214
238 172
238 220
239 194
239 234
239 305
240 263
240 244
240 241
241 223
241 153
241 173
242 222
242 154
242 238
243 197
243 262
243 218
244 177
244 203
244 265
245 179
245 266
245 177
246 158
246 269
246 293
247 248
247 183
247 224
248 182
248 315
248 266
249 244
249 204
249 294
250 252
250 273
250 207
251 319
251 271
251 231
252 209
252 206
252 362
253 187
253 210
253 209
254 322
254 299
254 189
255 237
255 259
255 211
256 324
256 275
256 343
257 367
257 254
257 301
258 213
258 263
258 255
259 216
259 237
259 260
260 241
260 261
260 239
261 283
261 280
261 240
262 242
262 218
262 284
263 223
263 177
263 174
264 311
264 285
264 266
265 241
265 305
265 224
266 286
266 222
266 332
267 333
267 248
267 332
268 244
268 336
268 269
269 273
269 244
269 224
270 313
270 246
270 250
271 275
271 205
271 317
272 296
272 206
272 276
273 226
273 296
273 163
274 254
274 362
274 277
275 272
275 319
275 234
276 209
276 320
276 344
277 280
277 299
277 319
278 168
278 296
278 342
279 320
279 280
279 323
280 325
280 298
280 170
281 368
281 299
281 327
282 262
282 302
282 283
283 236
283 287
283 280
284 260
284 281
284 258
285 243
285 350
285 265
286 309
286 327
286 326
287 290
287 263
287 246
288 243
288 354
288 200
289 286
289 293
289 264
290 202
290 295
290 308
291 316
291 223
291 315
292 402
292 274
292 337
293 246
293 248
293 360
294 276
294 289
294 205
295 339
295 229
295 252
296 301
296 270
296 314
297 293
297 338
297 275
298 303
298 366
298 343
299 278
299 317
299 255
300 299
300 258
300 255
301 346
301 366
301 237
302 320
302 349
302 235
303 347
303 350
303 238
304 285
304 238
304 264
305 330
305 372
305 328
306 309
306 308
306 372
307 239
307 287
307 218
308 287
308 284
308 311
309 222
309 396
309 289
310 221
310 242
310 265
311 268
311 244
311 267
312 313
312 244
312 359
313 335
313 288
313 339
314 313
314 289
314 334
315 361
315 335
315 362
316 319
316 334
316 382
317 314
317 382
317 296
318 292
318 407
318 298
319 272
319 320
319 298
320 362
320 277
320 316
321 368
321 274
321 319
322 327
322 323
322 369
323 300
323 367
323 345
324 237
324 370
324 280
325 307
325 371
325 258
326 351
326 371
326 345
327 280
327 329
327 352
328 349
328 261
328 281
329 266
329 324
329 306
330 418
330 307
330 370
331 330
331 307
331 376
332 311
332 400
332 356
333 376
333 379
333 378
334 377
334 310
334 291
335 268
335 401
335 359
336 248
336 355
336 335
337 272
337 405
337 356
338 271
338 293
338 448
339 272
339 314
339 298
340 385
340 299
340 345
341 409
341 300
341 294
342 389
342 341
342 406
343 302
343 453
343 319
344 365
344 319
344 366
345 389
345 256
345 386
346 300
346 393
346 456
347 325
347 283
347 457
348 370
348 344
348 329
349 390
349 417
349 308
350 284
350 396
350 394
351 288
351 284
351 376
352 357
352 307
352 354
353 287
353 400
353 329
354 336
354 375
354 372
355 443
355 397
355 423
356 373
356 422
356 336
357 446
357 310
357 335
358 379
358 446
358 337
359 356
359 446
359 447
360 272
360 315
360 355
361 296
361 428
361 315
362 337
362 340
362 275
363 365
363 383
363 320
364 297
364 410
364 366
365 390
365 277
365 300
366 300
366 387
366 362
367 300
367 324
367 303
368 386
368 346
368 365
369 415
369 349
369 414
370 305
370 349
370 374
371 331
371 370
371 368
372 397
372 326
372 348
373 374
373 394
373 417
374 373
374 378
374 329
375 377
375 443
375 22
376 333
376 311
376 330
377 332
377 441
377 443
378 374
378 400
378 312
379 314
379 315
379 424
380 421
380 293
380 444
381 335
381 404
381 383
382 363
382 360
382 377
383 364
383 429
383 382
384 431
384 379
384 403
385 317
385 426
385 365
386 345
386 454
386 428
387 319
387 298
387 321
388 362
388 299
388 393
389 431
389 324
389 435
390 393
390 436
390 410
391 368
391 350
391 389
392 22
392 412
392 305
393 326
393 328
393 417
394 307
394 413
394 349
395 413
395 459
395 374
396 465
396 466
396 483
397 438
397 474
397 352
398 394
398 401
398 477
399 419
399 356
399 424
400 334
400 421
400 380
401 314
401 420
401 466
402 472
402 378
402 404
403 463
403 426
403 380
404 451
404 363
404 466
405 423
405 407
405 363
406 339
406 471
406 463
407 364
407 427
407 363
408 363
408 298
408 22
409 407
409 454
409 456
410 343
410 300
410 473
411 408
411 435
411 483
412 438
412 478
412 387
413 411
413 414
413 479
414 478
414 412
414 481
415 471
415 397
415 351
416 350
416 396
416 419
417 463
417 421
417 420
418 393
418 394
418 414
419 394
419 1
419 482
420 354
420 474
420 454
421 378
421 464
421 446
422 419
422 1
422 44
423 44
423 472
423 454
424 335
424 377
424 357
425 461
425 405
425 43
426 445
426 451
426 458
427 478
427 339
427 422
428 318
428 425
428 383
429 433
429 409
429 319
430 45
430 433
430 388
431 365
431 449
431 410
432 470
432 448
432 0
433 434
433 447
433 344
434 470
434 1
434 409
435 463
435 448
435 446
436 434
436 42
436 437
437 414
437 464
437 45
438 413
438 0
438 450
439 471
439 44
439 443
440 437
440 431
440 481
441 464
441 461
441 438
442 377
442 376
442 425
443 379
443 423
443 24
444 424
444 447
444 479
445 477
445 449
445 358
446 2
446 438
446 435
447 383
447 474
447 380
448 431
448 42
448 440
449 439
449 362
449 474
450 408
450 432
450 458
451 457
451 0
451 436
452 2
452 461
452 363
453 480
453 88
453 434
454 466
454 449
454 451
455 25
455 42
455 481
456 441
456 390
456 87
457 458
457 424
457 25
458 432
458 436
458 423
459 439
459 469
459 1
460 392
460 456
460 427
461 431
461 22
461 41
462 475
462 431
462 416
463 419
463 477
463 420
464 463
464 25
464 457
465 442
465 64
465 421
466 457
466 400
466 451
467 448
467 419
467 437
468 442
468 409
468 476
469 41
469 426
469 418
470 88
470 449
470 480
471 87
471 420
471 401
472 477
472 399
472 425
473 465
473 421
473 397
474 408
474 483
474 458
475 425
475 396
475 443
476 40
476 417
476 447
477 398
477 434
477 414
478 437
478 447
478 460
479 430
479 455
479 424
480 444
480 109
480 455
481 397
481 473
481 447
482 460
482 409
482 445
483 20
483 461
483 471
