992 9920
0 907
0 968
0 33
0 62
0 873
0 981
0 865
0 3
0 96
0 881
1 3
1 897
1 916
1 930
1 946
1 921
1 96
1 977
1 952
1 903
2 969
2 978
2 965
2 953
2 67
2 64
2 38
2 37
2 972
2 934
3 36
3 32
3 966
3 983
3 965
3 991
3 68
3 981
3 971
3 962
4 133
4 2
4 40
4 39
4 71
4 101
4 1
4 6
4 66
4 37
5 36
5 69
5 38
5 67
5 132
5 33
5 102
5 4
5 101
5 103
6 102
6 135
6 73
6 4
6 34
6 38
6 104
6 40
6 42
6 103
7 38
7 9
7 40
7 4
7 39
7 42
7 73
7 35
7 69
7 74
8 135
8 70
8 6
8 103
8 41
8 137
8 105
8 4
8 102
8 40
9 137
9 6
9 38
9 43
9 75
9 10
9 42
9 37
9 72
9 40
10 14
10 15
10 46
10 8
10 72
10 9
10 106
10 13
10 6
10 76
11 15
11 45
11 74
11 139
11 42
11 171
11 46
11 138
11 9
11 13
12 10
12 41
12 46
12 7
12 40
12 9
12 74
12 79
12 76
12 107
13 10
13 111
13 17
13 76
13 44
13 43
13 80
13 108
13 16
13 74
14 112
14 19
14 80
14 78
14 109
14 18
14 10
14 16
14 45
14 111
15 48
15 80
15 16
15 82
15 81
15 47
15 49
15 43
15 19
15 50
16 83
16 19
16 143
16 48
16 12
16 78
16 110
16 145
16 17
16 46
17 20
17 83
17 22
17 15
17 13
17 82
17 12
17 48
17 84
17 111
18 51
18 80
18 15
18 53
18 46
18 54
18 145
18 21
18 47
18 14
19 82
19 84
19 24
19 21
19 117
19 86
19 47
19 16
19 53
19 14
20 85
20 118
20 55
20 54
20 87
20 24
20 22
20 17
20 149
20 180
21 52
21 57
21 56
21 118
21 181
21 119
21 49
21 25
21 17
21 148
22 20
22 26
22 119
22 57
22 18
22 58
22 56
22 87
22 51
22 54
23 22
23 51
23 53
23 26
23 21
23 118
23 24
23 25
23 87
23 152
24 86
24 19
24 53
24 22
24 21
24 121
24 23
24 91
24 119
24 184
25 23
25 29
25 60
25 27
25 90
25 28
25 89
25 58
25 120
25 57
26 59
26 93
26 121
26 22
26 154
26 30
26 186
26 27
26 153
26 87
27 26
27 62
27 89
27 88
27 57
27 31
27 156
27 25
27 155
27 154
28 27
28 30
28 62
28 122
28 92
28 157
28 63
28 156
28 91
28 124
29 92
29 28
29 988
29 90
29 978
29 980
29 976
29 981
29 57
29 970
30 60
30 935
30 976
30 27
30 33
30 943
30 977
30 959
30 62
30 126
31 913
31 29
31 923
31 933
31 940
31 28
31 968
31 127
31 931
31 921
32 972
32 912
32 67
32 62
32 833
32 983
32 968
32 886
32 921
32 905
33 879
33 885
33 872
33 866
33 920
33 129
33 988
33 952
33 965
33 923
34 924
34 920
34 962
34 918
34 952
34 981
34 959
34 62
34 960
34 925
35 96
35 966
35 133
35 67
35 33
35 62
35 65
35 131
35 947
35 949
36 196
36 983
36 34
36 98
36 2
36 3
36 979
36 132
36 163
36 72
37 39
37 133
37 41
37 6
37 73
37 69
37 8
37 9
37 4
37 71
38 41
38 71
38 43
38 101
38 135
38 133
38 3
38 34
38 69
38 9
39 6
39 100
39 106
39 3
39 137
39 102
39 10
39 167
39 73
39 105
40 37
40 39
40 105
40 38
40 8
40 75
40 35
40 10
40 4
40 74
41 70
41 36
41 13
41 169
41 12
41 108
41 43
41 46
41 72
41 201
42 138
42 74
42 139
42 169
42 78
42 46
42 107
42 106
42 7
42 140
43 139
43 45
43 15
43 108
43 106
43 39
43 137
43 138
43 13
43 14
44 12
44 107
44 142
44 80
44 171
44 14
44 138
44 139
44 105
44 78
45 174
45 141
45 73
45 42
45 140
45 48
45 110
45 12
45 81
45 111
46 10
46 17
46 174
46 48
46 173
46 141
46 13
46 111
46 15
46 175
47 45
47 75
47 145
47 14
47 76
47 109
47 174
47 114
47 78
47 11
48 76
48 83
48 50
48 44
48 47
48 53
48 18
48 113
48 81
48 176
49 147
49 112
49 209
49 45
49 78
49 46
49 81
49 82
49 16
49 14
50 86
50 17
50 15
50 22
50 48
50 79
50 144
50 117
50 80
50 116
51 18
51 54
51 146
51 48
51 87
51 80
51 21
51 148
51 83
51 115
52 55
52 180
52 21
52 49
52 147
52 117
52 53
52 114
52 19
52 20
53 55
53 19
53 86
53 118
53 115
53 88
53 52
53 150
53 119
53 24
54 24
54 214
54 56
54 151
54 84
54 150
54 55
54 20
54 181
54 89
55 27
55 182
55 56
55 122
55 119
55 83
55 24
55 50
55 183
55 117
56 153
56 22
56 154
56 123
56 86
56 184
56 152
56 122
56 26
56 61
57 151
57 25
57 92
57 23
57 54
57 87
57 154
57 27
57 86
57 53
58 120
58 28
58 25
58 87
58 62
58 90
58 27
58 125
58 218
58 30
59 122
59 25
59 27
59 153
59 87
59 187
59 89
59 62
59 95
59 90
60 62
60 971
60 983
60 960
60 127
60 33
60 984
60 963
60 26
60 94
61 975
61 931
61 125
61 30
61 157
61 945
61 935
61 944
61 957
61 188
62 898
62 97
62 158
62 986
62 920
62 960
62 939
62 966
62 979
62 959
63 191
63 879
63 878
63 941
63 980
63 889
63 904
63 960
63 64
63 983
64 35
64 882
64 930
64 942
64 921
64 932
64 3
64 30
64 976
64 192
65 940
65 918
65 906
65 158
65 68
65 914
65 938
65 989
65 991
65 972
66 62
66 95
66 955
66 938
66 978
66 954
66 965
66 937
66 986
66 989
67 989
67 974
67 164
67 35
67 195
67 5
67 961
67 985
67 94
67 979
68 166
68 2
68 196
68 33
68 195
68 133
68 100
68 101
68 4
68 162
69 74
69 6
69 163
69 136
69 99
69 130
69 70
69 65
69 97
69 71
70 197
70 134
70 73
70 6
70 131
70 103
70 99
70 7
70 230
70 5
71 4
71 8
71 165
71 72
71 74
71 102
71 199
71 106
71 41
71 103
72 70
72 137
72 6
72 104
72 67
72 43
72 102
72 199
72 101
72 135
73 108
73 45
73 103
73 135
73 44
73 8
73 200
73 9
73 68
73 42
74 13
74 73
74 42
74 106
74 38
74 8
74 69
74 202
74 10
74 109
75 79
75 45
75 44
75 110
75 173
75 172
75 74
75 139
75 71
75 171
76 137
76 42
76 74
76 108
76 141
76 139
76 203
76 105
76 79
76 112
77 206
77 74
77 237
77 205
77 139
77 138
77 111
77 143
77 142
77 80
78 143
78 114
78 76
78 113
78 107
78 141
78 82
78 45
78 110
78 42
79 49
79 207
79 113
79 175
79 43
79 15
79 143
79 84
79 16
79 109
80 18
80 143
80 84
80 85
80 14
80 207
80 178
80 176
80 50
80 175
81 82
81 241
81 50
81 16
81 77
81 209
81 17
81 80
81 147
81 178
82 17
82 86
82 209
82 211
82 85
82 19
82 115
82 146
82 20
82 87
83 80
83 177
83 51
83 119
83 211
83 115
83 53
83 55
83 78
83 20
84 17
84 87
84 181
84 212
84 147
84 178
84 151
84 117
84 82
84 120
85 182
85 87
85 150
85 80
85 51
85 212
85 245
85 57
85 149
85 148
86 114
86 89
86 90
86 149
86 85
86 54
86 120
86 153
86 119
86 121
87 90
87 185
87 86
87 84
87 85
87 120
87 89
87 20
87 152
87 54
88 153
88 27
88 87
88 25
88 152
88 117
88 123
88 22
88 116
88 83
89 58
89 84
89 152
89 87
89 27
89 249
89 117
89 218
89 154
89 124
90 125
90 217
90 23
90 27
90 156
90 92
90 184
90 94
90 86
90 29
91 24
91 153
91 157
91 124
91 57
91 187
91 61
91 152
91 88
91 30
92 88
92 120
92 30
92 190
92 157
92 188
92 189
92 26
92 124
92 27
93 29
93 0
93 190
93 966
93 32
93 33
93 983
93 960
93 962
93 220
94 158
94 91
94 960
94 946
94 931
94 126
94 986
94 955
94 89
94 950
95 938
95 157
95 916
95 222
95 29
95 125
95 931
95 34
95 966
95 968
96 68
96 981
96 945
96 255
96 974
96 67
96 987
96 962
96 976
96 960
97 934
97 980
97 225
97 161
97 939
97 163
97 69
97 31
97 930
97 35
98 971
98 226
98 969
98 33
98 131
98 70
98 970
98 95
98 964
98 101
99 65
99 259
99 128
99 195
99 71
99 36
99 101
99 126
99 228
99 33
100 97
100 197
100 162
100 104
100 194
100 99
100 3
100 166
100 128
100 39
101 197
101 65
101 66
101 100
101 70
101 162
101 137
101 105
101 4
101 131
102 104
102 163
102 39
102 103
102 166
102 131
102 136
102 40
102 35
102 101
103 166
103 38
103 165
103 5
103 41
103 137
103 70
103 36
103 232
103 100
104 107
104 170
104 10
104 37
104 74
104 108
104 135
104 70
104 105
104 137
105 139
105 110
105 40
105 138
105 136
105 199
105 43
105 101
105 108
105 232
106 75
106 105
106 141
106 42
106 39
106 9
106 43
106 142
106 8
106 200
107 104
107 202
107 235
107 71
107 201
107 76
107 75
107 172
107 136
107 13
108 14
108 206
108 236
108 203
108 12
108 109
108 173
108 111
108 106
108 144
109 203
109 75
109 76
109 206
109 79
109 46
109 14
109 112
109 137
109 207
110 173
110 114
110 204
110 43
110 174
110 177
110 79
110 171
110 12
110 15
111 76
111 139
111 79
111 175
111 109
111 177
111 106
111 239
111 14
111 178
112 240
112 174
112 15
112 79
112 84
112 80
112 177
112 143
112 78
112 207
113 242
113 19
113 16
113 209
113 109
113 81
113 146
113 46
113 180
113 175
114 17
114 83
114 177
114 115
114 144
114 146
114 179
114 48
114 118
114 149
115 210
115 212
115 178
115 20
115 117
115 213
115 48
115 113
115 112
115 150
116 50
116 86
116 145
116 49
116 119
116 148
116 54
116 117
116 214
116 111
117 56
117 114
117 150
117 179
117 183
117 83
117 82
117 212
117 112
117 21
118 114
118 149
118 117
118 214
118 216
118 185
118 55
118 121
118 247
118 23
119 247
119 279
119 217
119 120
119 87
119 117
119 216
119 90
119 186
119 248
120 185
120 182
120 122
120 54
120 59
120 87
120 57
120 124
120 90
120 116
121 91
121 153
121 92
121 182
121 218
121 154
121 157
121 215
121 116
121 186
122 26
122 91
122 251
122 219
122 152
122 282
122 216
122 89
122 249
122 86
123 221
123 218
123 251
123 125
123 118
123 186
123 58
123 189
123 156
123 120
124 96
124 152
124 219
124 159
124 58
124 57
124 221
124 154
124 90
124 188
125 27
125 154
125 253
125 190
125 156
125 222
125 285
125 254
125 155
125 191
126 31
126 963
126 64
126 977
126 969
126 221
126 90
126 65
126 129
126 980
127 32
127 940
127 980
127 224
127 0
127 989
127 129
127 969
127 947
127 191
128 225
128 223
128 98
128 192
128 190
128 96
128 95
128 961
128 132
128 65
129 961
129 981
129 162
129 966
129 1
129 163
129 975
129 196
129 974
129 980
130 134
130 191
130 66
130 290
130 225
130 164
130 3
130 35
130 226
130 223
131 194
131 258
131 197
131 3
131 98
131 135
131 69
131 36
131 130
131 163
132 198
132 134
132 5
132 4
132 229
132 68
132 96
132 66
132 167
132 162
133 168
133 37
133 72
133 262
133 166
133 131
133 197
133 138
133 200
133 137
134 67
134 167
134 197
134 229
134 135
134 230
134 170
134 102
134 71
134 198
135 71
135 101
135 130
135 202
135 263
135 231
135 168
135 102
135 133
135 73
136 137
136 232
136 74
136 70
136 132
136 165
136 135
136 172
136 72
136 141
137 132
137 170
137 232
137 71
137 169
137 41
137 200
137 264
137 165
137 141
138 234
138 170
138 107
138 10
138 173
138 75
138 169
138 44
138 233
138 103
139 142
139 171
139 12
139 107
139 73
139 74
139 10
139 76
139 267
139 169
140 169
140 234
140 12
140 110
140 203
140 269
140 142
140 207
140 42
140 76
141 177
141 136
141 13
141 208
141 45
141 143
141 172
141 175
141 138
141 46
142 78
142 302
142 176
142 80
142 111
142 147
142 203
142 45
142 107
142 240
143 46
143 209
143 205
143 139
143 148
143 173
143 78
143 16
143 81
143 109
144 111
144 108
144 179
144 210
144 50
144 211
144 139
144 205
144 146
144 116
145 274
145 141
145 83
145 148
145 47
145 180
145 80
145 176
145 175
145 143
146 179
146 50
146 84
146 113
146 143
146 115
146 241
146 144
146 150
146 85
147 80
147 115
147 149
147 182
147 177
147 307
147 150
147 113
147 209
147 152
148 144
148 82
148 178
148 275
148 245
148 81
148 152
148 143
148 150
148 211
149 247
149 121
149 54
149 215
149 154
149 182
149 52
149 113
149 53
149 178
150 55
150 247
150 211
150 114
150 183
150 278
150 21
150 148
150 54
150 151
151 180
151 118
151 88
151 247
151 155
151 149
151 84
151 153
151 85
151 179
152 58
152 148
152 180
152 213
152 214
152 184
152 151
152 91
152 185
152 279
153 123
153 86
153 58
153 250
153 251
153 152
153 125
153 218
153 92
153 282
154 218
154 283
154 87
154 89
154 184
154 156
154 188
154 217
154 159
154 252
155 219
155 253
155 218
155 124
155 221
155 92
155 187
155 220
155 93
155 122
156 316
156 219
156 96
156 254
156 59
156 218
156 253
156 284
156 283
156 122
157 152
157 189
157 159
157 187
157 254
157 125
157 123
157 90
157 60
157 222
158 219
158 123
158 220
158 131
158 125
158 188
158 161
158 155
158 221
158 124
159 969
159 987
159 989
159 125
159 127
159 191
159 66
159 980
159 32
159 96
160 196
160 977
160 979
160 128
160 258
160 978
160 975
160 221
160 32
160 986
161 221
161 288
161 165
161 95
161 130
161 67
161 33
161 289
161 159
161 258
162 164
162 129
162 191
162 192
162 257
162 190
162 322
162 96
162 2
162 35
163 258
163 192
163 66
163 195
163 128
163 133
163 68
163 165
163 98
163 168
164 199
164 196
164 130
164 103
164 229
164 194
164 225
164 100
164 259
164 36
165 195
165 98
165 293
165 137
165 166
165 226
165 170
165 103
165 232
165 260
166 72
166 134
166 230
166 102
166 165
166 295
166 71
166 130
166 229
166 200
167 229
167 230
167 295
167 232
167 202
167 162
167 139
167 71
167 104
167 171
168 133
168 266
168 73
168 234
168 296
168 164
168 166
168 233
168 173
168 198
169 173
169 71
169 298
169 134
169 138
169 203
169 267
169 231
169 73
169 139
170 298
170 232
170 264
170 202
170 136
170 172
170 135
170 174
170 73
170 142
171 174
171 235
171 269
171 141
171 236
171 207
171 237
171 74
171 299
171 109
172 173
172 237
172 266
172 300
172 108
172 299
172 109
172 234
172 78
172 138
173 140
173 175
173 300
173 108
173 141
173 176
173 204
173 145
173 107
173 301
174 138
174 110
174 207
174 76
174 107
174 144
174 205
174 146
174 170
174 142
175 140
175 205
175 207
175 179
175 272
175 271
175 78
175 144
175 111
175 79
176 47
176 140
176 142
176 304
176 49
176 145
176 172
176 177
176 237
176 212
177 141
177 206
177 114
177 239
177 142
177 244
177 174
177 304
177 82
177 179
178 18
178 274
178 148
178 208
178 146
178 240
178 147
178 244
178 209
178 116
179 19
179 184
179 308
179 246
179 143
179 180
179 211
179 148
179 174
179 52
180 116
180 309
180 183
180 241
180 278
180 113
180 242
180 216
180 114
180 244
181 275
181 116
181 212
181 278
181 146
181 52
181 148
181 179
181 151
181 153
182 277
182 247
182 84
182 147
182 186
182 152
182 117
182 243
182 181
182 86
183 279
183 117
183 88
183 311
183 310
183 85
183 213
183 116
183 218
183 179
184 216
184 180
184 213
184 57
184 24
184 117
184 250
184 90
184 149
184 212
185 279
185 122
185 314
185 180
185 121
185 152
185 250
185 182
185 90
185 246
186 184
186 119
186 58
186 218
186 187
186 185
186 248
186 122
186 221
186 156
187 314
187 189
187 121
187 122
187 219
187 60
187 252
187 123
187 151
187 282
188 183
188 123
188 126
188 284
188 154
188 250
188 159
188 216
188 124
188 283
189 287
189 318
189 159
189 92
189 93
189 129
189 217
189 286
189 95
189 154
190 222
190 123
190 218
190 221
190 223
190 127
190 162
190 94
190 156
190 185
191 125
191 257
191 192
191 254
191 156
191 62
191 164
191 188
191 222
191 186
192 191
192 256
192 162
192 223
192 188
192 224
192 255
192 320
192 195
192 98
193 322
193 98
193 163
193 291
193 164
193 258
193 224
193 319
193 127
193 99
194 98
194 287
194 193
194 254
194 222
194 229
194 162
194 291
194 323
194 133
195 131
195 196
195 255
195 227
195 166
195 162
195 257
195 200
195 224
195 97
196 323
196 227
196 68
196 258
196 98
196 133
196 294
196 200
196 129
196 224
197 169
197 201
197 99
197 165
197 166
197 357
197 135
197 200
197 292
197 101
198 232
198 293
198 264
198 327
198 358
198 234
198 200
198 202
198 262
198 294
199 227
199 264
199 297
199 102
199 201
199 105
199 195
199 326
199 194
199 229
200 327
200 196
200 295
200 199
200 203
200 139
200 168
200 71
200 329
200 231
201 298
201 203
201 296
201 235
201 167
201 199
201 139
201 136
201 205
201 329
202 104
202 170
202 296
202 141
202 237
202 42
202 140
202 238
202 74
202 200
203 43
203 330
203 167
203 268
203 297
203 264
203 205
203 106
203 266
203 139
204 300
204 77
204 173
204 364
204 302
204 139
204 107
204 209
204 238
204 207
205 110
205 209
205 301
205 175
205 207
205 201
205 208
205 142
205 172
205 235
206 175
206 178
206 108
206 267
206 110
206 141
206 235
206 201
206 170
206 238
207 177
207 334
207 47
207 174
207 335
207 145
207 113
207 212
207 208
207 78
208 368
208 273
208 146
208 173
208 205
208 242
208 204
208 207
208 302
208 336
209 273
209 239
209 145
209 305
209 213
209 276
209 204
209 338
209 112
209 369
210 174
210 212
210 339
210 175
210 272
210 50
210 145
210 206
210 214
210 114
211 216
211 212
211 115
211 83
211 207
211 51
211 113
211 277
211 146
211 182
212 307
212 308
212 309
212 248
212 240
212 147
212 209
212 273
212 151
212 52
213 216
213 53
213 277
213 217
213 244
213 146
213 185
213 249
213 118
213 115
214 153
214 281
214 85
214 213
214 118
214 280
214 149
214 218
214 243
214 247
215 214
215 277
215 218
215 182
215 220
215 219
215 342
215 211
215 311
215 245
216 343
216 314
216 248
216 87
216 345
216 220
216 188
216 181
216 252
216 120
217 248
217 213
217 154
217 182
217 221
217 57
217 220
217 314
217 212
217 346
218 316
218 285
218 284
218 124
218 282
218 154
218 221
218 251
218 217
218 188
219 315
219 221
219 157
219 123
219 280
219 314
219 155
219 313
219 156
219 348
220 223
220 186
220 190
220 218
220 252
220 188
220 347
220 125
220 215
220 157
221 61
221 93
221 126
221 127
221 189
221 158
221 252
221 185
221 285
221 123
222 221
222 161
222 253
222 255
222 96
222 288
222 283
222 317
222 95
222 219
223 383
223 253
223 94
223 220
223 195
223 194
223 127
223 289
223 258
223 191
224 384
224 162
224 256
224 351
224 251
224 253
224 290
224 288
224 194
224 64
225 322
225 285
225 254
225 223
225 290
225 353
225 292
225 96
225 352
225 227
226 319
226 287
226 353
226 227
226 130
226 255
226 162
226 192
226 165
226 195
227 322
227 255
227 160
227 129
227 290
227 289
227 132
227 231
227 257
227 355
228 293
228 133
228 259
228 101
228 193
228 227
228 229
228 166
228 231
228 326
229 227
229 290
229 325
229 131
229 200
229 260
229 262
229 323
229 196
229 261
230 198
230 359
230 328
230 292
230 135
230 103
230 264
230 133
230 227
230 293
231 233
231 391
231 292
231 228
231 226
231 259
231 296
231 133
231 265
231 165
232 359
232 267
232 72
232 299
232 135
232 166
232 197
232 167
232 137
232 230
233 300
233 200
233 104
233 267
233 228
233 362
233 203
233 229
233 232
233 393
234 238
234 267
234 239
234 264
234 394
234 107
234 301
234 330
234 300
234 233
235 205
235 207
235 200
235 106
235 202
235 231
235 139
235 171
235 364
235 199
236 172
236 241
236 201
236 302
236 239
236 76
236 174
236 200
236 204
236 264
237 265
237 201
237 334
237 304
237 234
237 302
237 176
237 139
237 173
237 238
238 78
238 202
238 334
238 335
238 272
238 243
238 233
238 398
238 303
238 304
239 178
239 337
239 336
239 209
239 304
239 175
239 305
239 333
239 368
239 110
240 272
240 206
240 273
240 307
240 239
240 336
240 144
240 237
240 303
240 209
241 178
241 240
241 274
241 114
241 306
241 207
241 174
241 81
241 239
241 236
242 303
242 208
242 370
242 146
242 209
242 147
242 305
242 144
242 247
242 275
243 242
243 238
243 177
243 207
243 115
243 114
243 275
243 271
243 277
243 372
244 249
244 306
244 308
244 274
244 247
244 338
244 181
244 180
244 305
244 208
245 116
245 372
245 308
245 248
245 250
245 85
245 209
245 306
245 211
245 210
246 250
246 312
246 180
246 344
246 183
246 280
246 373
246 308
246 247
246 375
247 183
247 250
247 282
247 308
247 119
247 217
247 214
247 186
247 314
247 184
248 309
248 315
248 252
248 187
248 212
248 253
248 184
248 216
248 408
248 280
249 184
249 253
249 282
249 183
249 316
249 280
249 245
249 151
249 213
249 248
250 312
250 187
250 254
250 285
250 252
250 222
250 282
250 214
250 378
250 313
251 157
251 218
251 224
251 184
251 282
251 155
251 185
251 249
251 280
251 248
252 379
252 283
252 217
252 157
252 256
252 186
252 124
252 154
252 286
252 185
253 217
253 347
253 381
253 286
253 250
253 316
253 156
253 281
253 125
253 219
254 192
254 161
254 282
254 194
254 189
254 257
254 319
254 188
254 256
254 249
255 252
255 160
255 257
255 220
255 319
255 254
255 283
255 351
255 349
255 192
256 255
256 382
256 287
256 352
256 162
256 292
256 351
256 318
256 322
256 253
257 228
257 160
257 292
257 286
257 284
257 384
257 291
257 129
257 222
257 261
258 353
258 354
258 163
258 224
258 262
258 287
258 229
258 292
258 355
258 386
259 387
259 322
259 356
259 286
259 192
259 162
259 325
259 198
259 163
259 258
260 225
260 322
260 323
260 194
260 196
260 295
260 354
260 358
260 261
260 133
261 228
261 421
261 290
261 293
261 164
261 296
261 230
261 257
261 199
261 166
262 196
262 297
262 259
262 264
262 232
262 328
262 326
262 234
262 293
262 357
263 169
263 197
263 196
263 200
263 228
263 202
263 359
263 233
263 135
263 327
264 203
264 135
264 236
264 362
264 358
264 198
264 327
264 299
264 293
264 166
265 262
265 138
265 231
265 299
265 168
265 326
265 167
265 359
265 199
265 327
266 327
266 199
266 361
266 360
266 296
266 264
266 137
266 172
266 333
266 269
267 232
267 364
267 269
267 427
267 298
267 238
267 334
267 296
267 266
267 332
268 204
268 203
268 362
268 206
268 240
268 239
268 428
268 297
268 264
268 300
269 331
269 300
269 305
269 302
269 174
269 336
269 238
269 204
269 366
269 273
270 274
270 335
270 368
270 272
270 110
270 337
270 234
270 236
270 398
270 242
271 399
271 143
271 367
271 241
271 332
271 366
271 337
271 303
271 242
271 236
272 304
272 211
272 267
272 334
272 144
272 237
272 178
272 399
272 307
272 269
273 338
273 402
273 211
273 238
273 278
273 144
273 239
273 308
273 272
273 271
274 207
274 305
274 246
274 240
274 178
274 273
274 339
274 304
274 434
274 211
275 180
275 179
275 239
275 310
275 404
275 208
275 177
275 435
275 304
275 214
276 242
276 209
276 182
276 342
276 241
276 341
276 212
276 371
276 210
276 343
277 282
277 312
277 273
277 343
277 305
277 307
277 281
277 246
277 309
277 214
278 180
278 308
278 246
278 339
278 211
278 151
278 277
278 372
278 341
278 405
279 182
279 343
279 119
279 181
279 314
279 249
279 284
279 283
279 377
279 307
280 376
280 249
280 347
280 277
280 185
280 245
280 378
280 275
280 313
280 247
281 284
281 214
281 317
281 185
281 245
281 154
281 186
281 312
281 183
281 375
282 281
282 349
282 345
282 215
282 185
282 312
282 122
282 343
282 279
282 311
283 256
283 346
283 443
283 123
283 253
283 249
283 345
283 222
283 216
283 154
284 282
284 318
284 349
284 250
284 319
284 316
284 378
284 381
284 382
284 251
285 191
285 220
285 190
285 251
285 349
285 313
285 282
285 252
285 253
285 254
286 315
286 288
286 258
286 157
286 193
286 446
286 285
286 257
286 321
286 317
287 227
287 285
287 383
287 190
287 382
287 291
287 284
287 352
287 321
287 160
288 448
288 348
288 284
288 259
288 315
288 225
288 355
288 258
288 193
288 291
289 256
289 288
289 415
289 257
289 254
289 351
289 355
289 324
289 352
289 319
290 291
290 417
290 288
290 324
290 256
290 385
290 162
290 130
290 229
290 260
291 419
291 352
291 193
291 356
291 389
291 261
291 290
291 226
291 324
291 420
292 260
292 289
292 262
292 290
292 326
292 355
292 132
292 325
292 321
292 197
293 165
293 232
293 195
293 263
293 230
293 294
293 420
293 453
293 388
293 323
294 165
294 299
294 264
294 261
294 233
294 322
294 324
294 196
294 326
294 422
295 422
295 292
295 297
295 296
295 198
295 359
295 293
295 135
295 329
295 233
296 331
296 262
296 235
296 390
296 167
296 297
296 357
296 359
296 361
296 327
297 264
297 360
297 333
297 295
297 267
297 330
297 391
297 294
297 457
297 426
298 170
298 267
298 202
298 396
298 362
298 262
298 204
298 138
298 328
298 300
299 298
299 335
299 233
299 236
299 304
299 393
299 270
299 170
299 202
299 334
300 172
300 333
300 362
300 202
300 264
300 299
300 302
300 269
300 171
300 295
301 303
301 267
301 173
301 302
301 399
301 207
301 238
301 298
301 367
301 398
302 365
302 236
302 273
302 204
302 174
302 334
302 337
302 240
302 266
302 304
303 365
303 270
303 430
303 238
303 236
303 332
303 333
303 369
303 241
303 272
304 367
304 275
304 210
304 243
304 238
304 401
304 177
304 272
304 303
304 209
305 434
305 241
305 339
305 367
305 306
305 273
305 210
305 277
305 243
305 337
306 335
306 277
306 274
306 433
306 308
306 403
306 434
306 275
306 242
306 208
307 212
307 246
307 241
307 403
307 467
307 343
307 277
307 279
307 303
307 306
308 341
308 180
308 403
308 273
308 213
308 405
308 210
308 373
308 406
308 343
309 279
309 306
309 341
309 403
309 181
309 242
309 180
309 213
309 308
309 342
310 314
310 404
310 214
310 216
310 246
310 346
310 345
310 371
310 377
310 339
311 378
311 282
311 213
311 245
311 373
311 283
311 344
311 345
311 315
311 316
312 184
312 183
312 439
312 247
312 409
312 373
312 218
312 313
312 315
312 250
313 375
313 248
313 281
313 279
313 344
313 316
313 216
313 250
313 349
313 252
314 379
314 284
314 409
314 186
314 278
314 350
314 250
314 185
314 251
314 411
315 281
315 345
315 344
315 350
315 283
315 348
315 217
315 220
315 475
315 351
316 412
316 413
316 312
316 350
316 381
316 311
316 249
316 379
316 383
316 286
317 312
317 412
317 350
317 347
317 157
317 378
317 286
317 351
317 282
317 254
318 256
318 283
318 381
318 314
318 289
318 158
318 382
318 349
318 282
318 189
319 354
319 315
319 322
319 383
319 415
319 159
319 286
319 384
319 380
319 224
320 480
320 352
320 193
320 449
320 322
320 385
320 415
320 447
320 381
320 290
321 259
321 388
321 322
321 417
321 357
321 255
321 449
321 224
321 384
321 419
322 419
322 384
322 228
322 290
322 351
322 325
322 323
322 324
322 227
322 162
323 451
323 483
323 383
323 352
323 225
323 450
323 292
323 290
323 389
323 326
324 322
324 229
324 164
324 484
324 259
324 329
324 326
324 390
324 453
324 227
325 389
325 264
325 196
325 323
325 329
325 197
325 357
325 297
325 295
325 354
326 327
326 263
326 392
326 198
326 232
326 296
326 422
326 389
326 329
326 298
327 294
327 200
327 232
327 167
327 389
327 231
327 198
327 291
327 424
327 322
328 200
328 234
328 325
328 362
328 233
328 231
328 332
328 324
328 327
328 393
329 202
329 394
329 266
329 423
329 489
329 264
329 326
329 359
329 361
329 424
330 170
330 396
330 391
330 301
330 294
330 359
330 265
330 297
330 296
330 202
331 299
331 265
331 300
331 204
331 427
331 364
331 303
331 459
331 460
331 297
332 393
332 335
332 270
332 397
332 328
332 329
332 267
332 336
332 460
332 236
333 361
333 399
333 367
333 366
333 462
333 302
333 337
333 335
333 431
333 235
334 401
334 305
334 207
334 302
334 205
334 400
334 338
334 270
334 461
334 174
335 330
335 300
335 241
335 274
335 399
335 365
335 401
335 429
335 268
335 396
336 339
336 465
336 338
336 300
336 270
336 242
336 366
336 304
336 370
336 398
337 177
337 465
337 303
337 307
337 336
337 209
337 404
337 208
337 342
337 373
338 241
338 307
338 336
338 371
338 467
338 274
338 401
338 435
338 370
338 433
339 303
339 406
339 402
339 468
339 368
339 309
339 334
339 241
339 245
339 370
340 308
340 435
340 437
340 434
340 405
340 275
340 211
340 276
340 368
340 376
341 501
341 437
341 435
341 337
341 247
341 374
341 342
341 344
341 245
341 376
342 471
342 438
342 409
342 346
342 244
342 337
342 341
342 406
342 405
342 469
343 348
343 441
343 377
343 410
343 315
343 472
343 341
343 503
343 345
343 308
344 473
344 411
344 310
344 248
344 378
344 280
344 347
344 406
344 313
344 308
345 185
345 217
345 346
345 440
345 411
345 374
345 373
345 407
345 278
345 410
346 407
346 413
346 344
346 312
346 345
346 506
346 442
346 284
346 310
346 251
347 382
347 409
347 350
347 410
347 249
347 441
347 408
347 348
347 311
347 283
348 349
348 220
348 252
348 285
348 254
348 315
348 376
348 414
348 352
348 344
349 189
349 253
349 313
349 509
349 256
349 316
349 346
349 347
349 350
349 415
350 413
350 318
350 416
350 256
350 285
350 257
350 353
350 447
350 347
350 382
351 384
351 318
351 511
351 350
351 445
351 385
351 286
351 315
351 379
351 316
352 382
352 353
352 418
352 381
352 384
352 348
352 255
352 322
352 412
352 445
353 354
353 480
353 415
353 382
353 292
353 355
353 259
353 513
353 448
353 356
354 357
354 258
354 351
354 421
354 256
354 383
354 483
354 514
354 419
354 352
355 360
355 451
355 292
355 293
355 228
355 327
355 416
355 354
355 352
355 357
356 387
356 422
356 392
356 420
356 262
356 352
356 294
356 295
356 417
356 450
357 261
357 259
357 385
357 389
357 391
357 451
357 293
357 352
357 197
357 322
358 357
358 420
358 390
358 423
358 391
358 453
358 424
358 419
358 260
358 327
359 393
359 394
359 395
359 426
359 519
359 355
359 363
359 420
359 388
359 356
360 264
360 232
360 456
360 421
360 296
360 487
360 233
360 330
360 298
360 361
361 360
361 267
361 424
361 201
361 490
361 295
361 362
361 266
361 425
361 391
362 326
362 457
362 490
362 233
362 333
362 398
362 296
362 202
362 266
362 357
363 266
363 426
363 203
363 490
363 235
363 396
363 297
363 300
363 234
363 395
364 303
364 366
364 427
364 237
364 462
364 267
364 368
364 399
364 335
364 398
365 268
365 335
365 332
365 370
365 267
365 337
365 236
365 362
365 367
365 331
366 334
366 271
366 238
366 370
366 368
366 371
366 336
366 333
366 335
366 463
367 304
367 332
367 399
367 334
367 338
367 273
367 400
367 270
367 403
367 336
368 496
368 364
368 435
368 339
368 371
368 274
368 429
368 399
368 464
368 463
369 405
369 465
369 333
369 306
369 370
369 339
369 372
369 467
369 308
369 401
370 335
370 464
370 342
370 402
370 276
370 338
370 468
370 406
370 404
370 499
371 304
371 338
371 337
371 276
371 400
371 277
371 406
371 306
371 343
371 469
372 470
372 311
372 305
372 373
372 344
372 310
372 309
372 404
372 276
372 437
373 213
373 312
373 307
373 345
373 374
373 408
373 438
373 402
373 277
373 337
374 438
374 340
374 379
374 247
374 307
374 346
374 309
374 502
374 441
374 403
375 378
375 371
375 247
375 411
375 410
375 439
375 473
375 438
375 370
375 278
376 342
376 340
376 374
376 472
376 471
376 409
376 505
376 437
376 381
376 470
377 280
377 537
377 349
377 313
377 375
377 381
377 316
377 342
377 373
377 471
378 348
378 342
378 538
378 344
378 409
378 373
378 506
378 472
378 440
378 218
379 414
379 475
379 313
379 506
379 441
379 440
379 318
379 411
379 251
379 250
380 443
380 353
380 508
380 444
380 415
380 344
380 350
380 540
380 474
380 349
381 315
381 252
381 383
381 414
381 354
381 479
381 283
381 378
381 347
381 477
382 542
382 315
382 479
382 412
382 380
382 410
382 381
382 476
382 415
382 321
383 479
383 321
383 223
383 323
383 543
383 257
383 318
383 290
383 316
383 447
384 353
384 414
384 289
384 350
384 513
384 321
384 382
384 451
384 349
384 351
385 357
385 478
385 390
385 447
385 319
385 513
385 290
385 420
385 321
385 291
386 226
386 413
386 356
386 259
386 358
386 415
386 351
386 388
386 391
386 448
387 418
387 420
387 416
387 417
387 353
387 415
387 516
387 259
387 324
387 389
388 293
388 360
388 517
388 390
388 419
388 420
388 323
388 261
388 354
388 415
389 420
389 419
389 388
389 484
389 385
389 325
389 354
389 353
389 324
389 452
390 391
390 425
390 451
390 326
390 296
390 487
390 457
390 394
390 518
390 420
391 360
391 296
391 486
391 427
391 392
391 355
391 396
391 262
391 356
391 422
392 325
392 391
392 459
392 488
392 393
392 397
392 232
392 361
392 264
392 296
393 363
393 362
393 331
393 394
393 458
393 426
393 296
393 421
393 299
393 397
394 392
394 362
394 330
394 332
394 397
394 523
394 298
394 358
394 365
394 299
395 361
395 523
395 365
395 391
395 522
395 360
395 268
395 425
395 300
395 428
396 492
396 493
396 428
396 463
396 429
396 392
396 269
396 331
396 457
396 462
397 400
397 268
397 525
397 392
397 462
397 526
397 393
397 460
397 302
397 332
398 493
398 464
398 302
398 399
398 369
398 527
398 303
398 463
398 461
398 335
399 332
399 335
399 302
399 403
399 398
399 337
399 396
399 365
399 394
399 304
400 465
400 339
400 466
400 495
400 302
400 240
400 498
400 335
400 428
400 370
401 338
401 307
401 241
401 397
401 403
401 431
401 464
401 529
401 303
401 466
402 304
402 467
402 307
402 306
402 397
402 436
402 433
402 438
402 466
402 308
403 307
403 469
403 501
403 367
403 435
403 464
403 437
403 465
403 308
403 243
404 405
404 376
404 340
404 341
404 466
404 402
404 309
404 372
404 432
404 498
405 401
405 372
405 377
405 344
405 433
405 371
405 468
405 310
405 501
405 434
406 411
406 344
406 376
406 534
406 345
406 340
406 442
406 440
406 375
406 278
407 379
407 342
407 402
407 406
407 439
407 471
407 311
407 408
407 502
407 437
408 409
408 438
408 442
408 343
408 502
408 379
408 410
408 440
408 314
408 405
409 414
409 445
409 505
409 311
409 406
409 474
409 437
409 313
409 407
409 569
410 405
410 381
410 537
410 445
410 380
410 471
410 539
410 378
410 377
410 407
411 539
411 477
411 409
411 314
411 443
411 347
411 282
411 472
411 538
411 478
412 539
412 317
412 444
412 541
412 314
412 443
412 510
412 347
412 285
412 385
413 416
413 541
413 378
413 351
413 352
413 542
413 384
413 380
413 350
413 379
414 378
414 417
414 379
414 510
414 381
414 543
414 319
414 444
414 410
414 475
415 382
415 287
415 479
415 446
415 351
415 412
415 387
415 447
415 416
415 481
416 355
416 443
416 256
416 447
416 478
416 352
416 476
416 511
416 414
416 382
417 320
417 480
417 577
417 447
417 323
417 544
417 450
417 482
417 321
417 481
418 452
418 322
418 423
418 419
418 481
418 422
418 453
418 485
418 449
418 388
419 416
419 454
419 452
419 446
419 486
419 415
419 548
419 447
419 485
419 517
420 421
420 260
420 386
420 453
420 353
420 451
420 454
420 384
420 455
420 547
421 454
421 451
421 515
421 423
421 389
421 323
421 358
421 325
421 425
421 486
422 262
422 550
422 518
422 486
422 355
422 425
422 455
422 420
422 424
422 519
423 357
423 551
423 488
423 421
423 552
423 484
423 327
423 459
423 517
423 428
424 489
424 389
424 425
424 297
424 330
424 329
424 358
424 521
424 420
424 490
425 421
425 427
425 330
425 454
425 390
425 327
425 420
425 458
425 553
425 391
426 428
426 328
426 456
426 520
426 490
426 298
426 522
426 487
426 363
426 521
427 396
427 463
427 397
427 423
427 494
427 394
427 363
427 459
427 300
427 523
428 362
428 330
428 490
428 462
428 364
428 429
428 268
428 425
428 588
428 556
429 300
429 431
429 524
429 363
429 334
429 331
429 364
429 332
429 461
429 398
430 400
430 270
430 433
430 367
430 399
430 495
430 463
430 394
430 369
430 402
431 560
431 529
431 398
431 336
431 271
431 463
431 429
431 558
431 492
431 335
432 560
432 370
432 526
432 338
432 427
432 530
432 498
432 462
432 335
432 461
433 372
433 369
433 404
433 466
433 469
433 494
433 401
433 398
433 463
433 397
434 530
434 465
434 437
434 498
434 373
434 561
434 529
434 594
434 369
434 372
435 432
435 470
435 532
435 339
435 564
435 403
435 562
435 501
435 436
435 338
436 308
436 531
436 402
436 565
436 338
436 471
436 440
436 470
436 468
436 467
437 565
437 405
437 469
437 441
437 504
437 341
437 308
437 371
437 342
437 472
438 440
438 535
438 410
438 502
438 473
438 499
438 436
438 404
438 504
438 469
439 343
439 534
439 442
439 375
439 376
439 467
439 279
439 344
439 471
439 441
440 406
440 408
440 503
440 407
440 439
440 501
440 568
440 378
440 507
440 474
441 570
441 502
441 410
441 569
441 475
441 476
441 469
441 375
441 378
441 379
442 536
442 409
442 505
442 376
442 476
442 441
442 438
442 313
442 539
442 412
443 410
443 408
443 506
443 414
443 541
443 446
443 473
443 345
443 444
443 347
444 447
444 411
444 316
444 346
444 476
444 415
444 317
444 538
444 379
444 542
445 475
445 417
445 383
445 440
445 541
445 409
445 448
445 543
445 347
445 380
446 606
446 449
446 475
446 540
446 415
446 511
446 350
446 416
446 348
446 380
447 349
447 288
447 320
447 479
447 382
447 575
447 384
447 481
447 451
447 321
448 541
448 444
448 545
448 385
448 453
448 576
448 515
448 351
448 417
448 478
449 353
449 514
449 512
449 509
449 355
449 542
449 445
449 482
449 483
449 414
450 480
450 449
450 418
450 322
450 389
450 481
450 290
450 385
450 548
450 419
451 512
451 454
451 423
451 517
451 515
451 448
451 449
451 385
451 386
451 452
452 422
452 387
452 386
452 518
452 454
452 457
452 292
452 549
452 356
452 481
453 392
453 488
453 417
453 355
453 457
453 391
453 518
453 451
453 549
453 448
454 358
454 419
454 359
454 548
454 520
454 425
454 483
454 521
454 455
454 614
455 458
455 424
455 388
455 360
455 450
455 327
455 583
455 488
455 516
455 420
456 554
456 327
456 487
456 359
456 518
456 389
456 392
456 358
456 484
456 486
457 491
457 518
457 485
457 359
457 584
457 429
457 524
457 460
457 490
457 492
458 422
458 463
458 424
458 521
458 585
458 457
458 523
458 361
458 552
458 486
459 332
459 456
459 458
459 364
459 394
459 556
459 492
459 362
459 424
459 460
460 430
460 455
460 525
460 397
460 393
460 461
460 431
460 495
460 588
460 526
461 464
461 466
461 458
461 525
461 366
461 559
461 395
461 526
461 491
461 465
462 589
462 498
462 622
462 457
462 398
462 433
462 463
462 495
462 397
462 527
463 560
463 401
463 525
463 335
463 467
463 559
463 458
463 495
463 430
463 336
464 428
464 562
464 499
464 304
464 436
464 462
464 459
464 431
464 468
464 497
465 531
465 462
465 594
465 493
465 528
465 435
465 532
465 625
465 501
465 498
466 434
466 372
466 528
466 306
466 435
466 563
466 532
466 462
466 499
466 405
467 340
467 462
467 469
467 465
467 563
467 533
467 471
467 432
467 464
467 498
468 502
468 339
468 628
468 401
468 372
468 433
468 532
468 497
468 341
468 596
469 563
469 438
469 467
469 468
469 441
469 407
469 567
469 436
469 406
469 564
470 501
470 341
470 532
470 505
470 533
470 535
470 468
470 500
470 504
470 506
471 474
471 344
471 373
471 438
471 536
471 475
471 342
471 468
471 600
471 502
472 468
472 467
472 568
472 437
472 505
472 477
472 506
472 601
472 377
472 406
473 538
473 501
473 440
473 478
473 470
473 507
473 535
473 509
473 476
473 409
474 503
474 346
474 478
474 473
474 445
474 407
474 572
474 441
474 378
474 508
475 377
475 569
475 470
475 542
475 506
475 412
475 439
475 472
475 379
475 603
476 449
476 474
476 574
476 475
476 411
476 443
476 379
476 473
476 409
476 508
477 383
477 417
477 538
477 637
477 349
477 572
477 317
477 412
477 382
477 348
478 511
478 352
478 509
478 448
478 411
478 475
478 415
478 481
478 638
478 384
479 513
479 452
479 639
479 478
479 320
479 482
479 384
479 417
479 353
479 416
480 575
480 509
480 543
480 484
480 511
480 445
480 419
480 640
480 479
480 516
481 419
481 547
481 416
481 352
481 545
481 417
481 510
481 386
481 542
481 517
482 514
482 484
482 576
482 453
482 384
482 546
482 486
482 487
482 454
482 386
483 511
483 577
483 513
483 422
483 387
483 550
483 455
483 419
483 510
483 543
484 417
484 388
484 613
484 418
484 548
484 483
484 482
484 454
484 546
484 581
485 484
485 549
485 454
485 388
485 390
485 580
485 548
485 325
485 547
485 418
486 516
486 552
486 455
486 517
486 357
486 451
486 614
486 450
486 425
486 551
487 552
487 515
487 327
487 523
487 554
487 520
487 549
487 359
487 491
487 453
488 516
488 361
488 360
488 491
488 648
488 452
488 493
488 423
488 585
488 519
489 487
489 428
489 391
489 618
489 584
489 494
489 485
489 525
489 484
489 523
490 395
490 426
490 330
490 462
490 585
490 618
490 429
490 423
490 650
490 551
491 488
491 397
491 553
491 462
491 552
491 527
491 460
491 524
491 494
491 395
492 332
492 396
492 555
492 365
492 559
492 495
492 523
492 620
492 493
492 394
493 560
493 557
493 396
493 489
493 431
493 399
493 429
493 457
493 522
493 555
494 428
494 556
494 460
494 559
494 458
494 432
494 621
494 526
494 622
494 427
495 399
495 431
495 430
495 466
495 556
495 493
495 335
495 494
495 490
495 524
496 465
496 594
496 433
496 432
496 590
496 527
496 434
496 435
496 492
496 656
497 431
497 496
497 561
497 369
497 530
497 531
497 433
497 492
497 403
497 563
498 593
498 526
498 370
498 371
498 594
498 562
498 402
498 495
498 592
498 527
499 434
499 627
499 471
499 465
499 435
499 564
499 463
499 436
499 531
499 494
500 566
500 438
500 465
500 499
500 528
500 502
500 402
500 404
500 505
500 437
501 470
501 532
501 497
501 564
501 496
501 407
501 533
501 568
501 499
501 405
502 471
502 466
502 404
502 629
502 468
502 408
502 374
502 631
502 566
502 438
503 598
503 470
503 539
503 437
503 537
503 597
503 468
503 505
503 475
503 408
504 538
504 406
504 631
504 535
504 565
504 633
504 473
504 376
504 443
504 508
505 440
505 474
505 534
505 600
505 410
505 507
505 469
505 572
505 603
505 407
506 476
506 440
506 475
506 346
506 472
506 601
506 470
506 536
506 511
506 473
507 409
507 504
507 573
507 536
507 378
507 446
507 412
507 569
507 572
507 347
508 473
508 443
508 542
508 541
508 503
508 573
508 543
508 410
508 411
508 442
509 481
509 479
509 542
509 445
509 606
509 538
509 446
509 574
509 541
509 537
510 443
510 350
510 607
510 514
510 449
510 447
510 508
510 383
510 606
510 543
511 484
511 383
511 608
511 479
511 446
511 639
511 480
511 483
511 543
511 414
512 578
512 517
512 446
512 480
512 477
512 639
512 418
512 545
512 352
512 515
513 640
513 517
513 450
513 673
513 510
513 511
513 642
513 541
513 353
513 577
514 482
514 541
514 642
514 485
514 354
514 575
514 612
514 544
514 580
514 418
515 644
515 520
515 575
515 518
515 581
515 642
515 548
515 450
515 387
515 449
516 579
516 513
516 517
516 484
516 645
516 481
516 614
516 480
516 544
516 519
517 578
517 489
517 357
517 582
517 514
517 389
517 518
517 422
517 515
517 519
518 553
518 550
518 548
518 519
518 615
518 515
518 487
518 423
518 551
518 549
519 580
519 483
519 555
519 485
519 520
519 617
519 581
519 522
519 614
519 583
520 492
520 459
520 584
520 555
520 587
520 516
520 423
520 524
520 425
520 491
521 490
521 454
521 458
521 456
521 582
521 486
521 551
521 553
521 523
521 526
522 519
522 487
522 526
522 425
522 521
522 490
522 618
522 459
522 527
522 525
523 525
523 522
523 460
523 520
523 428
523 524
523 557
523 552
523 618
523 490
524 552
524 588
524 620
524 488
524 618
524 395
524 590
524 529
524 619
524 684
525 490
525 554
525 588
525 493
525 530
525 365
525 528
525 620
525 619
525 558
526 462
526 622
526 490
526 491
526 653
526 430
526 397
526 593
526 531
526 460
527 460
527 621
527 625
527 524
527 464
527 463
527 593
527 557
527 526
527 432
528 434
528 532
528 498
528 626
528 496
528 523
528 560
528 493
528 590
528 432
529 435
529 402
529 465
529 431
529 592
529 501
529 432
529 464
529 401
529 433
530 432
530 526
530 628
530 494
530 401
530 659
530 436
530 464
530 501
530 690
531 567
531 597
531 502
531 595
531 499
531 402
531 533
531 468
531 532
531 495
532 565
532 595
532 597
532 536
532 537
532 528
532 692
532 660
532 533
532 498
533 501
533 535
533 530
533 498
533 662
533 537
533 630
533 629
533 564
533 406
534 535
534 536
534 467
534 406
534 632
534 532
534 472
534 436
534 661
534 504
535 598
535 564
535 540
535 441
535 563
535 663
535 472
535 596
535 695
535 568
536 633
536 471
536 475
536 541
536 600
536 532
536 567
536 441
536 438
536 504
537 631
537 377
537 439
537 665
537 572
537 409
537 634
537 533
537 441
537 504
538 409
538 602
538 566
538 473
538 605
538 444
538 440
538 574
538 477
538 502
539 477
539 534
539 606
539 510
539 666
539 412
539 478
539 511
539 569
539 473
540 572
540 445
540 668
540 413
540 442
540 509
540 667
540 475
540 575
540 537
541 545
541 476
541 446
541 479
541 637
541 606
541 510
541 670
541 603
541 569
542 571
542 415
542 606
542 543
542 574
542 638
542 669
542 512
542 573
542 479
543 514
543 640
543 544
543 476
543 604
543 573
543 384
543 605
543 516
543 703
544 610
544 515
544 513
544 516
544 483
544 480
544 541
544 606
544 510
544 607
545 576
545 510
545 611
545 482
545 612
545 546
545 674
545 608
545 514
545 484
546 612
546 512
546 575
546 448
546 582
546 573
546 641
546 515
546 480
546 608
547 420
547 514
547 581
547 580
547 513
547 609
547 512
547 419
547 387
547 453
548 644
548 552
548 676
548 482
548 518
548 577
548 576
548 609
548 553
548 675
549 612
549 646
549 580
549 486
549 615
549 520
549 581
549 644
549 583
549 484
550 581
550 421
550 679
550 585
550 580
550 455
550 519
550 422
550 485
550 616
551 489
551 554
551 519
551 424
551 579
551 546
551 678
551 490
551 517
551 552
552 615
552 424
552 458
552 650
552 681
552 580
552 587
552 582
552 647
552 518
553 457
553 583
553 487
553 519
553 584
553 614
553 648
553 424
553 490
553 458
554 552
554 682
554 491
554 458
554 557
554 584
554 615
554 616
554 583
554 590
555 395
555 652
555 459
555 650
555 586
555 492
555 460
555 590
555 554
555 491
556 490
556 585
556 522
556 716
556 621
556 461
556 526
556 617
556 495
556 524
557 528
557 429
557 585
557 590
557 459
557 495
557 461
557 490
557 527
557 559
558 530
558 718
558 429
558 527
558 654
558 559
558 685
558 652
558 496
558 553
559 687
559 595
559 524
559 463
559 592
559 558
559 432
559 465
559 556
559 430
560 556
560 466
560 497
560 531
560 595
560 495
560 496
560 626
560 462
560 557
561 622
561 626
561 558
561 494
561 499
561 401
561 562
561 527
561 690
561 595
562 533
562 567
562 534
562 468
562 532
562 526
562 628
562 656
562 433
562 592
563 533
563 436
563 562
563 466
563 498
563 467
563 692
563 592
563 567
563 596
564 592
564 566
564 631
564 662
564 693
564 629
564 500
564 598
564 691
564 569
565 535
565 564
565 600
565 627
565 500
565 631
565 532
565 567
565 629
565 533
566 726
566 568
566 627
566 594
566 536
566 534
566 629
566 598
566 406
566 533
567 600
567 665
567 563
567 566
567 536
567 469
567 503
567 631
567 407
567 501
568 473
568 572
568 567
568 630
568 570
568 439
568 728
568 533
568 564
568 664
569 472
569 635
569 636
569 665
569 541
569 632
569 508
569 507
569 474
569 538
570 631
570 534
570 443
570 599
570 600
570 603
570 571
570 635
570 539
570 540
571 665
571 411
571 569
571 632
571 636
571 543
571 604
571 443
571 601
571 638
572 444
572 605
572 576
572 512
572 634
572 732
572 603
572 667
572 475
572 543
573 446
573 574
573 605
573 506
573 667
573 478
573 671
573 479
573 572
573 510
574 507
574 540
574 604
574 509
574 670
574 602
574 476
574 541
574 448
574 608
575 513
575 548
575 540
575 578
575 573
575 509
575 577
575 547
575 477
575 480
576 574
576 546
576 674
576 548
576 515
576 607
576 640
576 581
576 513
576 611
577 637
577 580
577 608
577 612
577 575
577 673
577 513
577 737
577 640
577 417
578 580
578 550
578 673
578 514
578 614
578 513
578 671
578 638
578 545
578 706
579 580
579 707
579 548
579 452
579 645
579 739
579 484
579 516
579 575
579 708
580 513
580 709
580 614
580 584
580 674
580 548
580 708
580 676
580 549
580 551
581 577
581 611
581 551
581 486
581 515
581 709
581 741
581 708
581 677
581 546
582 643
582 678
582 676
582 611
582 613
582 487
582 552
582 711
582 618
582 742
583 456
583 619
583 518
583 553
583 617
583 613
583 645
583 647
583 585
583 549
584 712
584 582
584 681
584 615
584 555
584 457
584 523
584 587
584 613
584 586
585 457
585 549
585 647
585 456
585 681
585 587
585 522
585 679
585 714
585 551
586 682
586 459
586 581
586 521
586 519
586 582
586 587
586 614
586 683
586 746
587 747
587 460
587 586
587 592
587 520
587 588
587 714
587 681
587 582
587 618
588 618
588 587
588 526
588 651
588 558
588 717
588 654
588 622
588 527
588 428
589 617
589 651
589 650
589 588
589 683
589 559
589 590
589 684
589 687
589 523
590 623
590 653
590 619
590 463
590 527
590 685
590 626
590 492
590 562
590 624
591 556
591 530
591 657
591 653
591 587
591 656
591 557
591 527
591 563
591 593
592 498
592 465
592 587
592 528
592 525
592 563
592 597
592 497
592 590
592 494
593 595
593 561
593 721
593 624
593 720
593 529
593 655
593 657
593 658
593 625
594 690
594 500
594 434
594 562
594 591
594 597
594 558
594 657
594 722
594 532
595 723
595 658
595 722
595 531
595 599
595 597
595 691
595 500
595 567
595 690
596 499
596 562
596 626
596 467
596 529
596 595
596 723
596 498
596 468
596 692
597 692
597 566
597 595
597 534
597 562
597 503
597 568
597 629
597 593
597 598
598 593
598 601
598 537
598 695
598 627
598 569
598 631
598 500
598 600
598 659
599 568
599 728
599 600
599 727
599 534
599 563
599 628
599 629
599 596
599 566
600 595
600 694
600 665
600 663
600 473
600 635
600 630
600 596
600 440
600 539
601 472
601 569
601 538
601 505
601 599
601 474
601 535
601 697
601 662
601 603
602 475
602 541
602 638
602 598
602 473
602 731
602 601
602 635
602 699
602 597
603 632
603 443
603 567
603 731
603 700
603 542
603 607
603 575
603 536
603 569
604 606
604 667
604 669
604 569
604 537
604 477
604 476
604 700
604 638
604 570
605 635
605 669
605 637
605 670
605 606
605 604
605 671
605 609
605 509
605 574
606 671
606 604
606 579
606 634
606 639
606 574
606 667
606 508
606 637
606 602
607 447
607 701
607 606
607 547
607 514
607 579
607 611
607 541
607 668
607 602
608 542
608 575
608 513
608 545
608 737
608 637
608 736
608 735
608 543
608 574
609 673
609 513
609 512
609 674
609 612
609 640
609 769
609 607
609 546
609 707
610 577
610 581
610 580
610 579
610 547
610 515
610 770
610 611
610 637
610 606
611 643
611 675
611 514
611 646
611 577
611 639
611 676
611 517
611 608
611 641
612 452
612 710
612 679
612 551
612 517
612 579
612 518
612 709
612 515
612 611
613 675
613 582
613 711
613 453
613 610
613 609
613 550
613 614
613 608
613 674
614 642
614 579
614 743
614 550
614 547
614 643
614 618
614 487
614 774
614 619
615 550
615 517
615 584
615 585
615 521
615 486
615 643
615 679
615 682
615 711
616 682
616 712
616 648
616 649
616 614
616 744
616 586
616 677
616 550
616 456
617 556
617 646
617 522
617 489
617 714
617 584
617 616
617 712
617 457
617 615
618 589
618 713
618 615
618 585
618 681
618 590
618 555
618 586
618 614
618 620
619 715
619 614
619 748
619 680
619 585
619 521
619 655
619 621
619 622
619 588
620 652
620 553
620 619
620 715
620 586
620 491
620 524
620 648
620 589
620 650
621 560
621 687
621 616
621 554
621 716
621 585
621 748
621 558
621 494
621 652
622 594
622 688
622 654
622 620
622 557
622 588
622 719
622 626
622 494
622 717
623 684
623 720
623 494
623 655
623 783
623 529
623 527
623 496
623 591
623 685
624 655
624 719
624 656
624 495
624 691
624 657
624 689
624 563
624 560
624 784
625 628
625 620
625 498
625 590
625 659
625 560
625 465
625 785
625 654
625 527
626 786
626 624
626 592
626 722
626 654
626 559
626 532
626 659
626 723
626 687
627 566
627 622
627 690
627 754
627 533
627 500
627 598
627 657
627 658
627 629
628 663
628 632
628 658
628 661
628 623
628 600
628 599
628 691
628 530
628 693
629 725
629 756
629 599
629 693
629 596
629 593
629 565
629 658
629 564
629 632
630 632
630 568
630 627
630 602
630 695
630 594
630 567
630 662
630 727
630 634
631 667
631 503
631 599
631 661
631 694
631 601
631 696
631 600
631 627
631 570
632 629
632 663
632 729
632 697
632 601
632 566
632 505
632 628
632 569
632 568
633 539
633 631
633 669
633 729
633 571
633 602
633 637
633 600
633 762
633 630
634 794
634 728
634 599
634 697
634 600
634 602
634 505
634 603
634 695
634 538
635 508
635 573
635 669
635 537
635 730
635 569
635 600
635 507
635 538
635 601
636 700
636 603
636 734
636 699
636 509
636 633
636 765
636 607
636 538
636 665
637 477
637 573
637 640
637 602
637 572
637 734
637 641
637 669
637 601
637 636
638 671
638 542
638 574
638 573
638 540
638 541
638 702
638 641
638 703
638 732
639 603
639 607
639 610
639 606
639 703
639 643
639 513
639 542
639 579
639 541
640 545
640 702
640 637
640 704
640 643
640 636
640 544
640 579
640 543
640 607
641 673
641 671
641 643
641 672
641 609
641 514
641 704
641 575
641 770
641 606
642 675
642 736
642 705
642 609
642 707
642 708
642 676
642 738
642 645
642 702
643 545
643 582
643 515
643 639
643 549
643 739
643 576
643 609
643 581
643 580
644 678
644 582
644 610
644 581
644 739
644 580
644 546
644 711
644 647
644 643
645 708
645 646
645 741
645 517
645 773
645 676
645 643
645 679
645 485
645 644
646 486
646 710
646 612
646 610
646 549
646 550
646 583
646 744
646 579
646 741
647 683
647 679
647 744
647 549
647 550
647 552
647 709
647 519
647 677
647 682
648 678
648 553
648 713
648 583
648 715
648 554
648 488
648 520
648 742
648 676
649 613
649 714
649 715
649 586
649 684
649 745
649 652
649 583
649 648
649 553
650 646
650 621
650 490
650 616
650 584
650 744
650 553
650 680
650 583
650 587
651 687
651 586
651 655
651 650
651 619
651 746
651 553
651 653
651 648
651 585
652 557
652 781
652 623
652 590
652 588
652 686
652 812
652 685
652 621
652 554
653 749
653 587
653 719
653 558
653 688
653 716
653 649
653 589
653 588
653 655
654 559
654 721
654 748
654 659
654 527
654 683
654 656
654 589
654 749
654 587
655 557
655 526
655 620
655 658
655 749
655 622
655 559
655 691
655 685
655 657
656 528
656 686
656 661
656 658
656 624
656 659
656 689
656 591
656 687
656 750
657 693
657 751
657 719
657 690
657 530
657 661
657 596
657 685
657 654
657 656
658 724
658 785
658 756
658 592
658 593
658 531
658 753
658 661
658 663
658 560
659 690
659 565
659 688
659 499
659 597
659 657
659 691
659 562
659 694
659 663
660 756
660 695
660 531
660 788
660 655
660 789
660 696
660 632
660 727
660 726
661 628
661 725
661 501
661 630
661 755
661 693
661 631
661 790
661 563
661 565
662 657
662 597
662 565
662 664
662 564
662 790
662 631
662 791
662 759
662 661
663 727
663 728
663 697
663 599
663 790
663 758
663 761
663 726
663 698
663 601
664 793
664 759
664 665
664 569
664 667
664 629
664 696
664 663
664 659
664 726
665 634
665 699
665 697
665 536
665 762
665 567
665 600
665 763
665 793
665 666
666 635
666 537
666 698
666 694
666 667
666 668
666 669
666 632
666 697
666 637
667 640
667 698
667 571
667 606
667 699
667 633
667 796
667 765
667 696
667 639
668 641
668 665
668 796
668 763
668 766
668 734
668 639
668 633
668 703
668 573
669 732
669 699
669 602
669 641
669 797
669 642
669 572
669 637
669 735
669 571
670 606
670 634
670 669
670 605
670 642
670 643
670 668
670 734
670 702
670 576
671 701
671 610
671 573
671 706
671 831
671 636
671 641
671 672
671 674
671 704
672 642
672 701
672 800
672 674
672 768
672 831
672 737
672 643
672 801
672 669
673 642
673 709
673 609
673 513
673 833
673 768
673 708
673 800
673 737
673 738
674 770
674 741
674 801
674 677
674 514
674 706
674 670
674 580
674 803
674 639
675 577
675 804
675 702
675 674
675 707
675 515
675 677
675 737
675 580
675 735
676 681
676 578
676 706
676 677
676 611
676 743
676 548
676 642
676 705
676 710
677 744
677 675
677 548
677 740
677 579
677 550
677 739
677 645
677 706
677 610
678 674
678 675
678 680
678 582
678 708
678 742
678 580
678 611
678 617
678 581
679 618
679 613
679 676
679 742
679 806
679 708
679 581
679 616
679 775
679 678
680 651
680 679
680 645
680 776
680 675
680 585
680 646
680 551
680 618
680 520
681 553
681 745
681 620
681 717
681 809
681 678
681 841
681 709
681 748
681 779
682 777
682 522
682 686
682 555
682 681
682 714
682 745
682 652
682 649
682 617
683 718
683 586
683 620
683 750
683 647
683 589
683 648
683 812
683 715
683 711
684 619
684 712
684 811
684 779
684 745
684 655
684 680
684 681
684 778
684 720
685 653
685 812
685 651
685 621
685 717
685 654
685 781
685 688
685 690
685 746
686 655
686 715
686 690
686 721
686 654
686 784
686 621
686 526
686 749
686 625
687 592
687 721
687 815
687 682
687 718
687 527
687 589
687 719
687 621
687 814
688 721
688 621
688 559
688 654
688 687
688 691
688 625
688 561
688 722
688 689
689 694
689 656
689 622
689 785
689 721
689 752
689 751
689 725
689 717
689 720
690 753
690 817
690 655
690 751
690 752
690 656
690 628
690 562
690 695
690 718
691 720
691 789
691 531
691 757
691 726
691 624
691 657
691 562
691 597
691 663
692 821
692 820
692 696
692 786
692 687
692 819
692 727
692 697
692 594
692 563
693 724
693 665
693 790
693 821
693 661
693 596
693 663
693 695
693 627
693 820
694 697
694 597
694 791
694 757
694 723
694 728
694 627
694 632
694 759
694 699
695 698
695 600
695 662
695 634
695 568
695 699
695 855
695 761
695 566
695 666
696 762
696 825
696 728
696 635
696 793
696 726
696 668
696 663
696 824
696 666
697 794
697 692
697 635
697 630
697 694
697 537
697 695
697 793
697 662
697 636
698 669
698 699
698 701
698 637
698 734
698 604
698 792
698 796
698 700
698 695
699 672
699 663
699 764
699 670
699 572
699 669
699 730
699 728
699 793
699 696
700 636
700 766
700 673
700 765
700 829
700 695
700 605
700 666
700 699
700 733
701 767
701 702
701 604
701 799
701 700
701 763
701 829
701 635
701 828
701 798
702 671
702 705
702 668
702 575
702 637
702 767
702 731
702 699
702 608
702 830
703 674
703 706
703 765
703 707
703 798
703 797
703 676
703 672
703 702
703 669
704 608
704 544
704 770
704 642
704 864
704 672
704 709
704 766
704 797
704 673
705 801
705 769
705 706
705 673
705 641
705 643
705 865
705 578
705 577
705 798
706 835
706 644
706 704
706 771
706 610
706 799
706 676
706 675
706 674
706 866
707 708
707 703
707 675
707 641
707 743
707 802
707 706
707 677
707 774
707 609
708 805
708 679
708 647
708 680
708 580
708 770
708 678
708 677
708 773
708 614
709 804
709 613
709 673
709 704
709 743
709 645
709 772
709 771
709 706
709 678
710 615
710 645
710 550
710 745
710 739
710 806
710 649
710 646
710 644
710 837
711 773
711 583
711 650
711 646
711 616
711 680
711 741
711 645
711 617
711 775
712 651
712 684
712 774
712 709
712 645
712 807
712 716
712 714
712 743
712 682
713 745
713 711
713 646
713 680
713 683
713 778
713 749
713 774
713 714
713 748
714 779
714 652
714 586
714 681
714 713
714 585
714 718
714 680
714 843
714 587
715 779
715 751
715 844
715 875
715 619
715 621
715 718
715 679
715 618
715 782
716 712
716 748
716 812
716 750
716 746
716 649
716 782
716 688
716 717
716 711
717 653
717 811
717 620
717 650
717 655
717 813
717 589
717 747
717 845
717 784
718 715
718 685
718 688
718 779
718 845
718 722
718 815
718 750
718 589
718 847
719 750
719 879
719 748
719 848
719 685
719 749
719 715
719 786
719 846
719 654
720 625
720 750
720 751
720 690
720 756
720 781
720 656
720 748
720 847
720 654
721 726
721 693
721 718
721 627
721 785
721 782
721 818
721 688
721 659
721 815
722 693
722 694
722 690
722 816
722 660
722 750
722 820
722 719
722 783
722 752
723 721
723 662
723 788
723 718
723 725
723 594
723 785
723 596
723 883
723 625
724 790
724 721
724 755
724 787
724 662
724 786
724 564
724 851
724 788
724 723
725 728
725 789
725 565
725 721
725 885
725 727
725 726
725 662
725 760
725 755
726 660
726 694
726 758
726 692
726 792
726 824
726 760
726 793
726 628
726 730
727 665
727 629
727 631
727 759
727 599
727 758
727 728
727 661
727 723
727 792
728 856
728 724
728 693
728 794
728 632
728 790
728 726
728 631
728 699
728 692
729 858
729 635
729 696
729 701
729 856
729 725
729 667
729 695
729 889
729 732
730 890
730 826
730 824
730 828
730 664
730 794
730 732
730 667
730 727
730 570
731 728
731 761
731 668
731 795
731 697
731 827
731 794
731 796
731 634
731 701
732 603
732 667
732 703
732 798
732 762
732 765
732 605
732 702
732 766
732 827
733 761
733 700
733 734
733 831
733 728
733 732
733 702
733 795
733 731
733 640
734 830
734 672
734 795
734 731
734 641
734 701
734 699
734 703
734 768
734 798
735 699
735 832
735 701
735 895
735 731
735 739
735 642
735 608
735 732
735 796
736 576
736 797
736 640
736 764
736 673
736 735
736 803
736 830
736 732
736 770
737 804
737 798
737 609
737 703
737 802
737 740
737 866
737 769
737 765
737 863
738 709
738 611
738 766
738 705
738 673
738 866
738 707
738 739
738 768
738 675
739 836
739 806
739 742
739 773
739 799
739 710
739 835
739 766
739 833
739 774
740 704
740 802
740 708
740 806
740 741
740 774
740 643
740 745
740 768
740 642
741 802
741 645
741 807
741 710
741 677
741 771
741 676
741 581
741 870
741 803
742 707
742 777
742 737
742 645
742 840
742 710
742 778
742 740
742 807
742 836
743 837
743 738
743 682
743 777
743 745
743 871
743 805
743 680
743 747
743 778
744 615
744 871
744 807
744 713
744 748
744 677
744 904
744 839
744 840
744 873
745 748
745 839
745 872
745 709
745 810
745 812
745 874
745 713
745 775
745 616
746 650
746 652
746 811
746 809
746 718
746 715
746 841
746 742
746 906
746 679
747 714
747 810
747 780
747 718
747 719
747 841
747 652
747 845
747 751
747 681
748 713
748 715
748 651
748 684
748 784
748 845
748 752
748 687
748 815
748 654
749 716
749 651
749 654
749 687
749 652
749 721
749 816
749 653
749 754
749 682
750 652
750 590
750 753
750 683
750 656
750 689
750 655
750 755
750 782
750 685
751 849
751 783
751 749
751 847
751 655
751 818
751 845
751 684
751 687
751 746
752 756
752 848
752 717
752 782
752 723
752 592
752 912
752 722
752 846
752 880
753 785
753 722
753 719
753 755
753 881
753 656
753 756
753 718
753 820
753 692
754 848
754 849
754 816
754 658
754 881
754 657
754 724
754 883
754 725
754 787
755 658
755 727
755 724
755 760
755 753
755 692
755 783
755 788
755 721
755 694
756 785
756 692
756 822
756 820
756 628
756 819
756 752
756 660
756 754
756 695
757 759
757 760
757 762
757 662
757 663
757 785
757 792
757 851
757 752
757 661
758 631
758 763
758 789
758 788
758 760
758 692
758 918
758 821
758 820
758 757
759 693
759 855
759 825
759 630
759 795
759 857
759 694
759 856
759 794
759 731
760 757
760 725
760 796
760 825
760 822
760 755
760 728
760 763
760 663
760 765
761 759
761 856
761 889
761 765
761 792
761 791
761 824
761 858
761 758
761 727
762 757
762 793
762 891
762 733
762 668
762 667
762 764
762 824
762 699
762 635
763 733
763 827
763 735
763 697
763 634
763 636
763 858
763 857
763 791
763 795
764 704
764 794
764 730
764 700
764 858
764 768
764 831
764 759
764 604
764 736
765 699
765 705
765 863
765 763
765 700
765 636
765 736
765 669
765 764
765 732
766 798
766 763
766 831
766 795
766 739
766 638
766 730
766 637
766 861
766 668
767 830
767 702
767 731
767 765
767 863
767 764
767 797
767 895
767 833
767 864
768 800
768 795
768 673
768 640
768 771
768 928
768 802
768 834
768 864
768 735
769 895
769 805
769 672
769 673
769 896
769 739
769 772
769 831
769 773
769 774
770 610
770 736
770 798
770 739
770 704
770 804
770 865
770 737
770 836
770 768
771 865
771 770
771 838
771 643
771 743
771 772
771 644
771 707
771 799
771 767
772 834
772 800
772 869
772 710
772 742
772 677
772 775
772 833
772 868
772 801
773 741
773 706
773 646
773 902
773 771
773 933
773 807
773 678
773 837
773 806
774 769
774 775
774 770
774 677
774 778
774 836
774 745
774 870
774 743
774 777
775 740
775 777
775 780
775 838
775 841
775 774
775 804
775 873
775 743
775 747
776 715
776 838
776 837
776 742
776 747
776 811
776 936
776 843
776 748
776 808
777 712
777 872
777 873
777 906
777 650
777 710
777 749
777 774
777 806
777 809
778 742
778 713
778 906
778 650
778 748
778 872
778 783
778 813
778 839
778 714
779 874
779 650
779 716
779 744
779 619
779 815
779 777
779 841
779 813
779 810
780 876
780 778
780 752
780 781
780 684
780 843
780 782
780 744
780 909
780 651
781 652
781 749
781 718
781 910
781 751
781 816
781 752
781 812
781 747
781 719
782 815
782 846
782 747
782 843
782 816
782 685
782 845
782 746
782 717
782 718
783 720
783 751
783 846
783 655
783 689
783 716
783 811
783 847
783 717
783 782
784 846
784 912
784 848
784 944
784 751
784 781
784 717
784 911
784 688
784 723
785 850
785 816
785 657
785 755
785 752
785 757
785 849
785 720
785 786
785 749
786 883
786 785
786 659
786 847
786 689
786 787
786 848
786 822
786 782
786 692
787 783
787 816
787 786
787 884
787 822
787 659
787 755
787 818
787 690
787 722
788 791
788 752
788 787
788 854
788 755
788 726
788 884
788 690
788 948
788 753
789 722
789 819
789 725
789 851
789 825
789 692
789 793
789 918
789 824
789 852
790 756
790 884
790 824
790 788
790 726
790 851
790 725
790 695
790 662
790 818
791 951
791 855
791 821
791 695
791 919
791 885
791 795
791 788
791 725
791 823
792 797
792 886
792 919
792 888
792 730
792 761
792 697
792 822
792 787
792 664
793 859
793 826
793 666
793 827
793 764
793 821
793 889
793 891
793 728
793 860
794 825
794 888
794 923
794 798
794 855
794 698
794 759
794 892
794 857
794 954
795 701
795 831
795 668
795 891
795 924
795 799
795 825
795 766
795 798
795 761
796 831
796 702
796 890
796 825
796 769
796 767
796 698
796 824
796 762
796 857
797 799
797 701
797 637
797 798
797 858
797 670
797 764
797 766
797 734
797 859
798 671
798 732
798 830
798 797
798 894
798 892
798 771
798 927
798 701
798 670
799 800
799 673
799 640
799 894
799 827
799 863
799 860
799 893
799 795
799 732
800 898
800 864
800 831
800 772
800 770
800 672
800 737
800 766
800 832
800 739
801 898
801 803
801 802
801 739
801 738
801 707
801 833
801 773
801 829
801 771
802 767
802 898
802 866
802 706
802 774
802 864
802 741
802 929
802 674
802 739
803 897
803 869
803 805
803 866
803 836
803 709
803 930
803 800
803 769
803 901
804 708
804 772
804 739
804 802
804 806
804 809
804 869
804 775
804 807
804 677
805 775
805 678
805 771
805 809
805 772
805 872
805 834
805 707
805 801
805 738
806 777
806 771
806 773
806 801
806 679
806 741
806 776
806 712
806 802
806 966
807 842
807 772
807 741
807 711
807 836
807 903
807 935
807 809
807 710
807 869
808 935
808 873
808 936
808 903
808 778
808 904
808 813
808 648
808 679
808 714
809 938
809 810
809 804
809 682
809 775
809 813
809 873
809 874
809 844
809 969
810 716
810 774
810 779
810 939
810 812
810 970
810 713
810 745
810 683
810 712
811 778
811 775
811 715
811 746
811 812
811 839
811 843
811 877
811 816
811 748
812 844
812 811
812 715
812 776
812 848
812 714
812 751
812 748
812 745
812 840
813 878
813 719
813 810
813 907
813 848
813 717
813 780
813 811
813 910
813 686
814 845
814 910
814 780
814 716
814 654
814 752
814 717
814 881
814 687
814 747
815 846
815 783
815 787
815 817
815 845
815 810
815 975
815 784
815 876
815 721
816 821
816 783
816 878
816 815
816 718
816 850
816 879
816 812
816 913
816 911
817 881
817 818
817 783
817 719
817 977
817 853
817 784
817 816
817 946
817 821
818 721
818 853
818 848
818 753
818 690
818 790
818 913
818 821
818 689
818 723
819 787
819 881
819 784
819 915
819 854
819 722
819 789
819 855
819 821
819 847
820 918
820 755
820 692
820 723
820 855
820 915
820 753
820 883
820 819
820 914
821 757
821 693
821 790
821 856
821 788
821 817
821 826
821 787
821 816
821 818
822 794
822 827
822 951
822 726
822 725
822 728
822 786
822 888
822 759
822 950
823 820
823 726
823 827
823 855
823 695
823 886
823 728
823 852
823 663
823 727
824 727
824 730
824 921
824 759
824 790
824 697
824 794
824 760
824 853
824 822
825 829
825 919
825 856
825 794
825 792
825 953
825 761
825 830
825 698
825 789
826 831
826 854
826 953
826 862
826 859
826 822
826 921
826 922
826 858
826 697
827 987
827 797
827 829
827 799
827 822
827 796
827 855
827 830
827 922
827 890
828 731
828 893
828 768
828 792
828 891
828 831
828 829
828 862
828 699
828 895
829 798
829 989
829 956
829 735
829 863
829 957
829 923
829 861
829 862
829 736
830 767
830 831
830 800
830 861
830 764
830 670
830 734
830 826
830 765
830 859
831 896
831 862
831 827
831 991
831 768
831 804
831 864
831 832
831 897
831 894
832 861
832 802
832 672
832 770
832 704
832 771
832 834
832 865
832 798
832 797
833 738
833 860
833 704
833 805
833 838
833 897
833 960
833 867
833 864
833 801
834 805
834 831
834 800
834 927
834 928
834 901
834 894
834 830
834 929
834 802
835 801
835 931
835 833
835 774
835 738
835 675
835 708
835 865
835 832
835 807
836 740
836 932
836 930
836 871
836 863
836 866
836 772
836 676
836 741
836 965
837 933
837 965
837 932
837 743
837 868
837 770
837 802
837 32
837 809
837 805
838 809
838 773
838 837
838 934
838 32
838 836
838 833
838 843
838 740
838 803
839 966
839 875
839 804
839 772
839 935
839 843
839 776
839 936
839 933
839 867
840 937
840 869
840 32
840 807
840 969
840 901
840 779
840 835
840 902
840 776
841 775
841 876
841 714
841 905
841 844
841 743
841 806
841 869
841 969
841 807
842 909
842 806
842 778
842 781
842 746
842 969
842 812
842 775
842 810
842 937
843 814
843 715
843 876
843 910
843 842
843 905
843 777
843 872
843 873
843 972
844 715
844 940
844 842
844 942
844 973
844 876
844 872
844 812
844 777
844 839
845 809
845 848
845 974
845 840
845 816
845 778
845 879
845 811
845 880
845 747
846 686
846 779
846 874
846 913
846 849
846 910
846 848
846 818
846 908
846 812
847 844
847 912
847 817
847 783
847 782
847 910
847 818
847 845
847 914
847 941
848 882
848 876
848 818
848 850
848 786
848 754
848 915
848 845
848 884
848 909
849 881
849 815
849 946
849 945
849 785
849 947
849 821
849 844
849 976
849 885
850 814
850 854
850 817
850 784
850 722
850 847
850 787
850 32
850 911
850 945
851 879
851 846
851 880
851 918
851 946
851 917
851 948
851 756
851 724
851 979
852 817
852 756
852 948
852 857
852 914
852 758
852 853
852 915
852 885
852 850
853 918
853 849
853 919
853 756
853 850
853 820
853 950
853 883
853 982
853 886
854 725
854 883
854 694
854 824
854 885
854 32
854 726
854 727
854 951
854 851
855 951
855 884
855 917
855 953
855 789
855 886
855 761
855 916
855 695
855 921
856 822
856 888
856 789
856 950
856 826
856 890
856 852
856 855
856 857
856 824
857 794
857 984
857 823
857 892
857 922
857 859
857 762
857 761
857 827
857 923
858 863
858 793
858 730
858 987
858 894
858 853
858 857
858 925
858 822
858 764
859 829
859 827
859 925
859 920
859 955
859 32
859 888
859 826
859 858
859 987
860 987
860 32
860 891
860 922
860 864
860 824
860 797
860 825
860 861
860 857
861 860
861 829
861 734
861 828
861 799
861 832
861 827
861 858
861 865
861 733
862 866
862 764
862 766
862 800
862 858
862 865
862 925
862 702
862 32
862 927
863 833
863 32
863 796
863 770
863 898
863 834
863 703
863 928
863 990
863 768
864 983
864 0
864 962
864 768
864 970
864 988
864 895
864 978
864 900
864 861
865 925
865 932
865 959
865 837
865 975
865 965
865 963
865 979
865 977
865 867
866 976
866 899
866 971
866 975
866 978
866 990
866 900
866 984
866 980
866 865
867 772
867 979
867 961
867 804
867 870
867 868
867 872
867 974
867 897
867 64
868 983
868 838
868 987
868 898
868 986
868 837
868 772
868 739
868 969
868 935
869 931
869 961
869 960
869 741
869 965
869 982
869 970
869 984
869 774
869 32
870 834
870 931
870 966
870 808
870 987
870 63
870 991
870 775
870 838
870 840
871 972
871 64
871 985
871 838
871 962
871 907
871 933
871 983
871 936
871 974
872 836
872 960
872 981
872 811
872 807
872 979
872 937
872 901
872 868
872 980
873 807
873 0
873 810
873 960
873 842
873 812
873 977
873 976
873 964
873 870
874 808
874 871
874 32
874 907
874 807
874 910
874 33
874 936
874 811
874 908
875 977
875 910
875 942
875 877
875 986
875 812
875 748
875 777
875 903
875 972
876 748
876 976
876 64
876 974
876 840
876 972
876 847
876 749
876 977
876 841
877 960
877 906
877 816
877 874
877 844
877 973
877 986
877 875
877 941
877 717
878 982
878 961
878 970
878 943
878 989
878 986
878 908
878 882
878 945
878 978
879 882
879 946
879 945
879 976
879 943
879 966
879 985
879 968
879 750
879 988
880 991
880 910
880 720
880 943
880 815
880 882
880 752
880 978
880 33
880 848
881 980
881 912
881 884
881 63
881 942
881 990
881 985
881 965
881 845
881 878
882 33
882 912
882 980
882 964
882 881
882 817
882 788
882 887
882 877
882 965
883 972
883 981
883 989
883 988
883 987
883 853
883 789
883 914
883 849
883 786
884 851
884 975
884 991
884 823
884 984
884 979
884 883
884 963
884 916
884 0
885 32
885 852
885 758
885 989
885 986
885 757
885 964
885 971
885 980
885 984
886 947
886 64
886 916
886 983
886 63
886 975
886 790
886 887
886 965
886 973
887 969
887 890
887 975
887 922
887 820
887 988
887 885
887 954
887 884
887 921
888 955
888 790
888 760
888 33
888 981
888 857
888 860
888 827
888 64
888 991
889 918
889 970
889 893
889 917
889 967
889 822
889 794
889 32
889 987
889 63
890 33
890 925
890 895
890 988
890 990
890 826
890 892
890 983
890 795
890 972
891 970
891 764
891 990
891 855
891 958
891 858
891 886
891 986
891 762
891 920
892 964
892 794
892 32
892 958
892 861
892 965
892 988
892 887
892 795
892 764
893 863
893 956
893 860
893 977
893 859
893 64
893 63
893 833
893 889
893 991
894 976
894 972
894 986
894 927
894 958
894 801
894 980
894 828
894 956
894 864
895 977
895 926
895 735
895 896
895 960
895 989
895 767
895 978
895 981
895 894
896 901
896 981
896 832
896 951
896 984
896 955
896 949
896 976
896 946
896 62
897 953
897 802
897 976
897 902
897 986
897 967
897 833
897 895
897 977
897 944
898 868
898 951
898 901
898 935
898 948
898 946
898 985
898 953
898 952
898 976
899 982
899 959
899 962
899 927
899 865
899 973
899 970
899 96
899 95
899 903
900 968
900 948
900 905
900 956
900 953
900 932
900 868
900 773
900 962
900 803
901 984
901 956
901 930
901 900
901 953
901 869
901 942
901 941
901 979
901 928
902 990
902 928
902 942
902 839
902 774
902 808
902 65
902 898
902 939
902 904
903 941
903 986
903 32
903 945
903 967
903 936
903 942
903 1
903 873
903 872
904 33
904 944
904 34
904 775
904 972
904 960
904 841
904 953
904 776
904 901
905 982
905 778
905 955
905 929
905 931
905 777
905 986
905 933
905 932
905 65
906 953
906 963
906 746
906 971
906 840
906 966
906 907
906 983
906 875
906 904
907 962
907 972
907 959
907 991
907 938
907 945
907 840
907 931
907 943
907 982
908 947
908 813
908 968
908 877
908 33
908 780
908 62
908 34
908 63
908 843
909 907
909 987
909 95
909 961
909 936
909 971
909 813
909 973
909 979
909 957
910 914
910 912
910 947
910 849
910 876
910 63
910 960
910 915
910 974
910 846
911 908
911 912
911 932
911 948
911 881
911 965
911 815
911 63
911 928
911 915
912 65
912 951
912 878
912 982
912 914
912 846
912 34
912 976
912 910
912 96
913 885
913 916
913 968
913 948
913 953
913 846
913 936
913 955
913 753
913 931
914 965
914 973
914 878
914 950
914 881
914 948
914 938
914 848
914 847
914 913
915 978
915 887
915 972
915 960
915 986
915 931
915 991
915 932
915 985
915 948
916 931
916 881
916 963
916 951
916 34
916 989
916 0
916 944
916 938
916 988
917 982
917 957
917 976
917 32
917 934
917 851
917 33
917 966
917 981
917 964
918 978
918 948
918 854
918 938
918 930
918 922
918 949
918 63
918 758
918 913
919 943
919 822
919 928
919 989
919 949
919 96
919 33
919 62
919 966
919 63
920 948
920 62
920 31
920 793
920 33
920 856
920 854
920 940
920 964
920 975
921 989
921 975
921 792
921 937
921 971
921 96
921 950
921 980
921 931
921 932
922 858
922 950
922 762
922 944
922 918
922 941
922 983
922 65
922 961
922 917
923 894
923 942
923 969
923 990
923 962
923 890
923 938
923 958
923 975
923 986
924 974
924 972
924 956
924 860
924 978
924 980
924 952
924 969
924 930
924 796
925 981
925 988
925 991
925 0
925 95
925 861
925 1
925 827
925 960
925 943
926 973
926 925
926 965
926 956
926 829
926 952
926 933
926 831
926 970
926 932
927 65
927 895
927 928
927 923
927 985
927 979
927 922
927 860
927 966
927 971
928 899
928 31
928 65
928 897
928 94
928 939
928 862
928 942
928 921
928 956
929 937
929 927
929 955
929 864
929 128
929 913
929 970
929 65
929 950
929 942
930 97
930 803
930 978
930 929
930 937
930 946
930 942
930 922
930 898
930 944
931 899
931 929
931 128
931 912
931 904
931 30
931 32
931 950
931 865
931 949
932 962
932 957
932 968
932 2
932 907
932 909
932 865
932 30
932 901
932 931
933 973
933 928
933 980
933 926
933 961
933 96
933 984
933 900
933 947
933 945
934 897
934 960
934 984
934 837
934 966
934 937
934 921
934 980
934 919
934 31
935 910
935 974
935 868
935 972
935 34
935 934
935 983
935 96
935 61
935 949
936 35
936 33
936 935
936 31
936 66
936 974
936 927
936 902
936 899
936 903
937 938
937 941
937 939
937 63
937 953
937 908
937 948
937 910
937 931
937 907
938 973
938 924
938 964
938 931
938 927
938 936
938 944
938 914
938 956
938 960
939 34
939 951
939 967
939 843
939 910
939 987
939 95
939 983
939 934
939 974
940 128
940 988
940 64
940 966
940 915
940 977
940 879
940 954
940 908
940 911
941 949
941 876
941 945
941 946
941 982
941 907
941 985
941 970
941 926
941 911
942 846
942 912
942 914
942 878
942 897
942 938
942 880
942 951
942 919
942 31
943 974
943 907
943 920
943 880
943 2
943 989
943 0
943 61
943 975
943 981
944 974
944 95
944 984
944 949
944 912
944 941
944 914
944 989
944 983
944 986
945 942
945 922
945 902
945 958
945 916
945 968
945 957
945 944
945 991
945 921
946 32
946 953
946 966
946 904
946 937
946 980
946 958
946 62
946 920
946 882
947 943
947 979
947 66
947 954
947 35
947 914
947 970
947 885
947 944
947 961
948 902
948 977
948 985
948 897
948 925
948 850
948 820
948 986
948 960
948 973
949 31
949 983
949 64
949 978
949 924
949 908
949 982
949 943
949 960
949 922
950 910
950 953
950 948
950 915
950 970
950 968
950 96
950 95
950 927
950 976
951 888
951 920
951 962
951 64
951 982
951 35
951 902
951 987
951 935
951 0
952 986
952 35
952 917
952 823
952 921
952 980
952 948
952 968
952 984
952 951
953 958
953 0
953 973
953 970
953 859
953 61
953 901
953 855
953 932
953 967
954 927
954 930
954 893
954 913
954 889
954 967
954 960
954 896
954 955
954 953
955 902
955 949
955 906
955 953
955 32
955 944
955 945
955 964
955 946
955 988
956 910
956 858
956 897
956 1
956 917
956 935
956 909
956 939
956 896
956 973
957 956
957 920
957 918
957 978
957 964
957 985
957 974
957 32
957 128
957 30
958 33
958 914
958 981
958 975
958 96
958 95
958 902
958 66
958 922
958 927
959 905
959 127
959 30
959 65
959 952
959 909
959 33
959 863
959 893
959 974
960 129
960 969
960 979
960 893
960 971
960 914
960 97
960 915
960 892
960 903
961 939
961 900
961 919
961 916
961 866
961 978
961 33
961 886
961 954
961 874
962 935
962 985
962 988
962 160
962 900
962 915
962 33
962 884
962 891
962 932
963 982
963 974
963 940
963 35
963 985
963 987
963 872
963 916
963 897
963 836
964 94
964 889
964 34
964 890
964 0
964 837
964 956
964 934
964 938
964 67
965 898
965 881
965 932
965 838
965 919
965 925
965 904
965 897
965 129
965 29
966 939
966 989
966 924
966 0
966 937
966 890
966 950
966 988
966 964
966 956
967 991
967 35
967 864
967 94
967 978
967 929
967 957
967 3
967 926
967 63
968 808
968 986
968 879
968 963
968 974
968 903
968 905
968 0
968 896
968 924
969 874
969 915
969 842
969 930
969 941
969 911
969 970
969 63
969 881
969 876
970 159
970 60
970 979
970 938
970 884
970 879
970 943
970 962
970 940
970 886
971 961
971 936
971 907
971 941
971 128
971 129
971 906
971 923
971 955
971 892
972 967
972 159
972 971
972 880
972 949
972 912
972 927
972 924
972 908
972 962
973 976
973 984
973 876
973 0
973 884
973 920
973 949
973 890
973 33
973 912
974 979
974 905
974 2
974 893
974 95
974 0
974 911
974 909
974 36
974 972
975 904
975 915
975 1
975 923
975 937
975 94
975 870
975 978
975 880
975 897
976 934
976 866
976 904
976 966
976 925
976 1
976 971
976 873
976 881
976 937
977 919
977 874
977 962
977 949
977 957
977 959
977 978
977 126
977 897
977 968
978 980
978 930
978 850
978 954
978 940
978 985
978 989
978 886
978 160
978 957
979 956
979 917
979 977
979 931
979 907
979 885
979 976
979 127
979 129
979 955
980 97
980 852
980 991
980 909
980 30
980 913
980 864
980 34
980 880
980 924
981 126
981 896
981 61
981 985
981 944
981 959
981 903
981 922
981 956
981 910
982 950
982 60
982 63
982 889
982 933
982 96
982 945
982 967
982 160
982 873
983 936
983 906
983 961
983 892
983 36
983 976
983 878
983 890
983 942
983 871
984 909
984 129
984 991
984 932
984 933
984 876
984 986
984 94
984 964
984 950
985 965
985 959
985 890
985 952
985 29
985 159
985 905
985 3
985 883
985 34
986 892
986 877
986 917
986 940
986 925
986 872
986 950
986 67
986 869
986 961
987 916
987 991
987 858
987 973
987 975
987 94
987 933
987 938
987 33
987 0
988 939
988 877
988 958
988 888
988 977
988 970
988 903
988 944
988 2
988 938
989 871
989 926
989 98
989 906
989 36
989 923
989 97
989 940
989 911
989 943
990 924
990 887
990 917
990 959
990 952
990 967
990 888
990 909
990 870
990 29
991 866
991 65
991 987
991 907
991 888
991 975
991 958
991 982
991 94
991 902
