240 1200
0 195
0 229
0 176
0 19
0 45
1 224
1 207
1 47
1 217
1 33
2 3
2 229
2 82
2 32
2 19
3 2
3 230
3 227
3 34
3 4
4 33
4 16
4 50
4 23
4 35
5 25
5 53
5 2
5 38
5 37
6 18
6 71
6 53
6 2
6 5
7 3
7 20
7 26
7 42
7 39
8 5
8 21
8 37
8 4
8 12
9 12
9 14
9 59
9 7
9 57
10 25
10 39
10 75
10 15
10 26
11 0
11 24
11 59
11 29
11 12
12 27
12 28
12 59
12 29
12 44
13 32
13 28
13 59
13 61
13 11
14 9
14 44
14 229
14 232
14 48
15 29
15 236
15 239
15 209
15 215
16 28
16 209
16 235
16 95
16 191
17 213
17 50
17 80
17 82
17 217
18 52
18 15
18 1
18 32
18 22
19 52
19 99
19 3
19 223
19 68
20 55
20 236
20 233
20 49
20 32
21 36
21 38
21 70
21 33
21 54
22 53
22 5
22 24
22 87
22 69
23 22
23 9
23 24
23 28
23 37
24 59
24 57
24 26
24 88
24 37
25 9
25 105
25 56
25 54
25 73
26 25
26 29
26 21
26 58
26 57
27 28
27 47
27 24
27 90
27 16
28 91
28 27
28 232
28 8
28 17
29 59
29 27
29 223
29 237
29 61
30 193
30 93
30 29
30 200
30 212
31 216
31 224
31 60
31 11
31 19
32 66
32 200
32 43
32 239
32 182
33 38
33 228
33 97
33 66
33 49
34 216
34 62
34 83
34 82
34 233
35 237
35 235
35 84
35 228
35 52
36 48
36 99
36 7
36 23
36 20
37 49
37 38
37 21
37 32
37 35
38 4
38 37
38 70
38 33
38 58
39 70
39 4
39 27
39 85
39 103
40 9
40 56
40 54
40 53
40 60
41 59
41 23
41 76
41 43
41 75
42 55
42 28
42 92
42 8
42 44
43 56
43 12
43 62
43 92
43 45
44 59
44 24
44 92
44 94
44 32
45 229
45 239
45 224
45 92
45 49
46 31
46 95
46 29
46 213
46 49
47 127
47 95
47 200
47 219
47 15
48 227
48 201
48 110
48 232
48 33
49 33
49 78
49 68
49 233
49 237
50 80
50 230
50 68
50 63
50 31
51 63
51 82
51 81
51 4
51 16
52 20
52 5
52 56
52 100
52 83
53 54
53 36
53 52
53 18
53 133
54 22
54 59
54 89
54 66
54 41
55 89
55 38
55 41
55 73
55 71
56 121
56 52
56 36
56 51
56 7
57 44
57 70
57 61
57 75
57 23
58 63
58 60
58 10
58 74
58 8
59 47
59 12
59 55
59 43
59 107
60 61
60 12
60 11
60 140
60 44
61 44
61 27
61 95
61 42
61 49
62 234
62 77
62 74
62 14
62 93
63 238
63 109
63 78
63 51
63 28
64 15
64 99
64 96
64 224
64 127
65 53
65 47
65 32
65 97
65 83
66 36
66 48
66 80
66 18
66 113
67 54
67 53
67 95
67 97
67 84
68 79
68 3
68 48
68 100
68 67
69 82
69 5
69 23
69 149
69 66
70 135
70 105
70 38
70 118
70 52
71 23
71 135
71 105
71 69
71 117
72 38
72 122
72 107
72 57
72 121
73 10
73 104
73 103
73 74
73 53
74 88
74 45
74 137
74 72
74 54
75 110
75 104
75 61
75 72
75 42
76 26
76 28
76 62
76 94
76 77
77 31
77 60
77 106
77 64
77 59
78 111
78 126
78 66
78 64
78 28
79 237
79 92
79 62
79 64
79 68
80 130
80 234
80 112
80 160
80 232
81 67
81 92
81 51
81 161
81 80
82 102
82 35
82 68
82 132
82 19
83 111
83 88
83 95
83 96
83 80
84 55
84 97
84 52
84 38
84 85
85 56
85 68
85 20
85 86
85 116
86 134
86 98
86 117
86 90
86 52
87 41
87 57
87 53
87 38
87 37
88 92
88 93
88 118
88 120
88 76
89 93
89 71
89 119
89 152
89 137
90 71
90 139
90 27
90 93
90 55
91 56
91 109
91 111
91 77
91 58
92 61
92 77
92 105
92 28
92 138
93 61
93 88
93 95
93 112
93 62
94 109
94 143
94 96
94 89
94 31
95 110
95 144
95 49
95 108
95 81
96 100
96 84
96 130
96 79
96 145
97 64
97 132
97 115
97 111
97 82
98 35
98 48
98 178
98 95
98 33
99 82
99 86
99 134
99 118
99 145
100 65
100 70
100 54
100 147
100 101
101 87
101 115
101 100
101 36
101 85
102 85
102 89
102 52
102 115
102 104
103 88
103 123
103 85
103 70
103 69
104 168
104 105
104 107
104 138
104 55
105 41
105 92
105 120
105 106
105 117
106 108
106 57
106 105
106 104
106 89
107 60
107 172
107 44
107 121
107 95
108 96
108 74
108 59
108 80
108 173
109 90
109 127
109 74
109 138
109 104
110 113
110 127
110 158
110 175
110 107
111 32
111 113
111 49
111 123
111 126
112 114
112 175
112 65
112 144
112 123
113 118
113 80
113 161
113 178
113 67
114 98
114 179
114 68
114 112
114 130
115 164
115 146
115 161
115 120
115 51
116 83
116 133
116 70
116 67
116 151
117 85
117 164
117 147
117 167
117 197
118 183
118 137
118 104
118 119
118 198
119 101
119 184
119 133
119 120
119 104
120 119
120 166
120 118
120 153
120 139
121 104
121 133
121 156
121 123
121 124
122 59
122 185
122 157
122 108
122 134
123 138
123 43
123 77
123 109
123 106
124 125
124 142
124 121
124 173
124 159
125 107
125 78
125 172
125 93
125 173
126 94
126 206
126 107
126 61
126 138
127 108
127 161
127 113
127 190
127 156
128 129
128 82
128 192
128 126
128 163
129 164
129 131
129 148
129 146
129 157
130 50
130 145
130 127
130 162
130 114
131 128
131 134
131 147
131 144
131 82
132 99
132 84
132 98
132 145
132 180
133 116
133 149
133 87
133 148
133 165
134 103
134 84
134 87
134 147
134 139
135 168
135 185
135 132
135 139
135 166
136 154
136 117
136 106
136 200
136 86
137 185
137 102
137 89
137 74
137 119
138 157
138 123
138 140
138 139
138 122
139 169
139 91
139 125
139 126
139 154
140 90
140 121
140 203
140 91
140 138
141 109
141 188
141 157
141 175
141 189
142 109
142 144
142 156
142 107
142 97
143 138
143 113
143 141
143 192
143 175
144 127
144 159
144 224
144 95
144 157
145 146
145 190
145 98
145 127
145 126
146 113
146 114
146 98
146 211
146 158
147 131
147 178
147 166
147 144
147 113
148 132
148 117
148 177
148 182
148 145
149 199
149 195
149 196
149 69
149 198
150 179
150 100
150 200
150 134
150 166
151 148
151 170
151 116
151 149
151 163
152 123
152 187
152 198
152 183
152 133
153 88
153 121
153 118
153 167
153 148
154 105
154 121
154 140
154 90
154 234
155 219
155 201
155 190
155 188
155 202
156 124
156 236
156 152
156 220
156 92
157 144
157 123
157 153
157 160
157 111
158 173
158 206
158 204
158 124
158 145
159 127
159 96
159 158
159 131
159 208
160 177
160 143
160 188
160 131
160 225
161 225
161 130
161 96
161 81
161 226
162 179
162 197
162 112
162 98
162 97
163 98
163 179
163 192
163 227
163 160
164 184
164 116
164 100
164 99
164 198
165 199
165 197
165 100
165 85
165 196
166 169
166 86
166 16
166 134
166 186
167 148
167 132
167 232
167 121
167 120
168 16
168 137
168 148
168 201
168 153
169 170
169 164
169 181
169 150
169 198
170 188
170 167
170 138
170 216
170 235
171 16
171 122
171 156
171 205
171 206
172 203
172 159
172 142
172 235
172 189
173 157
173 176
173 236
173 168
173 161
174 189
174 109
174 162
174 178
174 157
175 223
175 191
175 144
175 209
175 192
176 177
176 194
176 232
176 195
176 189
177 143
177 229
177 193
177 165
177 113
178 181
178 213
178 233
178 183
178 165
179 161
179 214
179 194
179 131
179 233
180 211
180 149
180 237
180 131
180 199
181 184
181 193
181 210
181 231
181 169
182 232
182 198
182 163
182 186
182 168
183 32
183 224
183 229
183 181
183 195
184 180
184 196
184 150
184 232
184 215
185 156
185 238
185 230
185 214
185 218
186 225
186 171
186 226
186 185
186 191
187 232
187 171
187 220
187 189
187 31
188 224
188 141
188 125
188 158
188 174
189 219
189 173
189 229
189 169
189 231
190 227
190 176
190 231
190 158
190 219
191 234
191 186
191 228
191 236
191 226
192 215
192 195
192 16
192 129
192 32
193 211
193 222
193 159
193 128
193 161
194 131
194 223
194 47
194 30
194 182
195 229
195 218
195 16
195 163
195 197
196 237
196 195
196 149
196 233
196 146
197 210
197 234
197 200
197 134
197 208
198 168
198 203
198 231
198 195
198 30
199 181
199 48
199 179
199 134
199 167
200 171
200 31
200 227
200 213
200 33
201 185
201 220
201 218
201 225
201 238
202 48
202 234
202 204
202 233
202 122
203 202
203 153
203 183
203 30
203 184
204 230
204 205
204 236
204 188
204 175
205 192
205 232
205 223
205 190
205 200
206 159
206 30
206 204
206 144
206 157
207 219
207 176
207 209
207 187
207 17
208 31
208 19
208 193
208 210
208 191
209 215
209 225
209 223
209 203
209 179
210 217
210 19
210 229
210 163
210 204
211 220
211 210
211 19
211 180
211 195
212 204
212 238
212 205
212 180
212 195
213 207
213 230
213 165
213 215
213 34
214 217
214 200
214 0
214 14
214 33
215 14
215 63
215 33
215 223
215 184
216 227
216 31
216 209
216 151
216 223
217 219
217 222
217 232
217 229
217 205
218 233
218 234
218 231
218 219
218 171
219 198
219 185
219 197
219 216
219 29
220 229
220 206
220 174
220 193
220 157
221 229
221 214
221 157
221 174
221 199
222 218
222 193
222 198
222 239
222 157
223 230
223 239
223 192
223 14
223 30
224 211
224 182
224 227
224 50
224 3
225 206
225 223
225 16
225 218
225 13
226 213
226 232
226 199
226 203
226 187
227 0
227 17
227 180
227 226
227 193
228 30
228 179
228 210
228 18
228 201
229 29
229 181
229 203
229 197
229 31
230 180
230 179
230 196
230 233
230 192
231 188
231 234
231 224
231 233
231 197
232 20
232 196
232 230
232 231
232 31
233 62
233 178
233 185
233 216
233 168
234 217
234 237
234 14
234 189
234 154
235 17
235 188
235 206
235 209
235 215
236 0
236 231
236 32
236 46
236 184
237 64
237 29
237 236
237 233
237 220
238 215
238 234
238 226
238 31
238 208
239 190
239 49
239 17
239 212
239 35
