240 720
0 208
0 183
0 16
1 17
1 217
1 218
2 233
2 210
2 66
3 51
3 224
3 22
4 16
4 0
4 37
5 52
5 35
5 51
6 39
6 35
6 41
7 54
7 25
7 56
8 26
8 37
8 38
9 41
9 8
9 11
10 39
10 56
10 8
11 12
11 23
11 25
12 31
12 43
12 45
13 239
13 60
13 45
14 18
14 227
14 26
15 225
15 198
15 203
16 207
16 236
16 200
17 178
17 213
17 63
18 194
18 31
18 235
19 234
19 31
19 36
20 18
20 3
20 51
21 23
21 53
21 16
22 41
22 3
22 27
23 71
23 19
23 86
24 42
24 71
24 88
25 37
25 30
25 55
26 23
26 38
26 39
27 42
27 58
27 39
28 228
28 13
28 58
29 208
29 58
29 10
30 26
30 61
30 110
31 235
31 49
31 13
32 97
32 43
32 78
33 204
33 2
33 78
34 18
34 48
34 225
35 51
35 237
35 31
36 35
36 1
36 70
37 70
37 54
37 57
38 72
38 57
38 3
39 5
39 104
39 4
40 89
40 57
40 75
41 7
41 6
41 88
42 58
42 24
42 26
43 13
43 26
43 74
44 14
44 43
44 30
45 61
45 48
45 15
46 47
46 214
46 231
47 199
47 33
47 236
48 35
48 52
48 83
49 114
49 84
49 37
50 99
50 32
50 55
51 3
51 80
51 20
52 72
52 48
52 68
53 116
53 18
53 33
54 22
54 37
54 118
55 58
55 37
55 35
56 74
56 136
56 121
57 24
57 104
57 41
58 55
58 92
58 70
59 25
59 123
59 61
60 92
60 75
60 44
61 47
61 124
61 125
62 111
62 77
62 49
63 50
63 221
63 45
64 211
64 216
64 232
65 230
65 16
65 53
66 19
66 131
66 33
67 78
67 102
67 83
68 84
68 38
68 20
69 89
69 39
69 102
70 102
70 54
70 90
71 117
71 73
71 84
72 41
72 105
72 152
73 8
73 74
73 24
74 25
74 72
74 55
75 87
75 46
75 40
76 44
76 88
76 73
77 45
77 111
77 91
78 59
78 45
78 66
79 91
79 75
79 49
80 66
80 0
80 144
81 112
81 128
81 67
82 63
82 93
82 145
83 163
83 132
83 80
84 100
84 95
84 68
85 114
85 97
85 55
86 106
86 91
86 105
87 38
87 107
87 135
88 105
88 87
88 8
89 93
89 154
89 108
90 153
90 78
90 102
91 120
91 107
91 45
92 156
92 94
92 28
93 111
93 173
93 108
94 62
94 59
94 82
95 48
95 141
95 124
96 98
96 124
96 16
97 130
97 102
97 50
98 66
98 86
98 118
99 52
99 133
99 35
100 96
100 50
100 37
101 102
101 113
101 67
102 97
102 70
102 82
103 71
103 122
103 108
104 138
104 117
104 168
105 107
105 124
105 85
106 111
106 57
106 126
107 119
107 105
107 91
108 112
108 125
108 93
109 80
109 94
109 91
110 124
110 111
110 143
111 82
111 126
111 99
112 97
112 65
112 66
113 133
113 64
113 142
114 128
114 118
114 179
115 149
115 50
115 67
116 66
116 179
116 82
117 103
117 68
117 37
118 131
118 71
118 166
119 122
119 154
119 87
120 139
120 74
120 170
121 86
121 72
121 123
122 106
122 117
122 135
123 60
123 91
123 187
124 126
124 173
124 154
125 141
125 110
125 113
126 144
126 107
126 122
127 78
127 158
127 48
128 176
128 94
128 161
129 178
129 110
129 158
130 179
130 164
130 50
131 118
131 101
131 114
132 84
132 181
132 167
133 197
133 168
133 68
134 69
134 103
134 132
135 106
135 198
135 104
136 56
136 199
136 90
137 150
137 201
137 172
138 150
138 188
138 124
139 74
139 110
139 203
140 172
140 122
140 173
141 143
141 142
141 175
142 160
142 161
142 78
143 158
143 124
143 207
144 114
144 189
144 128
145 141
145 195
145 165
146 163
146 166
146 133
147 133
147 165
147 178
148 145
148 84
148 102
149 102
149 115
149 99
150 132
150 136
150 213
151 201
151 152
151 105
152 172
152 139
152 120
153 73
153 152
153 233
154 106
154 108
154 135
155 120
155 136
155 152
156 140
156 173
156 219
157 160
157 175
157 110
158 204
158 138
158 161
159 178
159 192
159 130
160 189
160 97
160 176
161 190
161 166
161 194
162 193
162 160
162 145
163 178
163 194
163 159
164 16
164 196
164 212
165 146
165 184
165 116
166 197
166 212
166 131
167 102
167 179
167 202
168 202
168 137
168 167
169 187
169 174
169 135
170 122
170 173
170 154
171 187
171 185
171 153
172 169
172 167
172 92
173 16
173 237
173 203
174 188
174 238
174 237
175 144
175 189
175 113
176 224
176 230
176 130
177 196
177 163
177 227
178 114
178 146
178 179
179 209
179 184
179 197
180 167
180 198
180 183
181 16
181 239
181 150
182 132
182 16
182 31
183 226
183 238
183 151
184 225
184 199
184 215
185 238
185 166
185 182
186 219
186 215
186 167
187 218
187 237
187 221
188 153
188 228
188 185
189 190
189 220
189 159
190 160
190 220
190 226
191 159
191 188
191 160
192 212
192 220
192 224
193 206
193 180
193 238
194 177
194 229
194 131
195 145
195 226
195 192
196 226
196 225
196 148
197 194
197 202
197 133
198 17
198 214
198 226
199 216
199 214
199 182
200 166
200 231
200 216
201 167
201 202
201 153
202 222
202 200
202 221
203 198
203 214
203 32
204 141
204 30
204 216
205 190
205 171
205 48
206 16
206 143
206 233
207 217
207 212
207 216
208 29
208 235
208 236
209 233
209 237
209 193
210 221
210 33
210 225
211 229
211 33
211 230
212 203
212 34
212 2
213 17
213 237
213 178
214 216
214 196
214 63
215 205
215 227
215 239
216 152
216 195
216 219
217 230
217 154
217 206
218 229
218 204
218 169
219 49
219 194
219 195
220 30
220 235
220 1
221 204
221 224
221 63
222 63
222 221
222 159
223 215
223 2
223 49
224 48
224 62
224 227
225 196
225 63
225 180
226 176
226 183
226 31
227 233
227 220
227 80
228 197
228 33
228 200
229 233
229 165
229 206
230 18
230 17
230 13
231 224
231 13
231 204
232 190
232 181
232 62
233 188
233 214
233 204
234 178
234 15
234 64
235 49
235 65
235 47
236 200
236 28
236 209
237 35
237 3
237 183
238 190
238 223
238 15
239 178
239 80
239 231
