992 2976
0 925
0 963
0 881
1 925
1 909
1 66
2 32
2 960
2 931
3 100
3 969
3 67
4 31
4 67
4 3
5 68
5 1
5 34
6 2
6 73
6 166
7 104
7 9
7 40
8 12
8 40
8 136
9 40
9 105
9 44
10 7
10 107
10 11
11 12
11 9
11 10
12 43
12 14
12 15
13 48
13 12
13 15
14 13
14 11
14 18
15 18
15 110
15 78
16 52
16 19
16 112
17 48
17 112
17 114
18 20
18 85
18 178
19 24
19 51
19 21
20 17
20 180
20 53
21 149
21 57
21 17
22 182
22 88
22 150
23 51
23 53
23 28
24 53
24 120
24 152
25 92
25 56
25 89
26 186
26 93
26 91
27 155
27 91
27 122
28 125
28 156
28 57
29 24
29 987
29 62
30 954
30 982
30 955
31 62
31 897
31 921
32 855
32 877
32 961
33 891
33 959
33 159
34 194
34 927
34 129
35 928
35 37
35 956
36 971
36 97
36 976
37 67
37 3
37 32
38 4
38 103
38 9
39 41
39 74
39 6
40 107
40 134
40 11
41 75
41 11
41 38
42 138
42 6
42 140
43 41
43 12
43 9
44 79
44 9
44 172
45 141
45 74
45 15
46 43
46 108
46 113
47 44
47 49
47 43
48 46
48 146
48 144
49 13
49 84
49 110
50 84
50 177
50 46
51 118
51 113
51 115
52 48
52 57
52 81
53 54
53 148
53 17
54 83
54 181
54 152
55 21
55 51
55 26
56 51
56 20
56 117
57 55
57 93
57 25
58 93
58 29
58 24
59 94
59 25
59 219
60 125
60 963
60 155
61 29
61 947
61 25
62 920
62 972
62 925
63 979
63 888
63 91
64 884
64 2
64 980
65 956
65 945
65 941
66 952
66 945
66 982
67 980
67 968
67 970
68 7
68 67
68 1
69 130
69 104
69 71
70 131
70 66
70 105
71 136
71 67
71 132
72 105
72 77
72 135
73 108
73 107
73 44
74 77
74 8
74 140
75 104
75 10
75 204
76 74
76 44
76 42
77 144
77 138
77 142
78 13
78 73
78 145
79 175
79 113
79 74
80 208
80 116
80 78
81 46
81 45
81 83
82 18
82 16
82 114
83 146
83 18
83 115
84 178
84 20
84 48
85 213
85 18
85 151
86 52
86 22
86 25
87 154
87 150
87 152
88 154
88 183
88 58
89 27
89 88
89 185
90 54
90 95
90 187
91 125
91 24
91 188
92 61
92 220
92 127
93 982
93 27
93 968
94 964
94 59
94 946
95 979
95 955
95 943
96 932
96 906
96 910
97 33
97 64
97 928
98 226
98 161
98 988
99 71
99 101
99 195
100 167
100 165
100 133
101 164
101 66
101 3
102 106
102 38
102 5
103 38
103 100
103 201
104 37
104 43
104 76
105 38
105 9
105 39
106 140
106 202
106 135
107 42
107 205
107 112
108 143
108 104
108 11
109 104
109 13
109 73
110 238
110 143
110 16
111 140
111 209
111 75
112 84
112 17
112 16
113 142
113 83
113 211
114 110
114 148
114 242
115 114
115 119
115 143
116 81
116 151
116 152
117 180
117 146
117 119
118 122
118 113
118 182
119 117
119 279
119 216
120 218
120 57
120 151
121 24
121 124
121 122
122 123
122 157
122 158
123 95
123 29
123 27
124 57
124 157
124 60
125 187
125 64
125 92
126 961
126 94
126 970
127 942
127 979
127 128
128 987
128 224
128 66
129 34
129 962
129 193
130 163
130 134
130 127
131 229
131 99
131 163
132 70
132 100
132 193
133 135
133 35
133 261
134 5
134 201
134 199
135 136
135 130
135 198
136 296
136 230
136 140
137 135
137 104
137 201
138 41
138 201
138 108
139 110
139 266
139 75
140 13
140 139
140 204
141 142
141 145
141 111
142 80
142 205
142 46
143 112
143 47
143 145
144 108
144 17
144 241
145 272
145 148
145 79
146 81
146 213
146 116
147 178
147 210
147 181
148 86
148 184
148 87
149 244
149 145
149 215
150 88
150 184
150 186
151 153
151 86
151 280
152 24
152 280
152 188
153 281
153 121
153 181
154 185
154 188
154 59
155 156
155 216
155 153
156 285
156 126
156 158
157 122
157 192
157 97
158 97
158 161
158 123
159 125
159 32
159 991
160 63
160 319
160 987
161 126
161 228
161 130
162 227
162 228
162 198
163 97
163 199
163 102
164 198
164 169
164 292
165 325
165 71
165 259
166 70
166 195
166 131
167 139
167 231
167 228
168 139
168 104
168 135
169 166
169 108
169 137
170 75
170 136
170 168
171 77
171 173
171 233
172 202
172 143
172 177
173 268
173 75
173 206
174 236
174 47
174 204
175 113
175 303
175 205
176 240
176 207
176 148
177 145
177 241
177 176
178 306
178 177
178 142
179 275
179 274
179 214
180 144
180 146
180 52
181 52
181 276
181 248
182 147
182 178
182 179
183 187
183 343
183 277
184 118
184 182
184 185
185 151
185 58
185 90
186 156
186 248
186 216
187 59
187 184
187 156
188 216
188 189
188 159
189 61
189 287
189 316
190 157
190 251
190 128
191 221
191 219
191 126
192 223
192 225
192 64
193 287
193 288
193 65
194 255
194 34
194 65
195 231
195 130
195 134
196 161
196 195
196 198
197 258
197 196
197 132
198 233
198 164
198 134
199 297
199 70
199 230
200 196
200 261
200 294
201 135
201 198
201 107
202 166
202 296
202 265
203 136
203 330
203 106
204 172
204 238
204 240
205 270
205 169
205 334
206 108
206 175
206 236
207 202
207 144
207 334
208 110
208 273
208 172
209 242
209 111
209 305
210 246
210 211
210 277
211 149
211 114
211 83
212 246
212 148
212 182
213 309
213 181
213 278
214 246
214 184
214 219
215 118
215 121
215 214
216 310
216 119
216 213
217 155
217 221
217 251
218 250
218 283
218 254
219 253
219 316
219 183
220 255
220 125
220 254
221 155
221 194
221 160
222 286
222 349
222 155
223 383
223 196
223 126
224 229
224 222
224 97
225 163
225 160
225 65
226 97
226 129
226 386
227 100
227 256
227 387
228 224
228 229
228 255
229 163
229 356
229 295
230 134
230 359
230 194
231 164
231 293
231 262
232 72
232 328
232 330
233 360
233 266
233 267
234 169
234 171
234 232
235 75
235 238
235 331
236 140
236 107
236 138
237 139
237 209
237 143
238 270
238 208
238 175
239 111
239 177
239 334
240 112
240 80
240 205
241 244
241 335
241 370
242 207
242 271
242 338
243 115
243 180
243 146
244 150
244 245
244 273
245 311
245 181
245 150
246 242
246 278
246 216
247 344
247 313
247 280
248 119
248 247
248 313
249 280
249 219
249 247
250 278
250 280
250 377
251 248
251 314
251 317
252 253
252 223
252 283
253 187
253 188
253 288
254 125
254 283
254 350
255 227
255 287
255 161
256 223
256 321
256 259
257 163
257 383
257 353
258 291
258 325
258 285
259 357
259 290
259 262
260 163
260 292
260 327
261 163
261 293
261 133
262 234
262 295
262 231
263 299
263 168
263 360
264 169
264 166
264 233
265 169
265 204
265 201
266 169
266 300
266 331
267 295
267 239
267 231
268 303
268 304
268 395
269 264
269 173
269 272
270 430
270 299
270 398
271 305
271 270
271 144
272 112
272 270
272 274
273 177
273 276
273 269
274 245
274 279
274 238
275 309
275 240
275 211
276 403
276 341
276 179
277 182
277 305
277 312
278 344
278 244
278 313
279 343
279 373
279 151
280 247
280 308
280 120
281 187
281 186
281 154
282 122
282 380
282 315
283 287
283 155
283 185
284 223
284 381
284 252
285 314
285 224
285 191
286 318
286 314
286 252
287 128
287 160
287 159
288 223
288 222
288 258
289 194
289 292
289 385
290 320
290 224
290 321
291 197
291 388
291 293
292 327
292 355
292 358
293 421
293 322
293 329
294 391
294 165
294 324
295 229
295 328
295 423
296 300
296 267
296 235
297 261
297 333
297 395
298 363
298 303
298 360
299 298
299 362
299 263
300 305
300 233
300 363
301 334
301 174
301 302
302 396
302 297
302 304
303 207
303 331
303 268
304 303
304 274
304 209
305 308
305 270
305 210
306 367
306 335
306 303
307 335
307 211
307 373
308 212
308 311
308 374
309 248
309 373
309 182
310 339
310 309
310 275
311 438
311 213
311 283
312 343
312 375
312 314
313 411
313 277
313 344
314 316
314 154
314 252
315 217
315 287
315 345
316 219
316 443
316 189
317 250
317 286
317 255
318 252
318 258
318 314
319 414
319 381
319 347
320 449
320 324
320 321
321 324
321 290
321 317
322 389
322 357
322 288
323 288
323 225
323 259
324 321
324 326
324 196
325 358
325 294
325 291
326 422
326 360
326 420
327 232
327 229
327 325
328 488
328 425
328 393
329 365
329 458
329 331
330 269
330 428
330 327
331 395
331 266
331 301
332 298
332 270
332 328
333 368
333 332
333 268
334 366
334 370
334 205
335 300
335 463
335 269
336 367
336 403
336 333
337 177
337 370
337 336
338 404
338 370
338 435
339 278
339 275
339 435
340 370
340 405
340 376
341 374
341 438
341 345
342 437
342 346
342 470
343 279
343 249
343 308
344 378
344 308
344 184
345 218
345 284
345 381
346 382
346 375
346 506
347 343
347 220
347 442
348 345
348 281
348 376
349 414
349 444
349 380
350 323
350 224
350 222
351 223
351 289
351 322
352 319
352 445
352 318
353 482
353 318
353 349
354 381
354 350
354 386
355 358
355 259
355 422
356 516
356 389
356 324
357 325
357 424
357 292
358 394
358 518
358 389
359 362
359 395
359 232
360 324
360 357
360 520
361 264
361 266
361 295
362 397
362 266
362 428
363 461
363 492
363 362
364 267
364 266
364 430
365 366
365 302
365 205
366 361
366 362
366 302
367 432
367 238
367 303
368 334
368 432
368 431
369 366
369 397
369 432
370 335
370 372
370 369
371 276
371 336
371 403
372 369
372 306
372 403
373 404
373 468
373 502
374 308
374 344
374 375
375 379
375 248
375 437
376 441
376 340
376 505
377 471
377 249
377 441
378 316
378 348
378 439
379 446
379 352
379 508
380 220
380 252
380 383
381 479
381 413
381 376
382 316
382 286
382 315
383 384
383 257
383 448
384 380
384 543
384 349
385 383
385 482
385 390
386 259
386 356
386 416
387 414
387 415
387 417
388 418
388 384
388 516
389 355
389 454
389 417
390 359
390 487
390 484
391 328
391 362
391 419
392 393
392 325
392 358
393 264
393 266
393 395
394 296
394 390
394 299
395 362
395 493
395 492
396 299
396 362
396 427
397 364
397 432
397 270
398 304
398 269
398 428
399 430
399 463
399 465
400 405
400 467
400 337
401 335
401 431
401 303
402 338
402 496
402 336
403 468
403 499
403 337
404 470
404 531
404 338
405 534
405 372
405 404
406 441
406 467
406 377
407 404
407 409
407 377
408 404
408 314
408 412
409 280
409 470
409 411
410 405
410 348
410 409
411 440
411 410
411 378
412 283
412 347
412 572
413 475
413 477
413 507
414 319
414 347
414 384
415 419
415 414
415 411
416 384
416 478
416 321
417 385
417 289
417 320
418 453
418 416
418 289
419 479
419 486
419 321
420 355
420 385
420 388
421 327
421 456
421 326
422 262
422 516
422 489
423 487
423 358
423 389
424 460
424 422
424 456
425 522
425 552
425 327
426 429
426 524
426 492
427 331
427 398
427 393
428 363
428 433
428 362
429 461
429 430
429 300
430 332
430 364
430 401
431 397
431 370
431 465
432 460
432 430
432 498
433 593
433 338
433 273
434 400
434 305
434 495
435 371
435 497
435 399
436 565
436 405
436 369
437 406
437 532
437 343
438 439
438 536
438 374
439 535
439 405
439 343
440 373
440 501
440 535
441 343
441 405
441 409
442 571
442 506
442 503
443 472
443 504
443 445
444 316
444 538
444 508
445 474
445 411
445 508
446 508
446 318
446 413
447 385
447 512
447 417
448 386
448 384
448 577
449 510
449 388
449 477
450 515
450 546
450 545
451 356
451 417
451 478
452 549
452 449
452 324
453 547
453 417
453 481
454 426
454 490
454 459
455 422
455 394
455 360
456 457
456 362
456 491
457 488
457 360
457 362
458 456
458 422
458 519
459 553
459 364
459 491
460 424
460 363
460 526
461 621
461 431
461 525
462 524
462 335
462 529
463 368
463 462
463 557
464 498
464 461
464 397
465 527
465 432
465 404
466 461
466 501
466 496
467 462
467 595
467 339
468 432
468 562
468 500
469 434
469 402
469 500
470 405
470 504
470 536
471 467
471 502
471 440
472 534
472 375
472 411
473 379
473 633
473 407
474 634
474 540
474 569
475 505
475 378
475 443
476 316
476 570
476 349
477 449
477 445
477 605
478 350
478 475
478 605
479 480
479 386
479 382
480 482
480 448
480 510
481 353
481 482
481 387
482 385
482 577
482 419
483 518
483 449
483 519
484 581
484 448
484 482
485 455
485 516
485 483
486 491
486 549
486 456
487 489
487 425
487 615
488 456
488 452
488 615
489 517
489 525
489 587
490 617
490 553
490 394
491 426
491 618
491 522
492 431
492 462
492 332
493 587
493 558
493 528
494 524
494 556
494 590
495 432
495 366
495 624
496 463
496 525
496 557
497 369
497 527
497 593
498 562
498 595
498 502
499 404
499 597
499 401
500 402
500 497
500 505
501 505
501 374
501 563
502 536
502 600
502 662
503 600
503 507
503 564
504 410
504 508
504 566
505 603
505 410
505 442
506 444
506 539
506 442
507 477
507 574
507 535
508 480
508 444
508 381
509 575
509 510
509 448
510 449
510 416
510 383
511 449
511 478
511 383
512 539
512 605
512 542
513 451
513 607
513 509
514 482
514 543
514 549
515 511
515 448
515 609
516 645
516 451
516 480
517 553
517 582
517 482
518 486
518 645
518 424
519 515
519 679
519 647
520 515
520 615
520 581
521 551
521 553
521 588
522 426
522 489
522 460
523 395
523 524
523 426
524 558
524 684
524 426
525 530
525 559
525 521
526 527
526 524
526 555
527 466
527 531
527 431
528 529
528 532
528 399
529 525
529 493
529 530
530 528
530 625
530 495
531 628
531 500
531 435
532 498
532 629
532 595
533 662
533 528
533 438
534 565
534 563
534 471
535 532
535 538
535 571
536 538
536 600
536 597
537 598
537 602
537 502
538 567
538 602
538 541
539 412
539 633
539 573
540 412
540 637
540 700
541 544
541 543
541 480
542 576
542 509
542 637
543 638
543 670
543 480
544 670
544 515
544 545
545 673
545 674
545 546
546 483
546 610
546 643
547 611
547 707
547 545
548 484
548 676
548 547
549 580
549 519
549 488
550 517
550 551
550 421
551 515
551 616
551 554
552 613
552 523
552 585
553 523
553 713
553 617
554 522
554 681
554 649
555 616
555 651
555 558
556 560
556 716
556 684
557 528
557 492
557 686
558 589
558 398
558 686
559 654
559 558
559 525
560 431
560 594
560 466
561 499
561 496
561 688
562 561
562 435
562 567
563 530
563 627
563 560
564 625
564 630
564 502
565 564
565 570
565 500
566 726
566 500
566 629
567 634
567 533
567 535
568 569
568 604
568 571
569 667
569 475
569 537
570 730
570 603
570 475
571 572
571 566
571 537
572 536
572 699
572 575
573 639
573 538
573 539
574 606
574 602
574 670
575 541
575 610
575 512
576 611
576 673
576 637
577 515
577 641
577 549
578 644
578 575
578 582
579 484
579 614
579 549
580 583
580 674
580 584
581 485
581 516
581 553
582 583
582 676
582 554
583 554
583 711
583 552
584 519
584 711
584 457
585 587
585 488
585 647
586 556
586 620
586 553
587 556
587 623
587 582
588 523
588 686
588 557
589 594
589 553
589 655
590 526
590 461
590 430
591 685
591 594
591 587
592 527
592 564
592 560
593 529
593 656
593 561
594 657
594 591
594 723
595 531
595 656
595 657
596 601
596 600
596 723
597 724
597 692
597 564
598 659
598 597
598 470
599 660
599 726
599 537
600 502
600 663
600 569
601 698
601 571
601 636
602 540
602 538
602 569
603 666
603 665
603 700
604 602
604 605
604 510
605 701
605 570
605 508
606 734
606 638
606 669
607 605
607 447
607 611
608 736
608 514
608 637
609 514
609 736
609 578
610 483
610 608
610 613
611 544
611 706
611 709
612 548
612 608
612 576
613 678
613 579
613 648
614 485
614 741
614 710
615 678
615 676
615 612
616 678
616 650
616 613
617 680
617 615
617 712
618 650
618 715
618 554
619 557
619 647
619 624
620 617
620 655
620 553
621 685
621 524
621 650
622 555
622 617
622 593
623 619
623 559
623 658
624 660
624 619
624 561
625 498
625 624
625 628
626 563
626 688
626 466
627 723
627 689
627 591
628 561
628 533
628 631
629 597
629 532
629 727
630 728
630 691
630 694
631 725
631 570
631 632
632 604
632 661
632 570
633 694
633 634
633 598
634 762
634 629
634 637
635 606
635 701
635 601
636 602
636 606
636 631
637 641
637 602
637 671
638 636
638 735
638 732
639 735
639 672
639 702
640 605
640 577
640 606
641 702
641 801
641 674
642 672
642 704
642 647
643 515
643 772
643 704
644 609
644 804
644 740
645 677
645 581
645 643
646 643
646 582
646 613
647 683
647 741
647 611
648 676
648 681
648 581
649 583
649 653
649 620
650 678
650 588
650 552
651 647
651 589
651 585
652 683
652 713
652 590
653 559
653 623
653 557
654 684
654 652
654 682
655 625
655 717
655 683
656 561
656 562
656 754
657 625
657 693
657 817
658 660
658 692
658 655
659 663
659 562
659 628
660 562
660 664
660 631
661 663
661 757
661 666
662 760
662 691
662 627
663 724
663 665
663 761
664 632
664 602
664 666
665 569
665 600
665 604
666 602
666 729
666 762
667 640
667 761
667 631
668 634
668 664
668 762
669 704
669 608
669 699
670 766
670 635
670 705
671 604
671 606
671 831
672 701
672 832
672 700
673 674
673 676
673 513
674 702
674 701
674 768
675 772
675 741
675 678
676 581
676 672
676 804
677 549
677 706
677 581
678 713
678 612
678 740
679 741
679 647
679 617
680 647
680 582
680 712
681 676
681 652
681 553
682 584
682 716
682 678
683 712
683 719
683 555
684 712
684 781
684 590
685 688
685 686
685 783
686 782
686 691
686 751
687 560
687 751
687 750
688 786
688 752
688 690
689 849
689 685
689 626
690 756
690 595
690 720
691 686
691 659
691 663
692 594
692 598
692 757
693 722
693 688
693 756
694 663
694 698
694 665
695 728
695 691
695 727
696 760
696 825
696 758
697 791
697 603
697 762
698 571
698 760
698 632
699 669
699 666
699 735
700 639
700 764
700 671
701 639
701 669
701 605
702 796
702 831
702 730
703 698
703 643
703 736
704 576
704 701
704 733
705 710
705 766
705 642
706 733
706 769
706 671
707 706
707 640
707 739
708 642
708 739
708 836
709 677
709 744
709 738
710 742
710 677
710 870
711 745
711 682
711 741
712 714
712 774
712 746
713 810
713 746
713 779
714 750
714 717
714 713
715 687
715 810
715 720
716 747
716 777
716 655
717 621
717 751
717 846
718 689
718 815
718 785
719 816
719 656
719 715
720 725
720 880
720 560
721 722
721 750
721 754
722 789
722 657
722 851
723 721
723 756
723 656
724 721
724 787
724 564
725 694
725 787
725 629
726 721
726 853
726 886
727 729
727 763
727 728
728 857
728 601
728 633
729 695
729 758
729 601
730 735
730 794
730 725
731 699
731 665
731 829
732 672
732 733
732 798
733 697
733 729
733 702
734 765
734 669
734 699
735 699
735 863
735 670
736 768
736 641
736 771
737 830
737 672
737 772
738 643
738 644
738 832
739 711
739 833
739 645
740 711
740 742
740 642
741 710
741 868
741 674
742 746
742 773
742 614
743 678
743 647
743 807
744 811
744 774
744 648
745 617
745 842
745 585
746 780
746 748
746 751
747 653
747 843
747 685
748 588
748 686
748 781
749 746
749 813
749 682
750 687
750 879
750 848
751 911
751 689
751 748
752 658
752 623
752 654
753 789
753 717
753 851
754 755
754 687
754 594
755 883
755 785
755 756
756 885
756 660
756 817
757 789
757 786
757 695
758 763
758 825
758 725
759 792
759 853
759 661
760 633
760 695
760 729
761 698
761 700
761 726
762 825
762 826
762 695
763 858
763 734
763 696
764 760
764 635
764 829
765 795
765 894
765 830
766 733
766 739
766 671
767 763
767 796
767 770
768 800
768 706
768 799
769 832
769 773
769 736
770 805
770 675
770 673
771 673
771 898
771 644
772 932
772 738
772 870
773 839
773 768
773 776
774 779
774 868
774 777
775 772
775 741
775 872
776 709
776 748
776 682
777 779
777 715
777 838
778 781
778 717
778 744
779 775
779 908
779 716
780 717
780 875
780 746
781 750
781 685
781 786
782 655
782 785
782 622
783 656
783 819
783 719
784 913
784 686
784 785
785 852
785 880
785 657
786 915
786 657
786 690
787 884
787 692
787 757
788 885
788 786
788 886
789 785
789 819
789 725
790 754
790 756
790 821
791 826
791 762
791 795
792 886
792 789
792 757
793 762
793 730
793 665
794 634
794 790
794 731
795 731
795 861
795 767
796 730
796 636
796 668
797 736
797 796
797 892
798 800
798 859
798 737
799 893
799 770
799 926
800 863
800 867
800 894
801 828
801 837
801 735
802 832
802 736
802 674
803 866
803 838
803 773
804 809
804 870
804 899
805 776
805 866
805 872
806 808
806 841
806 903
807 712
807 869
807 776
808 875
808 813
808 772
809 875
809 748
809 839
810 906
810 874
810 806
811 745
811 847
811 651
812 745
812 746
812 809
813 810
813 747
813 843
814 716
814 809
814 819
815 851
815 687
815 786
816 850
816 910
816 813
817 915
817 785
817 850
818 820
818 721
818 854
819 848
819 884
819 758
820 851
820 884
820 759
821 755
821 757
821 760
822 883
822 818
822 726
823 858
823 759
823 951
824 794
824 886
824 795
825 952
825 886
825 827
826 828
826 732
826 760
827 924
827 794
827 761
828 825
828 668
828 823
829 861
829 863
829 767
830 865
830 803
830 860
831 738
831 803
831 892
832 894
832 797
832 864
833 736
833 864
833 803
834 895
834 897
834 931
835 866
835 708
835 839
836 832
836 800
836 863
837 743
837 771
837 776
838 839
838 810
838 771
839 773
839 772
839 711
840 805
840 773
840 934
841 806
841 838
841 905
842 714
842 878
842 970
843 941
843 32
843 813
844 812
844 749
844 810
845 815
845 748
845 941
846 877
846 842
846 749
847 845
847 914
847 32
848 912
848 976
848 945
849 751
849 882
849 752
850 818
850 849
850 822
851 887
851 819
851 882
852 950
852 791
852 757
853 951
853 757
853 693
854 851
854 760
854 981
855 761
855 891
855 823
856 851
856 886
856 762
857 952
857 826
857 822
858 955
858 698
858 860
859 829
859 858
859 888
860 764
860 800
860 957
861 797
861 891
861 826
862 895
862 768
862 835
863 895
863 832
863 957
864 970
864 829
864 836
865 892
865 895
865 867
866 738
866 971
866 837
867 801
867 929
867 930
868 900
868 833
868 962
869 835
869 865
869 803
870 900
870 968
870 742
871 961
871 966
871 805
872 905
872 988
872 875
873 961
873 905
873 779
874 968
874 780
874 32
875 747
875 878
875 987
876 983
876 982
876 978
877 880
877 938
877 875
878 909
878 911
878 781
879 986
879 907
879 984
880 878
880 785
880 941
881 33
881 916
881 944
882 884
882 63
882 967
883 879
883 948
883 991
884 915
884 919
884 856
885 984
885 918
885 850
886 788
886 884
886 823
887 991
887 918
887 954
888 974
888 973
888 883
889 921
889 973
889 856
890 828
890 987
890 983
891 965
891 922
891 793
892 861
892 732
892 764
893 964
893 892
893 970
894 798
894 980
894 799
895 972
895 970
895 863
896 942
896 62
896 865
897 933
897 31
897 62
898 982
898 1
898 901
899 967
899 64
899 838
900 948
900 941
900 931
901 872
901 936
901 989
902 960
902 989
902 940
903 989
903 867
903 936
904 972
904 0
904 875
905 1
905 900
905 980
906 948
906 976
906 903
907 933
907 64
907 954
908 811
908 971
908 932
909 844
909 935
909 814
910 847
910 965
910 976
911 941
911 953
911 970
912 961
912 989
912 982
913 974
913 980
913 815
914 912
914 850
914 847
915 950
915 911
915 755
916 954
916 912
916 977
917 919
917 883
917 934
918 990
918 853
918 940
919 924
919 959
919 884
920 976
920 889
920 922
921 948
921 887
921 989
922 886
922 969
922 859
923 34
923 763
923 982
924 957
924 96
924 958
925 865
925 983
925 944
926 95
926 952
926 943
927 891
927 991
927 33
928 894
928 31
928 926
929 934
929 961
929 958
930 770
930 834
930 902
931 988
931 834
931 835
932 32
932 957
932 985
933 913
933 986
933 916
934 902
934 32
934 966
935 906
935 928
935 96
936 935
936 978
936 947
937 947
937 902
937 950
938 963
938 975
938 952
939 970
939 936
939 973
940 916
940 898
940 97
941 967
941 844
941 972
942 948
942 915
942 32
943 814
943 0
943 61
944 975
944 946
944 953
945 61
945 948
945 958
946 65
946 952
946 981
947 950
947 885
947 896
948 950
948 912
948 881
949 991
949 983
949 947
950 948
950 938
950 33
951 62
951 961
951 956
952 823
952 858
952 969
953 938
953 954
953 824
954 943
954 903
954 889
955 953
955 1
955 901
956 860
956 896
956 828
957 934
957 975
957 929
958 930
958 947
958 864
959 983
959 986
959 97
960 880
960 923
960 866
961 931
961 891
961 832
962 899
962 920
962 877
963 893
963 835
963 834
964 906
964 923
964 35
965 63
965 916
965 955
966 915
966 936
966 891
967 947
967 936
967 924
968 840
968 93
968 936
969 94
969 934
969 943
970 928
970 897
970 952
971 896
971 30
971 930
972 905
972 901
972 844
973 933
973 898
973 958
974 949
974 966
974 978
975 900
975 920
975 922
976 952
976 990
976 933
977 955
977 936
977 864
978 97
978 951
978 948
979 911
979 980
979 900
980 918
980 981
980 943
981 926
981 884
981 982
982 878
982 972
982 67
983 899
983 906
983 924
984 159
984 955
984 974
985 917
985 915
985 857
986 923
986 982
986 891
987 864
987 920
987 941
988 938
988 861
988 63
989 910
989 962
989 33
990 978
990 989
990 94
991 979
991 160
991 891
