500 2500
0 290
0 125
0 24
0 82
0 151
1 487
1 400
1 327
1 94
1 445
2 153
2 443
2 471
2 290
2 118
3 93
3 324
3 54
3 325
3 331
4 193
4 50
4 98
4 32
4 355
5 80
5 401
5 238
5 252
5 157
6 122
6 56
6 323
6 268
6 169
7 426
7 331
7 304
7 474
7 183
8 103
8 275
8 125
8 229
8 199
9 401
9 381
9 449
9 217
9 399
10 241
10 351
10 330
10 64
10 249
11 473
11 127
11 394
11 104
11 122
12 416
12 115
12 119
12 357
12 239
13 81
13 116
13 75
13 334
13 52
14 491
14 410
14 158
14 495
14 336
15 247
15 287
15 198
15 425
15 125
16 236
16 332
16 222
16 413
16 179
17 124
17 307
17 439
17 67
17 357
18 457
18 325
18 404
18 270
18 130
19 49
19 108
19 491
19 128
19 188
20 185
20 24
20 445
20 204
20 248
21 346
21 309
21 99
21 121
21 491
22 366
22 432
22 367
22 409
22 86
23 338
23 448
23 148
23 179
23 66
24 395
24 123
24 383
24 381
24 319
25 316
25 347
25 366
25 292
25 13
26 353
26 325
26 255
26 75
26 71
27 204
27 13
27 81
27 319
27 324
28 6
28 32
28 389
28 256
28 100
29 236
29 478
29 469
29 389
29 453
30 59
30 276
30 389
30 268
30 258
31 213
31 60
31 61
31 121
31 398
32 332
32 338
32 355
32 464
32 56
33 451
33 343
33 35
33 402
33 109
34 329
34 224
34 440
34 203
34 160
35 330
35 140
35 415
35 151
35 0
36 391
36 429
36 350
36 384
36 444
37 149
37 410
37 215
37 281
37 370
38 110
38 0
38 497
38 241
38 459
39 341
39 75
39 390
39 78
39 48
40 261
40 465
40 377
40 215
40 4
41 42
41 488
41 180
41 417
41 18
42 416
42 12
42 144
42 292
42 404
43 278
43 265
43 130
43 167
43 461
44 425
44 247
44 496
44 290
44 82
45 451
45 33
45 315
45 266
45 372
46 64
46 65
46 223
46 210
46 293
47 122
47 438
47 441
47 234
47 182
48 460
48 348
48 250
48 14
48 244
49 398
49 473
49 370
49 4
49 32
50 57
50 148
50 323
50 332
50 356
51 344
51 133
51 468
51 90
51 268
52 115
52 134
52 183
52 116
52 308
53 161
53 0
53 152
53 212
53 118
54 270
54 40
54 106
54 284
54 274
55 281
55 23
55 127
55 359
55 98
56 179
56 154
56 356
56 219
56 141
57 315
57 451
57 219
57 443
57 269
58 392
58 269
58 464
58 320
58 148
59 258
59 421
59 219
59 463
59 201
60 302
60 276
60 361
60 355
60 362
61 170
61 294
61 34
61 56
61 23
62 184
62 120
62 373
62 479
62 347
63 198
63 87
63 155
63 496
63 211
64 95
64 293
64 462
64 330
64 145
65 358
65 89
65 393
65 301
65 481
66 332
66 102
66 480
66 349
66 219
67 55
67 361
67 473
67 370
67 495
68 121
68 28
68 300
68 406
68 354
69 335
69 74
69 10
69 196
69 33
70 410
70 345
70 136
70 326
70 31
71 340
71 474
71 488
71 52
71 81
72 312
72 145
72 475
72 82
72 229
73 58
73 148
73 114
73 141
73 34
74 87
74 138
74 152
74 143
74 424
75 270
75 92
75 144
75 455
75 486
76 434
76 343
76 46
76 198
76 101
77 388
77 40
77 37
77 70
77 482
78 341
78 272
78 48
78 479
78 116
79 61
79 16
79 149
79 29
79 114
80 248
80 319
80 427
80 375
80 481
81 120
81 428
81 93
81 115
81 92
82 22
82 221
82 84
82 140
82 415
83 338
83 296
83 289
83 16
83 189
84 86
84 13
84 488
84 481
84 360
85 207
85 474
85 426
85 265
85 3
86 96
86 450
86 71
86 78
86 437
87 174
87 44
87 496
87 313
87 192
88 244
88 318
88 146
88 37
88 55
89 226
89 238
89 221
89 162
89 260
90 454
90 282
90 329
90 468
90 485
91 71
91 75
91 92
91 42
91 116
92 340
92 357
92 474
92 416
92 368
93 277
93 230
93 171
93 499
93 244
94 412
94 25
94 446
94 331
94 130
95 1
95 20
95 498
95 425
95 252
96 173
96 366
96 25
96 467
96 474
97 478
97 320
97 187
97 429
97 2
98 6
98 392
98 344
98 294
98 170
99 235
99 66
99 406
99 60
99 234
100 114
100 473
100 30
100 51
100 490
101 0
101 456
101 8
101 313
101 433
102 269
102 76
102 431
102 477
102 384
103 427
103 168
103 162
103 395
103 314
104 114
104 469
104 473
104 45
104 56
105 167
105 301
105 217
105 366
105 481
106 11
106 99
106 67
106 136
106 345
107 245
107 483
107 388
107 246
107 230
108 389
108 182
108 491
108 370
108 326
109 337
109 125
109 241
109 226
109 430
110 87
110 151
110 290
110 254
110 0
111 150
111 422
111 256
111 23
111 235
112 221
112 41
112 248
112 43
112 39
113 110
113 233
113 101
113 386
113 273
114 45
114 477
114 463
114 385
114 485
115 124
115 245
115 108
115 267
115 230
116 404
116 307
116 270
116 420
116 142
117 9
117 217
117 383
117 105
117 168
118 496
118 371
118 64
118 293
118 475
119 245
119 68
119 40
119 213
119 132
120 308
120 341
120 270
120 144
120 390
121 149
121 361
121 29
121 127
121 490
122 372
122 45
122 148
122 349
122 66
123 360
123 301
123 91
123 353
123 168
124 67
124 30
124 490
124 132
124 422
125 20
125 65
125 1
125 80
125 24
126 7
126 360
126 96
126 26
126 280
127 50
127 362
127 438
127 289
127 59
128 21
128 288
128 37
128 281
128 326
129 120
129 173
129 200
129 474
129 366
130 325
130 368
130 200
130 183
130 311
131 0
131 212
131 330
131 15
131 241
132 281
132 6
132 23
132 30
132 365
133 392
133 329
133 154
133 69
133 102
134 491
134 318
134 300
134 11
134 55
135 105
135 314
135 476
135 62
135 489
136 354
136 40
136 408
136 495
136 215
137 379
137 143
137 76
137 397
137 113
138 218
138 462
138 72
138 496
138 176
139 184
139 395
139 238
139 260
139 221
140 401
140 24
140 80
140 162
140 447
141 444
141 137
141 143
141 178
141 497
142 318
142 482
142 336
142 283
142 486
143 155
143 198
143 241
143 8
143 138
144 142
144 483
144 175
144 188
144 17
145 314
145 167
145 248
145 433
145 358
146 55
146 398
146 354
146 256
146 263
147 456
147 458
147 425
147 305
147 194
148 257
148 201
148 53
148 350
148 384
149 57
149 50
149 342
149 208
149 51
150 268
150 224
150 385
150 97
150 469
151 401
151 433
151 247
151 194
151 174
152 5
152 262
152 456
152 199
152 498
153 46
153 223
153 35
153 297
153 290
154 222
154 350
154 113
154 72
154 266
155 101
155 220
155 95
155 198
155 181
156 108
156 300
156 121
156 171
156 37
157 9
157 126
157 162
157 248
157 375
158 242
158 436
158 410
158 310
158 326
159 17
159 357
159 368
159 19
159 54
160 397
160 72
160 33
160 350
160 143
161 237
161 199
161 140
161 369
161 147
162 417
162 432
162 85
162 375
162 445
163 473
163 436
163 99
163 213
163 98
164 428
164 403
164 124
164 357
164 499
165 30
165 189
165 66
165 480
165 389
166 435
166 144
166 115
166 216
166 243
167 405
167 412
167 94
167 316
167 298
168 207
168 432
168 328
168 265
168 13
169 421
169 429
169 191
169 253
169 155
170 102
170 45
170 463
170 154
170 97
171 23
171 251
171 370
171 98
171 491
172 377
172 309
172 261
172 104
172 442
173 164
173 54
173 455
173 239
173 225
174 275
174 489
174 262
174 484
174 80
175 4
175 177
175 410
175 55
175 398
176 430
176 155
176 131
176 152
176 475
177 342
177 205
177 50
177 51
177 150
178 297
178 44
178 101
178 140
178 430
179 464
179 203
179 407
179 350
179 201
180 142
180 455
180 341
180 437
180 457
181 157
181 82
181 237
181 427
181 330
182 50
182 276
182 179
182 389
182 57
183 322
183 357
183 428
183 88
183 245
184 92
184 168
184 52
184 18
184 85
185 412
185 78
185 373
185 363
185 432
186 265
186 91
186 86
186 373
186 184
187 335
187 493
187 15
187 462
187 382
188 491
188 40
188 182
188 213
188 124
189 323
189 179
189 133
189 102
189 66
190 421
190 286
190 448
190 480
190 34
191 228
191 434
191 397
191 101
191 477
192 273
192 252
192 458
192 237
192 489
193 97
193 434
193 384
193 463
193 431
194 373
194 238
194 167
194 96
194 94
195 345
195 261
195 486
195 317
195 357
196 212
196 371
196 64
196 386
196 290
197 274
197 377
197 156
197 14
197 311
198 95
198 425
198 462
198 145
198 209
199 481
199 280
199 319
199 381
199 22
200 334
200 416
200 322
200 336
200 88
201 206
201 407
201 350
201 227
201 138
202 81
202 3
202 278
202 457
202 71
203 44
203 386
203 0
203 229
203 228
204 92
204 474
204 419
204 418
204 390
205 392
205 356
205 224
205 240
205 320
206 232
206 227
206 413
206 218
206 74
207 115
207 200
207 452
207 368
207 164
208 224
208 329
208 266
208 478
208 407
209 202
209 303
209 185
209 139
209 26
210 237
210 123
210 427
210 112
210 414
211 414
211 5
211 386
211 496
211 458
212 462
212 226
212 425
212 161
212 194
213 354
213 121
213 473
213 111
213 11
214 213
214 420
214 136
214 19
214 336
215 150
215 61
215 16
215 302
215 133
216 68
216 472
216 142
216 416
216 134
217 445
217 347
217 186
217 96
217 285
218 371
218 447
218 493
218 151
218 386
219 352
219 372
219 391
219 444
219 468
220 192
220 433
220 351
220 378
220 20
221 248
221 3
221 62
221 238
221 41
222 138
222 137
222 279
222 63
222 431
223 62
223 415
223 484
223 221
223 287
224 228
224 440
224 141
224 444
224 269
225 77
225 345
225 426
225 423
225 142
226 319
226 449
226 400
226 84
226 399
227 313
227 414
227 386
227 247
227 152
228 5
228 196
228 151
228 371
228 0
229 20
229 65
229 147
229 241
229 226
230 31
230 111
230 37
230 214
230 336
231 402
231 118
231 291
231 74
231 228
232 35
232 237
232 95
232 198
232 152
233 254
233 181
233 498
233 458
233 493
234 258
234 281
234 98
234 342
234 296
235 59
235 190
235 392
235 36
235 296
236 203
236 463
236 421
236 391
236 36
237 199
237 305
237 414
237 145
237 157
238 366
238 360
238 42
238 367
238 91
239 156
239 171
239 31
239 108
239 263
240 286
240 97
240 338
240 315
240 429
241 415
241 395
241 456
241 369
241 24
242 408
242 99
242 83
242 175
242 326
243 128
243 245
243 270
243 225
243 246
244 146
244 310
244 403
244 171
244 14
245 99
245 288
245 398
245 244
245 68
246 307
246 156
246 31
246 136
246 472
247 112
247 376
247 80
247 248
247 20
248 418
248 96
248 405
248 481
248 479
249 112
249 27
249 415
249 489
249 24
250 288
250 318
250 277
250 230
250 483
251 268
251 59
251 6
251 240
251 60
252 186
252 62
252 221
252 271
252 481
253 444
253 206
253 118
253 231
253 413
254 358
254 314
254 427
254 498
254 415
255 472
255 311
255 230
255 17
255 246
256 268
256 30
256 490
256 58
256 396
257 143
257 201
257 424
257 429
257 443
258 69
258 137
258 286
258 169
258 470
259 100
259 66
259 51
259 359
259 182
260 481
260 78
260 285
260 41
260 328
261 422
261 127
261 79
261 111
261 490
262 194
262 105
262 27
262 456
262 305
263 495
263 79
263 175
263 499
263 256
264 323
264 4
264 45
264 453
264 56
265 13
265 183
265 348
265 418
265 419
266 38
266 459
266 35
266 110
266 101
267 310
267 111
267 465
267 100
267 47
268 236
268 413
268 231
268 454
268 16
269 38
269 143
269 477
269 206
269 253
270 486
270 106
270 197
270 128
270 115
271 395
271 432
271 375
271 427
271 405
272 19
272 12
272 466
272 164
272 472
273 181
273 125
273 433
273 493
273 484
274 288
274 49
274 121
274 439
274 242
275 112
275 487
275 62
275 319
275 280
276 355
276 253
276 338
276 257
276 191
277 156
277 215
277 482
277 47
277 172
278 339
278 48
278 12
278 92
278 452
279 249
279 425
279 211
279 330
279 135
280 327
280 41
280 316
280 405
280 328
281 235
281 251
281 408
281 438
281 215
282 497
282 212
282 254
282 95
282 210
283 263
283 136
283 146
283 398
283 465
284 261
284 277
284 158
284 403
284 377
285 488
285 292
285 116
285 331
285 340
286 411
286 206
286 154
286 485
286 160
287 184
287 375
287 186
287 248
287 139
288 389
288 259
288 410
288 29
288 302
289 45
289 332
289 384
289 58
289 57
290 458
290 20
290 223
290 181
290 496
291 462
291 414
291 64
291 82
291 330
292 340
292 435
292 368
292 255
292 339
293 375
293 221
293 378
293 194
293 301
294 170
294 470
294 236
294 149
294 179
295 426
295 292
295 116
295 159
295 328
296 114
296 352
296 148
296 45
296 208
297 103
297 262
297 414
297 126
297 20
298 417
298 325
298 78
298 324
298 168
299 446
299 204
299 184
299 120
299 418
300 32
300 55
300 163
300 29
300 473
301 325
301 248
301 265
301 278
301 62
302 268
302 453
302 205
302 236
302 102
303 86
303 285
303 184
303 400
303 367
304 334
304 242
304 368
304 274
304 216
305 449
305 260
305 117
305 204
305 209
306 234
306 406
306 342
306 150
306 30
307 259
307 136
307 465
307 408
307 317
308 283
308 410
308 261
308 40
308 439
309 354
309 494
309 50
309 28
309 79
310 309
310 83
310 234
310 359
310 436
311 466
311 317
311 416
311 88
311 274
312 433
312 415
312 252
312 414
312 210
313 414
313 262
313 140
313 174
313 117
314 139
314 299
314 381
314 303
314 25
315 224
315 374
315 421
315 74
315 431
316 54
316 474
316 331
316 48
316 416
317 288
317 124
317 99
317 163
317 306
318 256
318 60
318 396
318 163
318 99
319 316
319 331
319 409
319 120
319 78
320 253
320 63
320 269
320 201
320 38
321 154
321 193
321 332
321 477
321 372
322 486
322 339
322 163
322 106
322 242
323 16
323 34
323 240
323 258
323 133
324 144
324 364
324 48
324 457
324 7
325 474
325 164
325 255
325 120
325 230
326 79
326 494
326 490
326 73
326 99
327 457
327 164
327 120
327 243
327 75
328 200
328 324
328 446
328 452
328 325
329 429
329 138
329 87
329 110
329 282
330 427
330 449
330 252
330 140
330 447
331 142
331 322
331 197
331 195
331 274
332 253
332 350
332 413
332 113
332 382
333 255
333 48
333 93
333 283
333 195
334 357
334 466
334 322
334 308
334 403
335 249
335 330
335 157
335 378
335 10
336 259
336 99
336 420
336 111
336 300
337 194
337 237
337 458
337 314
337 161
338 141
338 203
338 114
338 384
338 397
339 317
339 263
339 88
339 261
339 465
340 54
340 48
340 308
340 70
340 244
341 428
341 214
341 77
341 144
341 243
342 36
342 205
342 179
342 392
342 193
343 497
343 218
343 254
343 152
343 151
344 329
344 352
344 191
344 179
344 69
345 99
345 175
345 494
345 317
345 37
346 50
346 468
346 464
346 286
346 16
347 467
347 270
347 316
347 426
347 180
348 439
348 134
348 420
348 270
348 239
349 201
349 233
349 434
349 429
349 137
350 153
350 72
350 178
350 471
350 218
351 252
351 401
351 375
351 445
351 449
352 374
352 382
352 266
352 253
352 231
353 18
353 144
353 7
353 437
353 243
354 150
354 215
354 100
354 50
354 190
355 269
355 240
355 320
355 448
355 372
356 253
356 222
356 90
356 372
356 431
357 495
357 21
357 310
357 55
357 377
358 299
358 327
358 347
358 301
358 417
359 289
359 251
359 73
359 16
359 104
360 184
360 327
360 120
360 180
360 316
361 258
361 32
361 205
361 276
361 149
362 160
362 268
362 154
362 286
362 320
363 78
363 488
363 435
363 390
363 52
364 423
364 200
364 277
364 472
364 17
365 224
365 141
365 441
365 492
365 208
366 450
366 334
366 75
366 423
366 461
367 450
367 416
367 486
367 404
367 12
368 308
368 317
368 128
368 410
368 466
369 358
369 25
369 395
369 427
369 363
370 362
370 473
370 16
370 392
370 56
371 210
371 5
371 275
371 447
371 135
372 227
372 407
372 454
372 382
372 413
373 278
373 328
373 435
373 487
373 272
374 152
374 161
374 143
374 229
374 228
375 327
375 62
375 130
375 41
375 75
376 303
376 437
376 129
376 13
376 85
377 300
377 491
377 182
377 473
377 251
378 248
378 445
378 271
378 247
378 393
379 176
379 8
379 152
379 475
379 38
380 279
380 191
380 187
380 379
380 53
381 129
381 185
381 85
381 13
381 204
382 138
382 313
382 443
382 153
382 131
383 13
383 363
383 75
383 120
383 85
384 191
384 224
384 397
384 349
384 329
385 329
385 178
385 349
385 33
385 53
386 147
386 135
386 458
386 447
386 95
387 178
387 176
387 424
387 155
387 434
388 99
388 420
388 11
388 408
388 28
389 480
389 296
389 51
389 289
389 338
390 308
390 239
390 245
390 364
390 283
391 220
391 53
391 35
391 431
391 72
392 179
392 411
392 90
392 222
392 379
393 112
393 360
393 427
393 238
393 445
394 323
394 45
394 170
394 208
394 385
395 185
395 376
395 366
395 328
395 62
396 258
396 392
396 394
396 294
396 441
397 176
397 8
397 443
397 228
397 485
398 396
398 111
398 235
398 361
398 55
399 78
399 295
399 265
399 18
399 285
400 390
400 265
400 409
400 3
400 360
401 360
401 41
401 71
401 376
401 298
402 290
402 279
402 386
402 10
402 227
403 28
403 188
403 307
403 146
403 336
404 428
404 368
404 88
404 200
404 93
405 316
405 383
405 278
405 367
405 418
406 258
406 50
406 240
406 205
406 321
407 53
407 451
407 312
407 138
407 443
408 406
408 453
408 23
408 100
408 190
409 341
409 426
409 285
409 207
409 418
410 251
410 495
410 149
410 408
410 98
411 282
411 203
411 231
411 178
411 87
412 333
412 3
412 225
412 437
412 159
413 211
413 232
413 220
413 203
413 53
414 86
414 476
414 275
414 456
414 260
415 489
415 381
415 94
415 86
415 43
416 172
416 163
416 466
416 483
416 239
417 452
417 325
417 404
417 120
417 278
418 272
418 278
418 216
418 183
418 426
419 284
419 216
419 428
419 144
419 277
420 436
420 494
420 288
420 326
420 99
421 402
421 451
421 382
421 372
421 320
422 259
422 104
422 296
422 309
422 79
423 345
423 377
423 156
423 336
423 322
424 462
424 64
424 196
424 297
424 125
425 395
425 393
425 358
425 381
425 247
426 19
426 318
426 270
426 239
426 339
427 185
427 85
427 285
427 327
427 381
428 68
428 420
428 214
428 317
428 499
429 211
429 386
429 374
429 110
429 35
430 458
430 24
430 378
430 425
430 237
431 313
431 2
431 0
431 8
431 434
432 180
432 363
432 7
432 272
432 12
433 123
433 375
433 43
433 456
433 262
434 459
434 176
434 232
434 101
434 282
435 173
435 308
435 404
435 274
435 423
436 302
436 149
436 370
436 281
436 346
437 92
437 243
437 283
437 304
437 77
438 268
438 480
438 34
438 370
438 73
439 40
439 377
439 136
439 288
439 259
440 424
440 228
440 282
440 218
440 152
441 411
441 56
441 315
441 189
441 253
442 281
442 362
442 396
442 359
442 23
443 147
443 101
443 8
443 475
443 241
444 220
444 218
444 391
444 138
444 143
445 94
445 129
445 376
445 409
445 347
446 200
446 292
446 115
446 195
446 340
447 305
447 401
447 105
447 275
447 1
448 492
448 191
448 385
448 76
448 90
449 25
449 204
449 445
449 248
449 78
450 364
450 225
450 284
450 115
450 77
451 192
451 471
451 110
451 198
451 155
452 142
452 420
452 245
452 225
452 304
453 392
453 276
453 321
453 201
453 102
454 329
454 196
454 227
454 69
454 497
455 244
455 164
455 388
455 311
455 183
456 399
456 298
456 126
456 1
456 401
457 419
457 364
457 93
457 116
457 14
458 221
458 1
458 476
458 217
458 358
459 157
459 378
459 290
459 351
459 198
460 17
460 164
460 19
460 200
460 270
461 255
461 173
461 142
461 216
461 292
462 330
462 9
462 401
462 210
462 209
463 332
463 349
463 411
463 391
463 203
464 110
464 87
464 413
464 138
464 160
465 79
465 494
465 11
465 490
465 310
466 277
466 439
466 317
466 108
466 188
467 450
467 239
467 322
467 159
467 54
468 76
468 222
468 402
468 485
468 454
469 444
469 379
469 463
469 76
469 448
470 257
470 33
470 187
470 463
470 169
471 181
471 430
471 46
471 291
471 249
472 19
472 172
472 55
472 307
472 132
473 32
473 133
473 342
473 394
473 236
474 423
474 93
474 416
474 142
474 472
475 198
475 220
475 249
475 212
475 241
476 204
476 27
476 123
476 94
476 412
477 431
477 462
477 218
477 273
477 76
478 434
478 203
478 74
478 397
478 451
479 325
479 446
479 54
479 461
479 197
480 469
480 385
480 356
480 321
480 193
481 168
481 204
481 298
481 366
481 373
482 98
482 288
482 100
482 108
482 29
483 31
483 442
483 465
483 21
483 171
484 383
484 139
484 96
484 417
484 9
485 386
485 192
485 459
485 8
485 155
486 246
486 357
486 158
486 277
486 439
487 225
487 48
487 130
487 92
487 417
488 12
488 461
488 340
488 48
488 446
489 84
489 117
489 360
489 427
489 94
490 289
490 441
490 276
490 344
490 189
491 251
491 359
491 28
491 281
491 473
492 224
492 74
492 485
492 384
492 429
493 181
493 247
493 95
493 162
493 330
494 215
494 51
494 34
494 73
494 150
495 127
495 389
495 354
495 165
495 23
496 305
496 65
496 414
496 241
496 209
497 493
497 279
497 459
497 386
497 229
498 427
498 456
498 447
498 24
498 9
499 23
499 354
499 491
499 251
499 47
