250 5000
0 195
0 29
0 210
0 161
0 60
0 194
0 4
0 127
0 79
0 179
0 204
0 39
0 120
0 132
0 35
0 169
0 12
0 133
0 55
0 26
1 150
1 115
1 183
1 163
1 230
1 212
1 10
1 142
1 61
1 44
1 31
1 234
1 43
1 148
1 242
1 86
1 24
1 51
1 91
1 202
2 82
2 9
2 42
2 63
2 213
2 80
2 94
2 88
2 143
2 243
2 244
2 7
2 64
2 152
2 177
2 135
2 21
2 160
2 101
2 238
3 39
3 219
3 20
3 30
3 227
3 78
3 161
3 210
3 0
3 79
3 11
3 120
3 35
3 41
3 105
3 49
3 154
3 236
3 127
3 206
4 181
4 67
4 78
4 69
4 239
4 219
4 130
4 93
4 97
4 110
4 65
4 228
4 79
4 109
4 1
4 120
4 235
4 164
4 12
4 81
5 231
5 41
5 17
5 93
5 227
5 89
5 71
5 4
5 20
5 137
5 220
5 105
5 118
5 214
5 249
5 239
5 225
5 39
5 12
5 49
6 10
6 112
6 18
6 226
6 202
6 115
6 14
6 153
6 62
6 84
6 212
6 191
6 77
6 150
6 128
6 162
6 240
6 24
6 43
6 166
7 218
7 152
7 82
7 160
7 168
7 113
7 146
7 75
7 209
7 176
7 193
7 131
7 21
7 244
7 200
7 213
7 36
7 83
7 88
7 155
8 101
8 143
8 167
8 208
8 50
8 209
8 244
8 146
8 64
8 238
8 218
8 59
8 213
8 124
8 149
8 201
8 157
8 176
8 13
8 80
9 46
9 53
9 237
9 132
9 0
9 74
9 70
9 235
9 192
9 223
9 190
9 157
9 110
9 246
9 193
9 169
9 34
9 165
9 172
9 29
10 196
10 144
10 48
10 102
10 18
10 32
10 155
10 167
10 186
10 2
10 16
10 217
10 40
10 156
10 116
10 229
10 176
10 208
10 90
10 7
11 26
11 203
11 174
11 60
11 154
11 198
11 178
11 41
11 12
11 28
11 227
11 232
11 119
11 67
11 65
11 93
11 195
11 130
11 204
11 30
12 69
12 130
12 145
12 214
12 204
12 119
12 95
12 49
12 228
12 65
12 232
12 242
12 86
12 230
12 89
12 28
12 188
12 183
12 170
12 239
13 125
13 200
13 225
13 45
13 136
13 190
13 195
13 180
13 151
13 114
13 93
13 4
13 0
13 33
13 5
13 161
13 157
13 17
13 118
13 70
14 247
14 80
14 63
14 218
14 7
14 208
14 112
14 83
14 102
14 138
14 144
14 48
14 32
14 156
14 152
14 139
14 90
14 16
14 121
14 129
15 32
15 7
15 16
15 229
15 100
15 25
15 224
15 10
15 248
15 2
15 112
15 77
15 72
15 23
15 48
15 44
15 121
15 43
15 211
15 150
16 50
16 13
16 208
16 152
16 101
16 160
16 136
16 88
16 94
16 244
16 201
16 117
16 37
16 56
16 155
16 168
16 175
16 189
16 113
16 47
17 222
17 99
17 55
17 71
17 203
17 35
17 69
17 206
17 79
17 89
17 65
17 214
17 20
17 4
17 173
17 119
17 110
17 54
17 154
17 49
18 186
18 139
18 72
18 248
18 42
18 16
18 146
18 162
18 25
18 63
18 208
18 116
18 177
18 32
18 155
18 47
18 229
18 207
18 211
18 8
19 134
19 158
19 51
19 18
19 207
19 148
19 150
19 216
19 217
19 100
19 186
19 162
19 197
19 229
19 112
19 72
19 121
19 141
19 241
19 196
20 158
20 198
20 163
20 228
20 62
20 164
20 183
20 84
20 26
20 6
20 28
20 97
20 69
20 181
20 216
20 81
20 140
20 119
20 178
20 89
21 70
21 192
21 176
21 98
21 136
21 88
21 131
21 82
21 53
21 126
21 59
21 36
21 200
21 185
21 74
21 180
21 238
21 92
21 147
21 22
22 210
22 34
22 179
22 33
22 147
22 231
22 38
22 223
22 192
22 172
22 17
22 108
22 52
22 103
22 132
22 45
22 187
22 64
22 105
22 190
23 211
23 241
23 63
23 196
23 138
23 184
23 7
23 224
23 240
23 229
23 143
23 162
23 14
23 116
23 221
23 175
23 139
23 141
23 100
23 48
24 32
24 148
24 207
24 18
24 156
24 23
24 8
24 138
24 240
24 62
24 247
24 150
24 51
24 184
24 104
24 58
24 115
24 56
24 171
24 134
25 88
25 213
25 124
25 117
25 42
25 75
25 103
25 218
25 160
25 94
25 152
25 107
25 102
25 40
25 36
25 21
25 131
25 185
25 74
25 146
26 233
26 1
26 140
26 69
26 212
26 81
26 182
26 68
26 178
26 148
26 109
26 35
26 19
26 216
26 86
26 239
26 85
26 31
26 24
26 84
27 228
27 183
27 128
27 87
27 234
27 141
27 115
27 164
27 54
27 15
27 142
27 145
27 202
27 95
27 197
27 68
27 134
27 96
27 122
27 212
28 164
28 54
28 104
28 245
28 106
28 159
28 24
28 84
28 96
28 233
28 182
28 81
28 166
28 142
28 68
28 15
28 239
28 91
28 141
28 62
29 194
29 178
29 110
29 179
29 154
29 170
29 55
29 105
29 220
29 137
29 237
29 71
29 12
29 39
29 198
29 133
29 65
29 78
29 188
29 231
30 60
30 87
30 109
30 220
30 228
30 86
30 28
30 95
30 188
30 182
30 245
30 219
30 130
30 31
30 67
30 66
30 203
30 26
30 1
30 164
31 96
31 66
31 115
31 182
31 10
31 191
31 24
31 6
31 14
31 241
31 202
31 128
31 104
31 183
31 23
31 140
31 240
31 138
31 230
31 15
32 131
32 42
32 94
32 50
32 40
32 157
32 2
32 213
32 80
32 64
32 111
32 218
32 244
32 102
32 107
32 117
32 116
32 135
32 177
32 59
33 133
33 200
33 225
33 46
33 231
33 154
33 147
33 126
33 192
33 11
33 123
33 110
33 179
33 57
33 38
33 70
33 120
33 132
33 161
33 3
34 52
34 110
34 187
34 55
34 114
34 173
34 225
34 99
34 0
34 79
34 133
34 179
34 194
34 137
34 223
34 170
34 195
34 227
34 210
34 147
35 76
35 203
35 228
35 62
35 182
35 19
35 97
35 87
35 159
35 233
35 6
35 148
35 24
35 28
35 96
35 1
35 166
35 164
35 31
35 86
36 180
36 172
36 70
36 103
36 187
36 132
36 22
36 59
36 201
36 5
36 38
36 124
36 147
36 114
36 243
36 47
36 157
36 123
36 200
36 213
37 3
37 92
37 34
37 147
37 46
37 179
37 57
37 0
37 237
37 192
37 223
37 33
37 5
37 118
37 11
37 114
37 38
37 180
37 108
37 52
38 127
38 20
38 225
38 120
38 118
38 154
38 52
38 105
38 11
38 55
38 49
38 60
38 17
38 204
38 99
38 223
38 161
38 29
38 41
38 137
39 54
39 219
39 137
39 119
39 49
39 71
39 93
39 127
39 220
39 105
39 109
39 41
39 55
39 97
39 30
39 4
39 20
39 28
39 69
39 31
40 125
40 64
40 42
40 160
40 33
40 82
40 189
40 167
40 136
40 57
40 185
40 34
40 147
40 75
40 103
40 21
40 201
40 192
40 9
40 13
41 81
41 137
41 49
41 55
41 65
41 228
41 178
41 6
41 99
41 206
41 127
41 145
41 28
41 130
41 219
41 109
41 198
41 214
41 122
41 60
42 172
42 45
42 33
42 108
42 103
42 201
42 34
42 124
42 161
42 113
42 125
42 168
42 98
42 238
42 187
42 3
42 46
42 215
42 160
42 92
43 186
43 143
43 247
43 155
43 199
43 117
43 116
43 196
43 185
43 211
43 205
43 138
43 83
43 229
43 217
43 184
43 152
43 121
43 177
43 101
44 138
44 10
44 111
44 63
44 156
44 2
44 191
44 32
44 72
44 207
44 58
44 143
44 51
44 184
44 177
44 116
44 75
44 211
44 186
44 229
45 165
45 46
45 70
45 52
45 108
45 33
45 29
45 93
45 237
45 161
45 113
45 3
45 92
45 39
45 151
45 110
45 187
45 194
45 79
45 172
46 126
46 120
46 17
46 187
46 71
46 237
46 161
46 210
46 194
46 227
46 3
46 125
46 55
46 11
46 12
46 98
46 133
46 79
46 0
46 137
47 243
47 107
47 113
47 161
47 193
47 0
47 34
47 38
47 190
47 135
47 172
47 9
47 126
47 108
47 168
47 29
47 131
47 103
47 215
47 238
48 176
48 7
48 121
48 144
48 8
48 116
48 209
48 63
48 201
48 25
48 42
48 56
48 155
48 59
48 177
48 111
48 167
48 184
48 152
48 248
49 31
49 159
49 181
49 54
49 212
49 122
49 166
49 115
49 26
49 97
49 228
49 145
49 142
49 84
49 203
49 232
49 242
49 226
49 35
49 87
50 192
50 11
50 13
50 70
50 243
50 180
50 59
50 246
50 9
50 147
50 123
50 132
50 108
50 52
50 22
50 200
50 231
50 135
50 113
50 136
51 94
51 199
51 129
51 83
51 221
51 56
51 80
51 144
51 101
51 16
51 217
51 229
51 218
51 72
51 247
51 58
51 143
51 171
51 177
51 8
52 154
52 118
52 71
52 120
52 11
52 235
52 110
52 133
52 219
52 179
52 17
52 210
52 222
52 78
52 188
52 105
52 220
52 204
52 39
52 169
53 65
53 39
53 204
53 154
53 225
53 173
53 223
53 67
53 120
53 195
53 179
53 249
53 41
53 227
53 3
53 174
53 0
53 17
53 52
53 12
54 95
54 148
54 6
54 106
54 166
54 43
54 183
54 104
54 62
54 86
54 140
54 159
54 85
54 197
54 68
54 84
54 19
54 128
54 44
54 76
55 203
55 239
55 6
55 49
55 232
55 242
55 220
55 35
55 27
55 181
55 86
55 198
55 130
55 236
55 54
55 178
55 20
55 66
55 69
55 119
56 9
56 244
56 75
56 209
56 45
56 33
56 80
56 131
56 101
56 94
56 149
56 117
56 42
56 189
56 108
56 146
56 113
56 218
56 124
56 63
57 99
57 17
57 120
57 187
57 235
57 237
57 71
57 3
57 227
57 29
57 41
57 169
57 52
57 118
57 38
57 4
57 39
57 170
57 192
57 93
58 171
58 16
58 25
58 162
58 48
58 155
58 189
58 124
58 211
58 143
58 21
58 75
58 56
58 42
58 2
58 36
58 152
58 116
58 186
58 80
59 57
59 179
59 195
59 246
59 17
59 98
59 64
59 243
59 147
59 37
59 225
59 45
59 29
59 136
59 9
59 103
59 52
59 215
59 237
59 53
60 127
60 6
60 220
60 204
60 242
60 119
60 96
60 28
60 65
60 66
60 198
60 86
60 122
60 89
60 178
60 68
60 81
60 130
60 222
60 87
61 150
61 186
61 2
61 94
61 90
61 116
61 10
61 247
61 209
61 40
61 156
61 138
61 8
61 7
61 44
61 121
61 75
61 83
61 202
61 224
62 211
62 186
62 141
62 197
62 199
62 191
62 162
62 56
62 77
62 175
62 247
62 207
62 104
62 202
62 142
62 205
62 143
62 156
62 241
62 171
63 124
63 45
63 149
63 167
63 218
63 40
63 209
63 160
63 152
63 64
63 108
63 201
63 25
63 177
63 102
63 9
63 155
63 74
63 243
63 47
64 53
64 45
64 52
64 37
64 113
64 157
64 118
64 192
64 46
64 3
64 136
64 187
64 57
64 0
64 74
64 200
64 154
64 105
64 34
64 4
65 54
65 20
65 216
65 24
65 145
65 69
65 239
65 68
65 178
65 128
65 26
65 73
65 182
65 183
65 212
65 122
65 89
65 96
65 1
65 166
66 241
66 229
66 138
66 163
66 148
66 217
66 51
66 171
66 134
66 144
66 159
66 211
66 150
66 141
66 90
66 43
66 77
66 233
66 212
66 191
67 1
67 69
67 178
67 163
67 183
67 73
67 228
67 245
67 27
67 212
67 145
67 159
67 230
67 89
67 54
67 96
67 24
67 95
67 87
67 222
68 142
68 96
68 128
68 163
68 183
68 115
68 66
68 153
68 104
68 150
68 216
68 84
68 241
68 87
68 43
68 166
68 112
68 76
68 62
68 247
69 85
69 234
69 66
69 106
69 148
69 91
69 76
69 61
69 233
69 73
69 240
69 122
69 230
69 158
69 104
69 141
69 86
69 130
69 145
69 142
70 30
70 137
70 11
70 154
70 65
70 133
70 174
70 93
70 227
70 3
70 220
70 210
70 67
70 0
70 169
70 246
70 219
70 179
70 170
70 4
71 188
71 1
71 173
71 164
71 49
71 181
71 127
71 145
71 174
71 95
71 30
71 19
71 67
71 96
71 239
71 242
71 6
71 109
71 35
71 219
72 167
72 211
72 175
72 146
72 2
72 47
72 186
72 80
72 224
72 83
72 244
72 7
72 156
72 75
72 42
72 213
72 135
72 171
72 177
72 218
73 87
73 14
73 159
73 240
73 230
73 106
73 197
73 234
73 62
73 43
73 166
73 104
73 191
73 85
73 196
73 163
73 86
73 141
73 217
73 24
74 215
74 200
74 118
74 187
74 231
74 114
74 110
74 165
74 34
74 37
74 3
74 78
74 113
74 243
74 190
74 105
74 33
74 98
74 4
74 38
75 64
75 201
75 46
75 167
75 136
75 113
75 50
75 218
75 103
75 22
75 213
75 200
75 47
75 160
75 37
75 42
75 131
75 149
75 92
75 53
76 217
76 32
76 141
76 229
76 207
76 143
76 48
76 162
76 234
76 221
76 196
76 144
76 14
76 10
76 129
76 18
76 2
76 112
76 23
76 211
77 129
77 112
77 36
77 21
77 156
77 116
77 221
77 25
77 8
77 155
77 185
77 207
77 224
77 63
77 72
77 102
77 146
77 58
77 42
77 189
78 181
78 54
78 178
78 137
78 35
78 228
78 65
78 204
78 1
78 239
78 206
78 26
78 232
78 97
78 219
78 20
78 214
78 73
78 99
78 49
79 236
79 130
79 137
79 174
79 55
79 232
79 71
79 222
79 239
79 67
79 226
79 120
79 119
79 127
79 12
79 41
79 6
79 206
79 65
79 181
80 21
80 107
80 176
80 53
80 36
80 167
80 180
80 238
80 189
80 108
80 103
80 70
80 244
80 74
80 185
80 243
80 34
80 192
80 22
80 213
81 24
81 166
81 62
81 130
81 159
81 73
81 197
81 86
81 158
81 87
81 216
81 23
81 44
81 128
81 140
81 66
81 164
81 234
81 182
81 134
82 243
82 192
82 210
82 52
82 195
82 0
82 9
82 38
82 39
82 179
82 118
82 172
82 154
82 64
82 133
82 114
82 131
82 246
82 194
82 123
83 157
83 243
83 125
83 75
83 190
83 135
83 155
83 80
83 136
83 113
83 53
83 37
83 92
83 149
83 103
83 46
83 200
83 213
83 192
83 45
84 217
84 62
84 138
84 163
84 142
84 72
84 106
84 85
84 66
84 140
84 15
84 104
84 129
84 182
84 202
84 91
84 241
84 156
84 207
84 128
85 18
85 186
85 77
85 51
85 184
85 163
85 240
85 43
85 58
85 14
85 207
85 199
85 48
85 61
85 106
85 162
85 241
85 156
85 104
85 129
86 199
86 87
86 153
86 134
86 247
86 207
86 148
86 159
86 14
86 162
86 18
86 90
86 44
86 128
86 61
86 100
86 202
86 23
86 10
86 158
87 241
87 24
87 158
87 199
87 100
87 162
87 15
87 159
87 115
87 58
87 18
87 61
87 128
87 224
87 202
87 104
87 129
87 72
87 141
87 51
88 147
88 213
88 126
88 74
88 243
88 201
88 192
88 135
88 172
88 146
88 161
88 22
88 92
88 193
88 136
88 98
88 124
88 46
88 45
88 29
89 181
89 222
89 212
89 84
89 164
89 182
89 245
89 97
89 31
89 239
89 104
89 1
89 24
89 230
89 15
89 183
89 106
89 216
89 68
89 178
90 248
90 201
90 7
90 176
90 63
90 2
90 8
90 111
90 47
90 121
90 218
90 156
90 168
90 107
90 32
90 211
90 224
90 83
90 152
90 160
91 44
91 217
91 153
91 72
91 90
91 76
91 159
91 202
91 166
91 43
91 156
91 216
91 51
91 77
91 196
91 100
91 66
91 240
91 191
91 212
92 210
92 38
92 161
92 71
92 120
92 165
92 190
92 249
92 194
92 0
92 70
92 235
92 12
92 93
92 204
92 98
92 11
92 173
92 225
92 223
93 242
93 31
93 206
93 35
93 169
93 198
93 203
93 6
93 73
93 30
93 99
93 79
93 89
93 127
93 41
93 27
93 55
93 174
93 228
93 65
94 208
94 107
94 126
94 155
94 47
94 88
94 57
94 192
94 42
94 160
94 131
94 180
94 83
94 238
94 136
94 167
94 189
94 75
94 190
94 103
95 145
95 76
95 10
95 134
95 85
95 196
95 23
95 197
95 84
95 62
95 228
95 247
95 15
95 230
95 86
95 6
95 241
95 87
95 212
95 217
96 14
96 182
96 162
96 140
96 240
96 23
96 199
96 197
96 142
96 91
96 141
96 212
96 191
96 207
96 100
96 216
96 217
96 24
96 156
96 241
97 226
97 23
97 228
97 62
97 141
97 202
97 163
97 122
97 66
97 69
97 19
97 1
97 166
97 76
97 245
97 84
97 145
97 216
97 27
97 54
98 154
98 187
98 29
98 4
98 38
98 67
98 132
98 114
98 110
98 161
98 0
98 223
98 170
98 30
98 231
98 194
98 220
98 105
98 17
98 237
99 60
99 26
99 69
99 239
99 203
99 1
99 89
99 20
99 97
99 181
99 87
99 109
99 220
99 242
99 232
99 174
99 81
99 73
99 226
99 55
100 116
100 171
100 101
100 102
100 90
100 75
100 191
100 80
100 14
100 175
100 8
100 217
100 94
100 205
100 143
100 167
100 150
100 196
100 129
100 184
101 124
101 94
101 74
101 192
101 83
101 238
101 243
101 117
101 7
101 46
101 177
101 135
101 9
101 155
101 75
101 21
101 176
101 200
101 248
101 59
102 80
102 177
102 149
102 46
102 33
102 136
102 152
102 213
102 124
102 57
102 218
102 103
102 40
102 192
102 22
102 75
102 155
102 74
102 189
102 146
103 57
103 17
103 34
103 114
103 223
103 132
103 37
103 126
103 237
103 193
103 187
103 190
103 38
103 45
103 9
103 98
103 64
103 118
103 52
103 46
104 196
104 121
104 61
104 171
104 77
104 56
104 58
104 211
104 150
104 205
104 247
104 184
104 199
104 248
104 100
104 186
104 234
104 221
104 25
104 7
105 219
105 97
105 54
105 4
105 95
105 170
105 110
105 65
105 137
105 232
105 49
105 41
105 119
105 169
105 198
105 12
105 28
105 239
105 249
105 55
106 61
106 171
106 240
106 32
106 56
106 199
106 247
106 10
106 202
106 14
106 144
106 43
106 8
106 138
106 234
106 221
106 16
106 2
106 148
106 150
107 123
107 37
107 59
107 237
107 223
107 192
107 11
107 33
107 53
107 22
107 190
107 113
107 161
107 193
107 187
107 165
107 172
107 17
107 151
107 64
108 132
108 41
108 4
108 151
108 243
108 195
108 79
108 123
108 3
108 231
108 39
108 92
108 161
108 194
108 147
108 154
108 33
108 225
108 11
108 210
109 14
109 234
109 91
109 106
109 233
109 197
109 68
109 51
109 115
109 230
109 87
109 183
109 226
109 76
109 163
109 138
109 85
109 196
109 158
109 10
110 26
110 230
110 127
110 226
110 204
110 67
110 81
110 130
110 54
110 236
110 222
110 99
110 174
110 95
110 206
110 188
110 239
110 249
110 203
110 137
111 218
111 176
111 139
111 74
111 80
111 168
111 101
111 22
111 135
111 248
111 201
111 63
111 175
111 189
111 94
111 131
111 238
111 83
111 56
111 9
112 117
112 208
112 40
112 175
112 162
112 25
112 48
112 152
112 184
112 248
112 121
112 75
112 207
112 139
112 205
112 176
112 83
112 153
112 102
112 218
113 243
113 194
113 108
113 227
113 3
113 46
113 79
113 0
113 169
113 57
113 179
113 70
113 187
113 126
113 195
113 120
113 161
113 125
113 114
113 165
114 170
114 169
114 20
114 120
114 165
114 173
114 236
114 52
114 12
114 231
114 39
114 204
114 110
114 123
114 133
114 65
114 232
114 227
114 5
114 71
115 138
115 240
115 18
115 241
115 23
115 72
115 202
115 150
115 129
115 2
115 148
115 171
115 61
115 184
115 111
115 144
115 15
115 25
115 106
115 199
116 248
116 9
116 157
116 177
116 16
116 146
116 47
116 143
116 208
116 111
116 107
116 40
116 139
116 189
116 175
116 88
116 8
116 45
116 136
116 193
117 168
117 107
117 189
117 200
117 57
117 22
117 190
117 74
117 131
117 193
117 37
117 123
117 157
117 238
117 13
117 160
117 92
117 201
117 3
117 9
118 214
118 71
118 227
118 127
118 249
118 49
118 54
118 170
118 181
118 220
118 109
118 110
118 97
118 30
118 4
118 20
118 28
118 198
118 228
118 78
119 212
119 1
119 245
119 95
119 86
119 234
119 96
119 230
119 15
119 145
119 130
119 159
119 54
119 85
119 31
119 163
119 109
119 27
119 19
119 100
120 137
120 31
120 220
120 49
120 249
120 222
120 232
120 181
120 95
120 89
120 230
120 204
120 1
120 198
120 214
120 28
120 96
120 12
120 69
120 20
121 16
121 47
121 139
121 211
121 2
121 36
121 111
121 185
121 56
121 135
121 201
121 40
121 168
121 205
121 117
121 102
121 229
121 218
121 221
121 32
122 159
122 134
122 96
122 84
122 61
122 228
122 202
122 140
122 6
122 31
122 15
122 230
122 142
122 145
122 68
122 141
122 115
122 234
122 76
122 245
123 231
123 133
123 165
123 20
123 12
123 235
123 49
123 99
123 151
123 173
123 26
123 210
123 237
123 227
123 220
123 105
123 11
123 17
123 249
123 179
124 125
124 92
124 201
124 126
124 46
124 157
124 237
124 151
124 33
124 131
124 114
124 213
124 50
124 64
124 135
124 172
124 38
124 13
124 179
124 52
125 39
125 154
125 41
125 231
125 219
125 123
125 110
125 120
125 169
125 78
125 237
125 227
125 3
125 114
125 38
125 4
125 179
125 11
125 17
125 60
126 39
126 195
126 0
126 110
126 172
126 17
126 249
126 78
126 223
126 29
126 133
126 132
126 71
126 237
126 173
126 235
126 151
126 227
126 55
126 11
127 166
127 84
127 178
127 85
127 86
127 28
127 106
127 242
127 232
127 62
127 159
127 26
127 66
127 245
127 142
127 216
127 212
127 81
127 226
127 35
128 90
128 196
128 191
128 15
128 66
128 207
128 129
128 115
128 43
128 166
128 156
128 241
128 240
128 140
128 247
128 61
128 159
128 14
128 162
128 142
129 189
129 48
129 160
129 50
129 155
129 177
129 184
129 248
129 117
129 8
129 167
129 229
129 42
129 56
129 146
129 102
129 121
129 75
129 244
129 153
130 76
130 106
130 54
130 31
130 109
130 164
130 51
130 19
130 61
130 84
130 140
130 240
130 241
130 87
130 104
130 226
130 6
130 86
130 128
130 44
131 246
131 33
131 225
131 151
131 57
131 46
131 126
131 147
131 165
131 45
131 192
131 223
131 125
131 187
131 227
131 108
131 74
131 157
131 110
131 123
132 219
132 39
132 133
132 194
132 71
132 173
132 214
132 198
132 35
132 169
132 227
132 232
132 79
132 89
132 55
132 223
132 170
132 249
132 151
132 49
133 81
133 35
133 20
133 109
133 60
133 227
133 228
133 65
133 97
133 239
133 120
133 67
133 214
133 73
133 99
133 222
133 236
133 54
133 49
133 235
134 61
134 224
134 56
134 77
134 241
134 121
134 100
134 209
134 175
134 144
134 116
134 43
134 25
134 16
134 90
134 139
134 229
134 129
134 138
134 8
135 238
135 114
135 149
135 39
135 17
135 123
135 5
135 38
135 53
135 74
135 168
135 225
135 200
135 70
135 215
135 161
135 11
135 179
135 57
135 165
136 123
136 246
136 46
136 108
136 38
136 4
136 151
136 74
136 133
136 132
136 125
136 172
136 225
136 154
136 147
136 3
136 227
136 114
136 131
136 113
137 60
137 127
137 89
137 69
137 109
137 198
137 232
137 28
137 96
137 239
137 164
137 203
137 84
137 95
137 174
137 130
137 178
137 20
137 245
137 228
138 218
138 94
138 48
138 217
138 121
138 116
138 167
138 205
138 144
138 248
138 111
138 101
138 207
138 175
138 247
138 7
138 156
138 40
138 56
138 32
139 74
139 185
139 22
139 75
139 9
139 189
139 64
139 192
139 157
139 34
139 50
139 21
139 208
139 40
139 117
139 94
139 126
139 57
139 88
139 135
140 207
140 100
140 134
140 247
140 43
140 202
140 150
140 51
140 19
140 163
140 121
140 44
140 129
140 196
140 158
140 14
140 159
140 229
140 212
140 141
141 138
141 51
141 144
141 156
141 139
141 240
141 186
141 77
141 43
141 72
141 61
141 44
141 199
141 202
141 18
141 63
141 248
141 221
141 177
141 112
142 186
142 43
142 72
142 106
142 184
142 153
142 175
142 156
142 101
142 148
142 129
142 191
142 112
142 14
142 90
142 141
142 234
142 8
142 16
142 217
143 101
143 213
143 107
143 176
143 238
143 88
143 45
143 40
143 168
143 82
143 50
143 209
143 113
143 152
143 167
143 136
143 135
143 185
143 75
143 33
144 218
144 146
144 42
144 238
144 157
144 75
144 22
144 13
144 88
144 59
144 131
144 149
144 94
144 117
144 50
144 175
144 25
144 155
144 32
144 64
145 104
145 76
145 241
145 84
145 68
145 247
145 141
145 217
145 182
145 18
145 43
145 115
145 242
145 240
145 15
145 138
145 19
145 51
145 14
145 158
146 246
146 92
146 38
146 168
146 161
146 126
146 157
146 132
146 45
146 243
146 47
146 213
146 238
146 82
146 192
146 201
146 131
146 189
146 52
146 33
147 79
147 170
147 219
147 12
147 235
147 237
147 190
147 29
147 53
147 194
147 133
147 236
147 132
147 210
147 67
147 78
147 173
147 60
147 99
147 5
148 150
148 247
148 121
148 141
148 234
148 63
148 18
148 184
148 112
148 207
148 143
148 224
148 32
148 162
148 25
148 171
148 138
148 77
148 144
148 14
149 193
149 33
149 29
149 74
149 231
149 113
149 103
149 52
149 215
149 223
149 190
149 200
149 195
149 34
149 125
149 180
149 238
149 37
149 132
149 243
150 247
150 209
150 63
150 58
150 121
150 83
150 77
150 56
150 2
150 196
150 48
150 171
150 177
150 217
150 80
150 184
150 144
150 21
150 207
150 153
151 110
151 203
151 235
151 204
151 39
151 210
151 93
151 127
151 11
151 225
151 99
151 169
151 219
151 195
151 20
151 231
151 89
151 79
151 17
151 60
152 201
152 155
152 193
152 135
152 238
152 189
152 131
152 46
152 176
152 57
152 168
152 34
152 146
152 113
152 59
152 53
152 82
152 88
152 45
152 22
153 152
153 248
153 199
153 47
153 146
153 185
153 25
153 144
153 40
153 156
153 205
153 124
153 167
153 221
153 177
153 189
153 107
153 8
153 88
153 139
154 110
154 89
154 169
154 118
154 222
154 174
154 20
154 170
154 188
154 30
154 235
154 204
154 39
154 67
154 28
154 60
154 55
154 27
154 105
154 220
155 50
155 38
155 131
155 22
155 213
155 187
155 46
155 123
155 157
155 168
155 53
155 125
155 33
155 36
155 192
155 47
155 243
155 42
155 189
155 117
156 186
156 80
156 50
156 221
156 116
156 177
156 32
156 229
156 176
156 205
156 160
156 7
156 244
156 107
156 102
156 75
156 224
156 83
156 144
156 21
157 52
157 147
157 133
157 98
157 151
157 79
157 74
157 11
157 29
157 57
157 114
157 93
157 215
157 5
157 33
157 227
157 190
157 4
157 113
157 169
158 61
158 76
158 148
158 153
158 171
158 129
158 163
158 234
158 43
158 141
158 23
158 62
158 44
158 184
158 115
158 58
158 144
158 202
158 32
158 24
159 51
159 224
159 85
159 186
159 233
159 62
159 162
159 61
159 112
159 205
159 158
159 14
159 207
159 217
159 212
159 191
159 150
159 171
159 121
159 23
160 135
160 131
160 46
160 34
160 246
160 5
160 33
160 64
160 213
160 103
160 70
160 149
160 238
160 0
160 57
160 237
160 45
160 132
160 37
160 190
161 99
161 105
161 28
161 52
161 26
161 174
161 71
161 151
161 236
161 60
161 223
161 79
161 49
161 39
161 232
161 93
161 41
161 178
161 165
161 206
162 88
162 177
162 129
162 248
162 213
162 156
162 209
162 63
162 42
162 116
162 221
162 16
162 155
162 176
162 83
162 167
162 21
162 75
162 36
162 25
163 156
163 44
163 134
163 138
163 8
163 233
163 56
163 111
163 51
163 115
163 234
163 16
163 199
163 197
163 224
163 202
163 240
163 186
163 112
163 76
164 141
164 166
164 23
164 234
164 84
164 145
164 18
164 96
164 24
164 148
164 6
164 197
164 100
164 66
164 62
164 140
164 240
164 112
164 233
164 19
165 204
165 39
165 118
165 67
165 203
165 97
165 119
165 170
165 181
165 81
165 127
165 93
165 206
165 69
165 35
165 235
165 227
165 17
165 60
165 78
166 14
166 24
166 138
166 153
166 115
166 77
166 207
166 104
166 211
166 234
166 134
166 18
166 142
166 184
166 90
166 141
166 191
166 48
166 72
166 23
167 103
167 146
167 117
167 160
167 176
167 92
167 13
167 38
167 22
167 189
167 201
167 3
167 155
167 213
167 82
167 53
167 244
167 98
167 124
167 36
168 165
168 125
168 9
168 172
168 123
168 53
168 131
168 215
168 237
168 223
168 192
168 238
168 210
168 195
168 98
168 161
168 113
168 187
168 136
168 132
169 55
169 181
169 26
169 222
169 12
169 109
169 220
169 31
169 65
169 204
169 30
169 97
169 236
169 164
169 79
169 89
169 73
169 214
169 71
169 249
170 60
170 95
170 145
170 214
170 20
170 183
170 219
170 68
170 49
170 35
170 226
170 220
170 54
170 28
170 96
170 198
170 206
170 242
170 232
170 239
171 244
171 218
171 160
171 36
171 117
171 111
171 184
171 208
171 221
171 42
171 107
171 32
171 121
171 75
171 83
171 48
171 94
171 149
171 201
171 25
172 204
172 231
172 133
172 237
172 110
172 137
172 225
172 3
172 227
172 4
172 194
172 11
172 154
172 93
172 246
172 169
172 179
172 165
172 206
172 29
173 242
173 164
173 119
173 140
173 203
173 81
173 97
173 30
173 127
173 54
173 236
173 204
173 198
173 214
173 73
173 206
173 31
173 188
173 183
173 178
174 119
174 31
174 35
174 20
174 230
174 81
174 84
174 127
174 178
174 68
174 28
174 122
174 49
174 27
174 86
174 62
174 65
174 183
174 188
174 87
175 22
175 36
175 113
175 63
175 40
175 117
175 176
175 13
175 103
175 160
175 47
175 45
175 9
175 189
175 149
175 209
175 213
175 37
175 42
175 135
176 88
176 37
176 190
176 59
176 123
176 180
176 125
176 33
176 92
176 117
176 244
176 192
176 98
176 172
176 135
176 13
176 168
176 147
176 185
176 74
177 200
177 36
177 160
177 107
177 42
177 189
177 9
177 135
177 126
177 34
177 22
177 75
177 57
177 103
177 46
177 192
177 157
177 131
177 147
177 152
178 81
178 6
178 140
178 122
178 164
178 128
178 216
178 242
178 68
178 197
178 198
178 222
178 19
178 95
178 145
178 142
178 233
178 91
178 28
178 96
179 110
179 26
179 170
179 60
179 17
179 178
179 105
179 249
179 127
179 93
179 165
179 78
179 12
179 222
179 55
179 174
179 169
179 49
179 235
179 71
180 151
180 225
180 133
180 110
180 11
180 114
180 132
180 235
180 210
180 174
180 194
180 53
180 78
180 161
180 99
180 41
180 70
180 118
180 105
180 206
181 62
181 164
181 240
181 109
181 158
181 122
181 212
181 81
181 91
181 241
181 19
181 66
181 86
181 230
181 15
181 242
181 96
181 145
181 95
181 166
182 106
182 85
182 134
182 77
182 15
182 153
182 224
182 44
182 90
182 141
182 61
182 48
182 197
182 241
182 156
182 18
182 142
182 112
182 150
182 216
183 191
183 18
183 142
183 77
183 148
183 207
183 158
183 10
183 14
183 150
183 72
183 61
183 163
183 202
183 112
183 76
183 66
183 166
183 43
183 217
184 94
184 185
184 116
184 25
184 47
184 168
184 13
184 186
184 144
184 16
184 213
184 189
184 8
184 139
184 152
184 64
184 36
184 102
184 107
184 167
185 42
185 123
185 157
185 136
185 70
185 36
185 74
185 0
185 189
185 64
185 172
185 168
185 246
185 193
185 125
185 114
185 46
185 146
185 161
185 190
186 2
186 208
186 149
186 75
186 201
186 7
186 244
186 155
186 32
186 139
186 59
186 136
186 111
186 117
186 124
186 63
186 47
186 189
186 101
186 160
187 99
187 227
187 65
187 223
187 71
187 237
187 79
187 55
187 39
187 204
187 173
187 225
187 165
187 206
187 123
187 110
187 4
187 17
187 29
187 41
188 54
188 104
188 226
188 76
188 230
188 15
188 148
188 122
188 163
188 109
188 86
188 141
188 62
188 68
188 203
188 216
188 242
188 119
188 182
188 159
189 213
189 161
189 47
189 98
189 246
189 238
189 36
189 135
189 172
189 34
189 114
189 131
189 244
189 46
189 3
189 53
189 107
189 168
189 52
189 22
190 220
190 227
190 249
190 179
190 60
190 195
190 98
190 133
190 225
190 55
190 11
190 161
190 114
190 137
190 151
190 71
190 237
190 53
190 194
190 214
191 224
191 221
191 175
191 25
191 162
191 196
191 111
191 80
191 186
191 117
191 116
191 90
191 177
191 18
191 72
191 7
191 153
191 156
191 101
191 32
192 190
192 105
192 223
192 165
192 132
192 180
192 71
192 215
192 137
192 172
192 99
192 5
192 133
192 41
192 235
192 70
192 3
192 78
192 179
192 123
193 29
193 165
193 110
193 125
193 38
193 192
193 132
193 33
193 93
193 133
193 92
193 52
193 210
193 235
193 126
193 195
193 118
193 243
193 151
193 200
194 81
194 222
194 118
194 220
194 178
194 173
194 89
194 249
194 133
194 228
194 69
194 204
194 174
194 60
194 122
194 28
194 188
194 35
194 169
194 235
195 203
195 110
195 54
195 236
195 79
195 219
195 169
195 17
195 173
195 120
195 198
195 78
195 55
195 49
195 249
195 210
195 41
195 227
195 194
195 99
196 25
196 248
196 199
196 7
196 18
196 177
196 112
196 229
196 88
196 8
196 211
196 167
196 58
196 48
196 80
196 72
196 217
196 146
196 247
196 175
197 202
197 248
197 77
197 156
197 191
197 240
197 14
197 51
197 63
197 102
197 72
197 175
197 8
197 138
197 150
197 196
197 90
197 141
197 44
197 221
198 158
198 148
198 128
198 23
198 142
198 122
198 203
198 84
198 163
198 140
198 68
198 81
198 166
198 1
198 159
198 85
198 141
198 86
198 104
198 66
199 83
199 42
199 186
199 111
199 143
199 88
199 116
199 211
199 139
199 59
199 90
199 101
199 160
199 229
199 144
199 21
199 50
199 107
199 102
199 72
200 12
200 151
200 137
200 92
200 169
200 210
200 5
200 46
200 30
200 118
200 154
200 206
200 93
200 123
200 110
200 237
200 194
200 41
200 29
200 225
201 244
201 9
201 123
201 57
201 59
201 192
201 108
201 168
201 135
201 33
201 125
201 213
201 187
201 215
201 238
201 22
201 70
201 103
201 74
201 45
202 247
202 72
202 184
202 48
202 186
202 25
202 2
202 10
202 139
202 14
202 209
202 177
202 150
202 207
202 101
202 221
202 240
202 121
202 196
202 111
203 97
203 202
203 166
203 245
203 76
203 62
203 15
203 230
203 69
203 66
203 233
203 164
203 122
203 163
203 141
203 86
203 142
203 96
203 31
203 242
204 67
204 242
204 6
204 26
204 188
204 239
204 128
204 181
204 20
204 220
204 19
204 174
204 222
204 119
204 49
204 35
204 178
204 145
204 27
204 66
205 116
205 42
205 155
205 248
205 59
205 139
205 22
205 152
205 94
205 189
205 40
205 2
205 36
205 107
205 74
205 47
205 143
205 21
205 209
205 50
206 55
206 119
206 65
206 97
206 178
206 95
206 145
206 127
206 109
206 242
206 31
206 182
206 128
206 222
206 203
206 66
206 60
206 28
206 219
206 226
207 25
207 94
207 8
207 152
207 139
207 144
207 244
207 185
207 16
207 218
207 121
207 102
207 175
207 189
207 42
207 56
207 32
207 155
207 177
207 199
208 22
208 149
208 160
208 34
208 117
208 218
208 103
208 37
208 42
208 80
208 13
208 98
208 74
208 168
208 147
208 47
208 21
208 9
208 155
208 238
209 124
209 82
209 243
209 238
209 201
209 192
209 126
209 107
209 125
209 46
209 200
209 213
209 149
209 34
209 22
209 75
209 103
209 167
209 36
209 176
210 65
210 239
210 69
210 227
210 78
210 137
210 54
210 174
210 194
210 178
210 97
210 119
210 169
210 214
210 99
210 26
210 89
210 60
210 122
210 27
211 101
211 146
211 131
211 238
211 248
211 32
211 209
211 50
211 201
211 143
211 111
211 80
211 94
211 152
211 7
211 40
211 103
211 2
211 42
211 56
212 43
212 166
212 112
212 241
212 224
212 115
212 148
212 233
212 77
212 62
212 217
212 48
212 158
212 153
212 134
212 171
212 72
212 141
212 163
212 138
213 237
213 64
213 98
213 107
213 125
213 38
213 13
213 59
213 3
213 172
213 168
213 243
213 33
213 165
213 50
213 200
213 179
213 57
213 192
213 223
214 230
214 19
214 97
214 130
214 96
214 212
214 109
214 163
214 182
214 81
214 91
214 49
214 203
214 127
214 232
214 242
214 87
214 76
214 20
214 245
215 173
215 227
215 169
215 235
215 123
215 114
215 52
215 125
215 11
215 38
215 34
215 46
215 179
215 71
215 237
215 147
215 223
215 17
215 92
215 78
216 224
216 90
216 44
216 163
216 134
216 85
216 196
216 144
216 14
216 240
216 207
216 148
216 247
216 191
216 129
216 18
216 241
216 156
216 162
216 106
217 117
217 189
217 146
217 16
217 21
217 144
217 143
217 48
217 209
217 176
217 101
217 63
217 224
217 139
217 229
217 77
217 42
217 25
217 177
217 208
218 33
218 135
218 172
218 185
218 74
218 160
218 64
218 98
218 136
218 53
218 45
218 157
218 34
218 50
218 168
218 80
218 38
218 13
218 117
218 213
219 222
219 236
219 242
219 182
219 81
219 95
219 67
219 31
219 230
219 1
219 35
219 183
219 239
219 66
219 69
219 28
219 96
219 130
219 159
219 86
220 54
220 178
220 27
220 84
220 163
220 182
220 65
220 228
220 19
220 35
220 6
220 145
220 222
220 174
220 140
220 119
220 69
220 86
220 242
220 181
221 103
221 107
221 238
221 80
221 152
221 177
221 209
221 63
221 59
221 139
221 175
221 8
221 167
221 22
221 75
221 40
221 168
221 56
221 42
221 47
222 23
222 182
222 15
222 115
222 119
222 241
222 87
222 202
222 6
222 148
222 216
222 141
222 86
222 73
222 226
222 84
222 69
222 212
222 158
222 106
223 239
223 120
223 67
223 133
223 4
223 236
223 194
223 237
223 71
223 188
223 227
223 219
223 203
223 220
223 206
223 178
223 119
223 49
223 89
223 170
224 218
224 107
224 2
224 16
224 47
224 111
224 213
224 238
224 244
224 7
224 167
224 211
224 221
224 208
224 82
224 176
224 205
224 177
224 149
224 201
225 81
225 219
225 137
225 55
225 239
225 12
225 67
225 30
225 119
225 236
225 198
225 120
225 165
225 105
225 49
225 235
225 188
225 227
225 35
225 60
226 18
226 163
226 141
226 100
226 217
226 87
226 112
226 76
226 15
226 153
226 234
226 134
226 233
226 77
226 240
226 128
226 207
226 191
226 212
226 23
227 170
227 120
227 95
227 71
227 41
227 178
227 31
227 67
227 203
227 173
227 73
227 214
227 226
227 206
227 69
227 122
227 60
227 79
227 222
227 99
228 112
228 19
228 226
228 191
228 140
228 148
228 216
228 43
228 163
228 68
228 61
228 84
228 233
228 77
228 141
228 44
228 128
228 14
228 159
228 158
229 13
229 152
229 25
229 139
229 22
229 211
229 189
229 8
229 146
229 2
229 56
229 42
229 47
229 143
229 111
229 213
229 218
229 103
229 63
229 124
230 196
230 10
230 76
230 182
230 44
230 191
230 140
230 115
230 24
230 207
230 202
230 247
230 87
230 166
230 15
230 104
230 129
230 86
230 141
230 72
231 195
231 67
231 220
231 105
231 4
231 20
231 198
231 169
231 30
231 11
231 55
231 204
231 249
231 60
231 188
231 71
231 222
231 133
231 119
231 173
232 73
232 230
232 91
232 96
232 84
232 35
232 226
232 181
232 128
232 54
232 66
232 69
232 62
232 228
232 81
232 182
232 130
232 140
232 212
232 122
233 14
233 207
233 205
233 10
233 138
233 184
233 247
233 191
233 76
233 58
233 115
233 23
233 202
233 211
233 150
233 100
233 234
233 221
233 121
233 77
234 102
234 217
234 205
234 75
234 63
234 8
234 156
234 40
234 144
234 83
234 177
234 32
234 43
234 116
234 111
234 100
234 77
234 248
234 162
234 90
235 198
235 71
235 1
235 174
235 55
235 69
235 232
235 227
235 41
235 173
235 249
235 122
235 60
235 228
235 181
235 97
235 30
235 54
235 236
235 67
236 69
236 95
236 81
236 183
236 109
236 127
236 91
236 226
236 122
236 164
236 181
236 20
236 54
236 158
236 230
236 1
236 166
236 19
236 228
236 65
237 78
237 137
237 81
237 99
237 105
237 220
237 118
237 39
237 127
237 93
237 17
237 20
237 194
237 169
237 35
237 227
237 173
237 119
237 225
237 28
238 223
238 165
238 0
238 237
238 180
238 154
238 9
238 151
238 243
238 33
238 105
238 17
238 126
238 103
238 225
238 200
238 123
238 157
238 53
238 194
239 230
239 197
239 44
239 61
239 84
239 87
239 85
239 31
239 19
239 24
239 164
239 216
239 183
239 23
239 86
239 148
239 106
239 140
239 122
239 134
240 186
240 196
240 56
240 77
240 43
240 16
240 221
240 208
240 75
240 191
240 32
240 150
240 211
240 2
240 8
240 199
240 209
240 207
240 10
240 205
241 10
241 18
241 63
241 112
241 144
241 14
241 177
241 202
241 217
241 32
241 40
241 143
241 58
241 247
241 138
241 196
241 111
241 44
241 43
241 139
242 18
242 15
242 51
242 247
242 134
242 197
242 226
242 115
242 24
242 84
242 76
242 6
242 14
242 233
242 140
242 240
242 138
242 163
242 216
242 150
243 210
243 118
243 38
243 172
243 99
243 5
243 170
243 194
243 46
243 169
243 132
243 215
243 126
243 195
243 105
243 12
243 39
243 154
243 3
243 227
244 33
244 172
244 13
244 38
244 52
244 108
244 190
244 22
244 45
244 165
244 46
244 231
244 223
244 92
244 53
244 82
244 70
244 187
244 64
244 11
245 138
245 164
245 106
245 240
245 217
245 24
245 202
245 134
245 14
245 148
245 6
245 15
245 230
245 182
245 234
245 197
245 150
245 51
245 19
245 212
246 110
246 41
246 29
246 237
246 173
246 137
246 133
246 174
246 118
246 127
246 93
246 132
246 232
246 195
246 5
246 99
246 55
246 79
246 35
246 169
247 42
247 88
247 101
247 36
247 2
247 111
247 156
247 153
247 177
247 175
247 117
247 152
247 139
247 90
247 80
247 186
247 143
247 47
247 58
247 176
248 50
248 80
248 59
248 21
248 192
248 201
248 189
248 108
248 185
248 74
248 243
248 47
248 83
248 103
248 40
248 244
248 215
248 136
248 152
248 42
249 220
249 89
249 26
249 232
249 122
249 71
249 1
249 174
249 130
249 203
249 164
249 214
249 73
249 245
249 20
249 68
249 178
249 188
249 35
249 226
