250 5000
0 10
0 21
0 31
0 41
0 83
0 96
0 107
0 123
0 134
0 138
0 148
0 164
0 172
0 193
0 202
0 217
0 241
1 3
1 10
1 15
1 59
1 60
1 82
1 86
1 123
1 124
1 145
1 151
1 155
1 157
1 165
1 188
1 195
1 213
1 218
1 223
1 242
1 244
2 10
2 23
2 67
2 103
2 110
2 113
2 123
2 124
2 137
2 139
2 143
2 146
2 154
2 156
2 180
2 187
2 188
2 217
2 239
2 246
3 12
3 13
3 70
3 86
3 88
3 97
3 100
3 115
3 154
3 188
3 194
3 199
3 210
3 212
3 244
4 5
4 16
4 19
4 30
4 35
4 39
4 40
4 44
4 56
4 89
4 106
4 113
4 118
4 140
4 172
4 176
4 190
4 194
4 205
4 207
4 227
4 247
4 249
5 2
5 10
5 25
5 38
5 42
5 80
5 89
5 132
5 141
5 147
5 162
5 177
5 205
5 212
5 216
5 218
5 236
5 248
6 1
6 27
6 29
6 51
6 53
6 66
6 68
6 74
6 82
6 85
6 106
6 112
6 115
6 121
6 147
6 179
6 191
6 214
6 227
6 237
6 248
7 3
7 24
7 26
7 38
7 48
7 65
7 67
7 69
7 77
7 81
7 83
7 98
7 105
7 112
7 130
7 131
7 138
7 143
7 173
7 201
7 230
7 242
7 245
8 4
8 15
8 19
8 37
8 42
8 51
8 55
8 88
8 92
8 93
8 104
8 123
8 153
8 159
8 188
8 203
8 208
8 226
8 230
8 242
9 4
9 7
9 8
9 41
9 46
9 69
9 72
9 78
9 113
9 127
9 133
9 134
9 206
9 210
9 220
9 223
9 224
9 247
10 7
10 20
10 29
10 67
10 81
10 132
10 135
10 138
10 140
10 146
10 158
10 185
10 192
10 207
10 215
10 220
10 225
11 17
11 23
11 27
11 32
11 46
11 52
11 62
11 66
11 100
11 116
11 117
11 131
11 145
11 147
11 153
11 173
11 178
11 196
11 199
11 208
11 212
11 231
11 244
11 249
12 21
12 26
12 27
12 52
12 53
12 68
12 89
12 99
12 105
12 113
12 116
12 124
12 126
12 138
12 165
12 166
12 175
12 179
12 192
12 197
12 210
12 225
12 234
12 237
13 2
13 14
13 31
13 32
13 35
13 46
13 47
13 101
13 102
13 126
13 130
13 133
13 134
13 167
13 174
13 179
13 192
13 204
13 233
13 244
13 246
13 249
14 20
14 37
14 56
14 67
14 88
14 108
14 125
14 142
14 144
14 149
14 162
14 170
14 178
14 180
14 184
14 189
14 198
14 204
14 226
14 228
14 239
14 245
15 14
15 49
15 50
15 71
15 77
15 84
15 92
15 110
15 123
15 127
15 145
15 158
15 194
15 198
15 211
15 222
15 237
15 243
16 6
16 17
16 35
16 38
16 51
16 58
16 77
16 85
16 91
16 94
16 98
16 99
16 124
16 151
16 156
16 162
16 165
16 173
16 181
16 193
16 196
16 201
16 205
16 213
16 232
16 235
16 243
16 248
17 0
17 19
17 40
17 44
17 51
17 65
17 68
17 89
17 109
17 115
17 118
17 119
17 127
17 129
17 142
17 172
17 173
17 179
17 221
17 230
17 233
17 248
18 22
18 26
18 38
18 58
18 61
18 75
18 76
18 77
18 90
18 104
18 110
18 127
18 133
18 143
18 154
18 156
18 157
18 170
18 190
18 197
18 206
18 218
18 220
18 230
18 238
19 9
19 22
19 24
19 43
19 74
19 76
19 82
19 90
19 93
19 101
19 109
19 117
19 129
19 132
19 139
19 151
19 188
19 193
19 203
19 218
19 225
20 15
20 30
20 40
20 62
20 68
20 88
20 90
20 102
20 109
20 115
20 125
20 195
20 197
20 211
20 226
20 229
20 231
21 5
21 13
21 27
21 33
21 35
21 49
21 52
21 64
21 84
21 114
21 132
21 137
21 138
21 141
21 142
21 149
21 164
21 168
21 169
21 180
21 181
21 185
21 210
21 220
21 226
21 230
21 238
22 10
22 24
22 36
22 52
22 62
22 80
22 82
22 104
22 105
22 108
22 126
22 155
22 163
22 230
22 240
22 248
23 40
23 68
23 72
23 88
23 91
23 117
23 131
23 145
23 148
23 164
23 177
23 180
23 186
23 188
23 191
23 195
23 200
23 230
23 231
23 247
24 18
24 19
24 30
24 48
24 50
24 69
24 107
24 124
24 130
24 136
24 143
24 148
24 163
24 171
24 190
24 191
24 209
24 220
24 225
25 0
25 21
25 22
25 85
25 96
25 99
25 111
25 116
25 117
25 139
25 147
25 152
25 156
25 179
25 182
25 211
25 215
25 228
25 242
26 0
26 3
26 11
26 21
26 30
26 40
26 61
26 64
26 74
26 83
26 87
26 94
26 102
26 113
26 114
26 140
26 141
26 153
26 156
26 174
26 183
26 195
26 243
26 245
27 16
27 20
27 32
27 33
27 63
27 66
27 75
27 76
27 94
27 99
27 125
27 130
27 134
27 138
27 158
27 165
27 182
27 218
28 4
28 5
28 18
28 39
28 49
28 66
28 71
28 75
28 119
28 141
28 152
28 160
28 236
28 244
29 10
29 47
29 55
29 70
29 73
29 77
29 97
29 99
29 129
29 141
29 144
29 152
29 165
29 167
29 176
29 191
29 206
29 221
29 224
29 234
29 237
30 3
30 7
30 8
30 20
30 27
30 33
30 42
30 53
30 64
30 66
30 81
30 82
30 88
30 95
30 124
30 130
30 145
30 159
30 169
30 191
30 195
30 197
30 227
30 244
31 24
31 26
31 35
31 63
31 66
31 77
31 79
31 98
31 105
31 106
31 123
31 125
31 127
31 131
31 166
31 185
31 186
31 224
31 229
31 249
32 9
32 12
32 25
32 33
32 54
32 59
32 77
32 89
32 93
32 99
32 100
32 111
32 112
32 121
32 129
32 153
32 154
32 157
32 163
32 175
32 180
32 181
32 196
33 6
33 17
33 18
33 34
33 47
33 58
33 61
33 70
33 81
33 99
33 100
33 101
33 123
33 147
33 163
33 169
33 171
33 176
33 193
33 235
34 19
34 39
34 45
34 48
34 50
34 63
34 65
34 72
34 79
34 82
34 83
34 94
34 105
34 119
34 123
34 124
34 137
34 140
34 148
34 156
34 157
34 188
34 209
34 210
34 219
34 232
34 235
34 240
34 243
34 246
35 11
35 19
35 29
35 30
35 32
35 49
35 63
35 85
35 91
35 94
35 95
35 114
35 133
35 191
35 195
35 203
35 215
35 220
35 226
35 235
35 242
36 2
36 10
36 12
36 32
36 48
36 51
36 53
36 56
36 64
36 68
36 71
36 85
36 86
36 88
36 89
36 96
36 108
36 122
36 136
36 145
36 150
36 153
36 168
36 180
36 184
36 193
36 237
36 241
37 2
37 18
37 24
37 46
37 51
37 61
37 82
37 89
37 124
37 135
37 167
37 171
37 172
37 181
37 200
37 206
37 215
37 218
37 223
37 229
37 236
38 13
38 15
38 26
38 47
38 56
38 64
38 79
38 90
38 135
38 147
38 150
38 156
38 168
38 175
38 183
38 201
38 210
38 217
38 220
39 43
39 65
39 68
39 76
39 120
39 130
39 132
39 139
39 148
39 150
39 154
39 155
39 159
39 160
39 169
39 191
39 202
39 229
39 230
39 239
39 243
40 15
40 18
40 28
40 49
40 55
40 58
40 61
40 87
40 96
40 109
40 132
40 140
40 147
40 154
40 169
40 175
40 179
40 202
40 219
40 222
40 237
40 246
41 0
41 7
41 13
41 40
41 43
41 77
41 78
41 102
41 110
41 119
41 130
41 153
41 166
41 176
41 181
41 186
41 200
41 208
41 222
41 228
41 245
41 248
42 11
42 26
42 40
42 47
42 67
42 78
42 82
42 119
42 143
42 146
42 162
42 173
42 181
42 183
42 185
42 187
42 189
42 216
42 226
42 231
42 233
42 234
42 241
43 0
43 1
43 4
43 5
43 8
43 9
43 11
43 27
43 32
43 33
43 57
43 73
43 124
43 126
43 143
43 144
43 163
43 168
43 172
43 190
43 194
43 209
43 210
43 234
43 237
43 244
44 36
44 48
44 52
44 80
44 102
44 159
44 188
44 196
44 198
44 208
44 225
44 230
44 233
45 0
45 1
45 8
45 9
45 26
45 29
45 33
45 35
45 50
45 51
45 56
45 69
45 76
45 77
45 98
45 99
45 103
45 104
45 105
45 123
45 126
45 127
45 143
45 147
45 156
45 157
45 160
45 181
45 183
45 189
45 198
45 201
45 202
45 203
45 204
45 212
45 222
45 229
45 241
45 249
46 0
46 3
46 31
46 32
46 60
46 107
46 112
46 121
46 124
46 126
46 132
46 139
46 155
46 160
46 162
46 185
46 203
46 206
46 207
46 209
46 213
46 224
46 230
47 1
47 5
47 12
47 13
47 19
47 25
47 35
47 59
47 65
47 83
47 85
47 107
47 111
47 126
47 128
47 129
47 130
47 131
47 150
47 154
47 179
47 223
48 17
48 32
48 45
48 59
48 67
48 73
48 77
48 81
48 84
48 100
48 102
48 105
48 108
48 118
48 124
48 125
48 150
48 161
48 194
48 204
48 215
48 225
48 230
48 242
49 12
49 30
49 37
49 46
49 51
49 55
49 60
49 75
49 78
49 79
49 87
49 91
49 120
49 125
49 126
49 138
49 143
49 170
49 175
49 183
49 191
49 215
49 237
50 14
50 60
50 99
50 105
50 126
50 146
50 168
50 173
50 179
50 181
50 183
50 189
50 195
50 202
50 214
50 223
50 230
50 235
50 243
51 19
51 45
51 65
51 84
51 109
51 124
51 134
51 160
51 171
51 182
51 184
51 188
51 191
51 208
51 218
51 222
51 249
52 27
52 28
52 50
52 51
52 55
52 58
52 64
52 66
52 79
52 106
52 112
52 153
52 160
52 165
52 190
52 214
52 240
53 2
53 9
53 13
53 42
53 48
53 59
53 74
53 110
53 120
53 138
53 140
53 162
53 167
53 196
53 214
53 216
53 235
54 5
54 6
54 33
54 47
54 51
54 111
54 127
54 134
54 145
54 157
54 181
54 186
54 187
54 194
54 195
54 223
54 235
54 248
55 6
55 11
55 15
55 38
55 40
55 51
55 56
55 57
55 58
55 63
55 64
55 65
55 75
55 98
55 100
55 123
55 157
55 161
55 168
55 173
55 186
55 190
55 191
55 196
55 214
56 15
56 44
56 48
56 51
56 71
56 125
56 129
56 134
56 146
56 156
56 162
56 170
56 190
56 191
56 200
56 211
56 217
56 227
56 237
57 10
57 68
57 83
57 99
57 101
57 116
57 137
57 139
57 141
57 151
57 155
57 158
57 167
57 193
57 207
57 211
57 219
57 236
58 33
58 34
58 47
58 101
58 115
58 123
58 138
58 140
58 146
58 172
58 184
58 214
58 219
58 238
58 246
59 4
59 32
59 51
59 55
59 57
59 72
59 87
59 101
59 121
59 131
59 134
59 138
59 149
59 176
59 203
59 207
59 218
59 223
59 226
59 230
59 231
59 232
60 6
60 9
60 17
60 22
60 24
60 28
60 54
60 67
60 91
60 92
60 103
60 121
60 125
60 128
60 150
60 156
60 181
60 198
61 5
61 27
61 38
61 70
61 100
61 115
61 127
61 145
61 146
61 148
61 151
61 153
61 158
61 174
61 181
61 193
61 197
61 212
61 215
61 235
62 0
62 1
62 3
62 9
62 21
62 32
62 52
62 55
62 60
62 96
62 106
62 124
62 127
62 154
62 158
62 167
62 204
62 224
62 229
62 242
62 243
63 15
63 18
63 21
63 33
63 35
63 66
63 68
63 80
63 86
63 96
63 116
63 123
63 127
63 135
63 159
63 180
63 192
63 211
63 226
63 245
64 1
64 12
64 19
64 20
64 63
64 85
64 89
64 92
64 112
64 129
64 138
64 149
64 164
64 165
64 171
64 175
64 176
64 177
64 188
64 198
64 200
64 219
64 236
65 55
65 61
65 85
65 87
65 95
65 102
65 108
65 117
65 153
65 201
65 207
65 222
65 226
65 227
65 244
65 245
66 8
66 23
66 33
66 41
66 44
66 45
66 57
66 61
66 65
66 81
66 99
66 105
66 106
66 148
66 151
66 152
66 155
66 203
66 205
66 217
66 220
66 232
66 239
66 242
67 14
67 38
67 43
67 65
67 84
67 87
67 96
67 99
67 103
67 116
67 138
67 153
67 157
67 179
67 183
67 185
67 188
67 189
67 210
67 213
67 221
67 224
67 225
68 36
68 56
68 62
68 64
68 70
68 119
68 122
68 126
68 128
68 148
68 155
68 172
68 182
68 225
69 22
69 36
69 54
69 78
69 88
69 90
69 107
69 131
69 135
69 150
69 152
69 192
69 196
69 207
69 210
69 212
69 221
69 225
69 242
70 39
70 42
70 78
70 85
70 89
70 91
70 95
70 156
70 167
70 173
70 189
70 230
70 248
71 7
71 11
71 14
71 53
71 57
71 62
71 82
71 125
71 130
71 137
71 158
71 189
71 222
71 249
72 1
72 9
72 18
72 23
72 25
72 41
72 43
72 47
72 59
72 76
72 84
72 92
72 118
72 122
72 144
72 182
72 184
72 210
72 220
73 2
73 13
73 43
73 72
73 110
73 114
73 122
73 134
73 137
73 140
73 154
73 161
73 164
73 175
73 187
73 193
73 213
73 245
74 9
74 33
74 36
74 37
74 55
74 65
74 85
74 99
74 123
74 126
74 129
74 132
74 143
74 162
74 169
74 182
74 201
74 207
74 210
74 215
74 235
74 246
75 2
75 8
75 17
75 23
75 46
75 52
75 53
75 57
75 70
75 80
75 81
75 89
75 99
75 104
75 108
75 139
75 159
75 180
75 188
75 195
75 201
75 204
75 206
75 224
75 235
75 239
76 1
76 9
76 10
76 17
76 29
76 32
76 37
76 47
76 70
76 72
76 78
76 87
76 103
76 107
76 116
76 122
76 146
76 147
76 168
76 176
76 194
76 203
76 211
76 212
76 216
76 217
77 10
77 15
77 25
77 42
77 52
77 56
77 73
77 83
77 87
77 135
77 139
77 151
77 168
77 170
77 190
77 198
77 214
77 221
77 232
77 235
77 246
78 13
78 14
78 20
78 53
78 58
78 60
78 83
78 106
78 110
78 113
78 130
78 151
78 179
78 192
78 194
78 207
78 215
78 227
78 244
78 249
79 0
79 7
79 16
79 21
79 26
79 51
79 65
79 67
79 73
79 74
79 90
79 92
79 101
79 148
79 150
79 153
79 160
79 167
79 197
79 198
79 201
79 202
79 223
79 224
79 225
79 232
79 235
79 248
80 0
80 5
80 16
80 22
80 30
80 47
80 53
80 64
80 76
80 99
80 107
80 126
80 130
80 161
80 162
80 191
80 203
80 233
80 239
81 13
81 18
81 23
81 60
81 65
81 69
81 73
81 86
81 105
81 111
81 115
81 123
81 142
81 143
81 168
81 173
81 187
81 188
81 192
81 198
81 205
81 208
81 212
81 216
81 226
81 242
82 3
82 7
82 23
82 29
82 36
82 42
82 44
82 48
82 97
82 107
82 135
82 152
82 172
82 177
82 196
82 220
82 241
82 243
82 247
83 3
83 8
83 12
83 16
83 35
83 39
83 44
83 56
83 75
83 86
83 93
83 94
83 96
83 107
83 117
83 127
83 137
83 147
83 179
83 193
83 194
83 209
83 215
84 30
84 85
84 137
84 138
84 180
84 213
84 215
84 229
84 241
84 242
84 247
85 12
85 13
85 15
85 16
85 32
85 50
85 57
85 58
85 68
85 75
85 104
85 119
85 123
85 130
85 161
85 164
85 199
85 206
85 232
85 235
86 2
86 23
86 24
86 47
86 64
86 70
86 111
86 134
86 141
86 218
86 232
86 244
87 27
87 28
87 30
87 37
87 51
87 56
87 58
87 77
87 89
87 91
87 117
87 127
87 138
87 148
87 161
87 178
87 188
87 189
87 190
87 198
87 224
87 234
88 8
88 40
88 43
88 52
88 78
88 129
88 132
88 133
88 162
88 171
88 175
88 178
88 182
88 188
88 190
88 192
88 193
88 218
88 232
88 233
89 6
89 41
89 43
89 54
89 84
89 93
89 102
89 121
89 146
89 153
89 155
89 160
89 207
89 213
89 220
89 233
90 3
90 5
90 6
90 7
90 15
90 25
90 42
90 43
90 44
90 50
90 59
90 79
90 83
90 89
90 95
90 134
90 138
90 150
90 152
90 163
90 180
90 207
91 35
91 36
91 44
91 50
91 73
91 75
91 96
91 105
91 110
91 119
91 135
91 139
91 157
91 168
91 183
91 201
91 208
91 212
91 219
91 232
92 23
92 31
92 32
92 33
92 43
92 67
92 71
92 86
92 94
92 109
92 124
92 126
92 137
92 168
92 179
92 183
92 200
92 249
93 37
93 61
93 72
93 83
93 85
93 176
93 178
93 179
93 185
93 189
93 195
93 197
93 218
93 225
93 233
93 242
93 243
94 0
94 3
94 19
94 28
94 74
94 93
94 95
94 100
94 112
94 127
94 135
94 153
94 187
94 226
94 237
94 240
94 246
94 249
95 28
95 44
95 52
95 68
95 71
95 74
95 77
95 87
95 89
95 91
95 112
95 115
95 117
95 126
95 152
95 161
95 209
95 231
95 236
95 249
96 17
96 19
96 38
96 46
96 67
96 71
96 85
96 101
96 110
96 121
96 153
96 158
96 185
96 188
96 195
96 199
96 238
96 246
97 2
97 15
97 22
97 30
97 37
97 40
97 42
97 55
97 65
97 71
97 83
97 84
97 106
97 115
97 127
97 138
97 143
97 155
97 163
97 181
97 195
97 196
98 4
98 13
98 48
98 67
98 91
98 100
98 108
98 114
98 124
98 149
98 161
98 162
98 174
98 197
98 198
98 199
98 212
98 213
98 216
98 217
98 223
98 233
98 244
99 4
99 27
99 37
99 39
99 80
99 95
99 109
99 127
99 139
99 158
99 162
99 173
99 176
99 190
99 196
99 218
99 229
99 237
99 240
99 245
100 7
100 19
100 63
100 65
100 74
100 81
100 94
100 96
100 113
100 125
100 145
100 146
100 150
100 152
100 185
100 193
100 231
100 245
101 5
101 9
101 14
101 19
101 44
101 49
101 50
101 85
101 95
101 103
101 117
101 123
101 134
101 146
101 150
101 151
101 152
101 159
101 187
101 196
101 205
101 210
101 222
101 223
101 237
101 242
102 23
102 35
102 43
102 56
102 64
102 75
102 79
102 85
102 98
102 123
102 128
102 133
102 158
102 163
102 170
102 198
102 208
102 222
102 227
102 237
102 245
102 246
103 13
103 21
103 48
103 58
103 72
103 74
103 97
103 98
103 101
103 104
103 121
103 124
103 133
103 159
103 174
103 180
103 193
103 195
103 198
103 201
103 212
103 226
103 228
103 239
103 242
104 17
104 29
104 45
104 71
104 81
104 83
104 96
104 123
104 132
104 179
104 188
104 192
104 194
104 215
104 228
104 233
104 237
104 247
105 12
105 17
105 22
105 26
105 36
105 55
105 59
105 69
105 79
105 88
105 111
105 118
105 124
105 133
105 138
105 139
105 153
105 167
105 179
105 214
105 221
105 239
105 248
106 3
106 4
106 7
106 27
106 30
106 40
106 44
106 46
106 55
106 56
106 64
106 69
106 84
106 89
106 94
106 105
106 114
106 129
106 130
106 134
106 142
106 151
106 156
106 179
106 183
106 187
106 190
106 192
106 195
106 216
106 220
106 238
106 241
106 246
106 249
107 3
107 6
107 19
107 33
107 37
107 48
107 50
107 51
107 72
107 98
107 121
107 136
107 169
107 172
107 193
107 200
107 225
107 233
107 243
108 7
108 14
108 22
108 24
108 39
108 48
108 53
108 56
108 60
108 63
108 64
108 72
108 79
108 99
108 110
108 118
108 122
108 152
108 167
108 170
108 176
108 182
108 191
108 192
108 194
108 213
108 238
109 24
109 38
109 57
109 70
109 71
109 81
109 94
109 99
109 111
109 117
109 120
109 137
109 147
109 158
109 179
109 192
109 195
109 206
109 246
110 15
110 21
110 29
110 55
110 66
110 94
110 113
110 115
110 143
110 146
110 189
110 198
110 211
110 240
111 4
111 22
111 30
111 32
111 55
111 63
111 71
111 78
111 79
111 88
111 126
111 134
111 144
111 154
111 157
111 159
111 171
111 185
111 190
111 209
111 224
111 228
111 245
111 247
112 15
112 17
112 29
112 34
112 70
112 102
112 113
112 122
112 146
112 154
112 155
112 165
112 174
112 229
113 14
113 20
113 22
113 35
113 111
113 138
113 143
113 178
113 182
113 188
113 236
114 10
114 20
114 41
114 149
114 150
114 151
114 156
114 157
114 185
114 206
114 238
114 241
114 243
115 1
115 24
115 38
115 44
115 58
115 71
115 96
115 98
115 102
115 110
115 113
115 146
115 152
115 155
115 163
115 165
115 169
115 173
115 193
115 213
115 221
115 241
115 243
116 9
116 11
116 14
116 32
116 59
116 65
116 87
116 127
116 160
116 187
116 200
116 206
116 209
116 236
117 6
117 32
117 33
117 42
117 53
117 62
117 80
117 116
117 123
117 172
117 179
117 183
117 185
117 188
117 214
117 232
117 235
118 11
118 24
118 64
118 65
118 69
118 70
118 83
118 91
118 111
118 122
118 142
118 150
118 155
118 160
118 164
118 165
118 177
118 181
118 201
118 214
118 222
118 242
118 248
119 0
119 6
119 10
119 16
119 18
119 26
119 38
119 43
119 63
119 71
119 73
119 87
119 107
119 115
119 144
119 152
119 158
119 167
119 170
119 177
119 183
119 213
119 221
119 223
120 11
120 40
120 59
120 65
120 66
120 85
120 103
120 118
120 123
120 131
120 134
120 137
120 140
120 204
120 232
120 241
120 242
120 247
121 3
121 5
121 23
121 28
121 50
121 73
121 77
121 82
121 101
121 185
121 187
121 188
121 196
121 203
121 231
121 243
121 246
121 249
122 22
122 23
122 25
122 26
122 27
122 29
122 58
122 76
122 87
122 99
122 131
122 154
122 209
122 211
122 212
122 218
122 219
123 10
123 19
123 24
123 26
123 58
123 59
123 77
123 81
123 85
123 92
123 95
123 102
123 126
123 151
123 173
123 176
123 191
123 205
123 213
123 230
123 242
123 244
123 248
124 10
124 14
124 20
124 25
124 35
124 49
124 56
124 57
124 65
124 81
124 85
124 93
124 105
124 137
124 138
124 163
124 165
124 185
124 198
124 218
124 228
124 243
125 19
125 42
125 53
125 56
125 80
125 82
125 86
125 92
125 112
125 132
125 140
125 154
125 195
125 202
125 213
125 223
125 229
125 242
126 2
126 23
126 33
126 36
126 61
126 64
126 75
126 83
126 96
126 101
126 130
126 137
126 164
126 195
126 204
126 224
127 5
127 24
127 49
127 63
127 68
127 89
127 97
127 105
127 122
127 124
127 140
127 142
127 146
127 176
127 191
127 204
127 213
127 219
127 221
127 225
127 239
127 242
127 243
127 244
127 245
128 47
128 59
128 85
128 92
128 107
128 117
128 136
128 144
128 149
128 150
128 171
128 174
128 183
128 185
128 190
128 196
128 220
128 242
128 249
129 0
129 28
129 37
129 46
129 75
129 100
129 128
129 141
129 147
129 154
129 160
129 204
129 221
129 226
129 233
129 244
129 245
130 3
130 4
130 6
130 51
130 73
130 84
130 86
130 97
130 135
130 144
130 163
130 185
130 199
130 211
130 244
130 246
131 0
131 24
131 47
131 49
131 52
131 96
131 103
131 110
131 166
131 173
131 194
131 223
131 242
131 245
132 0
132 2
132 24
132 43
132 70
132 77
132 98
132 113
132 131
132 171
132 206
132 231
132 246
133 20
133 34
133 40
133 44
133 52
133 58
133 61
133 86
133 92
133 96
133 103
133 136
133 138
133 146
133 151
133 177
133 193
133 211
133 213
133 229
133 235
133 239
133 247
133 248
134 9
134 54
134 57
134 62
134 69
134 71
134 90
134 94
134 99
134 104
134 121
134 123
134 145
134 200
134 201
134 209
134 217
135 3
135 5
135 14
135 19
135 20
135 34
135 43
135 72
135 73
135 89
135 92
135 114
135 125
135 182
135 212
135 213
135 224
135 225
135 233
136 0
136 5
136 26
136 27
136 35
136 49
136 62
136 76
136 104
136 109
136 125
136 133
136 135
136 149
136 158
136 194
136 197
136 202
136 217
136 219
136 229
136 238
137 4
137 22
137 28
137 37
137 38
137 73
137 75
137 81
137 102
137 108
137 113
137 143
137 176
137 178
137 182
137 188
137 189
137 190
137 195
137 211
137 226
137 229
137 233
137 237
138 16
138 21
138 33
138 61
138 62
138 73
138 79
138 86
138 90
138 100
138 103
138 118
138 131
138 143
138 146
138 168
138 191
138 221
139 13
139 58
139 71
139 93
139 128
139 130
139 147
139 165
139 169
139 183
139 199
139 214
139 225
139 233
140 8
140 28
140 34
140 41
140 71
140 72
140 76
140 82
140 105
140 109
140 121
140 129
140 141
140 147
140 170
140 171
140 189
140 190
140 207
140 235
140 246
140 248
140 249
141 9
141 10
141 13
141 25
141 58
141 94
141 143
141 146
141 162
141 164
141 173
141 183
141 187
141 188
141 198
141 200
141 215
141 223
141 224
141 226
141 233
141 234
141 236
141 237
141 243
141 246
142 4
142 5
142 7
142 13
142 36
142 54
142 71
142 80
142 83
142 91
142 92
142 96
142 112
142 160
142 165
142 173
142 184
142 196
142 206
142 216
143 1
143 2
143 5
143 26
143 43
143 57
143 95
143 99
143 110
143 125
143 127
143 141
143 153
143 154
143 158
143 171
143 236
143 239
143 245
144 11
144 43
144 51
144 56
144 64
144 65
144 67
144 70
144 78
144 80
144 90
144 103
144 119
144 136
144 143
144 152
144 158
144 205
144 214
144 238
144 241
144 242
145 15
145 66
145 78
145 109
145 124
145 165
145 178
145 193
145 195
145 197
145 224
145 225
145 229
145 236
145 239
145 241
146 6
146 53
146 54
146 57
146 64
146 74
146 75
146 90
146 99
146 100
146 101
146 107
146 117
146 129
146 144
146 181
146 218
146 221
146 222
146 238
146 245
146 247
147 1
147 12
147 13
147 28
147 31
147 39
147 61
147 78
147 100
147 126
147 132
147 163
147 164
147 187
147 197
147 204
147 209
147 214
147 217
147 235
148 7
148 16
148 17
148 38
148 52
148 58
148 64
148 69
148 76
148 80
148 93
148 104
148 105
148 114
148 120
148 121
148 126
148 127
148 153
148 192
148 199
148 222
148 237
148 243
149 3
149 9
149 52
149 69
149 87
149 89
149 91
149 97
149 106
149 132
149 163
149 180
149 182
149 190
149 215
149 230
149 245
149 247
150 6
150 8
150 29
150 45
150 62
150 69
150 85
150 87
150 152
150 168
150 173
150 174
150 184
150 186
150 187
150 192
150 199
150 206
151 8
151 30
151 45
151 63
151 71
151 107
151 130
151 137
151 144
151 171
151 177
151 187
151 205
151 207
151 240
152 10
152 13
152 16
152 22
152 30
152 42
152 43
152 44
152 48
152 61
152 86
152 90
152 101
152 104
152 117
152 120
152 130
152 133
152 145
152 147
152 176
152 183
152 184
152 216
152 228
152 237
153 8
153 22
153 67
153 86
153 103
153 123
153 137
153 171
153 181
153 212
153 218
153 222
153 224
153 225
153 234
153 242
154 7
154 9
154 12
154 29
154 36
154 45
154 72
154 85
154 86
154 138
154 144
154 201
154 215
154 224
154 229
154 233
154 248
155 4
155 6
155 15
155 21
155 26
155 38
155 41
155 67
155 76
155 85
155 115
155 116
155 117
155 134
155 136
155 147
155 161
155 165
155 169
155 172
155 185
155 189
155 199
155 201
155 206
155 220
155 231
155 235
155 240
155 248
156 11
156 21
156 35
156 37
156 44
156 49
156 71
156 85
156 97
156 117
156 123
156 126
156 159
156 166
156 173
156 177
156 178
156 179
156 184
156 218
156 223
156 224
156 239
157 32
157 39
157 56
157 57
157 79
157 89
157 90
157 92
157 120
157 140
157 145
157 148
157 222
157 223
157 239
157 240
158 2
158 11
158 15
158 18
158 21
158 22
158 26
158 37
158 59
158 70
158 78
158 91
158 101
158 108
158 112
158 133
158 167
158 173
158 192
158 200
158 212
158 213
158 240
159 0
159 4
159 6
159 19
159 33
159 43
159 44
159 54
159 55
159 74
159 103
159 110
159 120
159 123
159 127
159 133
159 137
159 154
159 161
159 164
159 183
159 207
159 227
159 232
159 237
159 249
160 13
160 18
160 19
160 28
160 34
160 42
160 96
160 97
160 102
160 110
160 123
160 137
160 165
160 174
160 179
160 209
160 217
161 17
161 28
161 42
161 44
161 54
161 59
161 92
161 103
161 104
161 116
161 146
161 152
161 165
161 166
161 168
161 196
161 246
162 10
162 15
162 21
162 24
162 35
162 44
162 101
162 107
162 110
162 132
162 133
162 138
162 164
162 170
162 181
162 190
162 203
162 228
163 34
163 37
163 49
163 59
163 71
163 72
163 77
163 79
163 85
163 134
163 142
163 149
163 154
163 159
163 162
163 164
163 173
163 193
163 198
163 201
163 238
163 247
164 3
164 7
164 11
164 12
164 31
164 34
164 36
164 43
164 50
164 63
164 64
164 82
164 84
164 90
164 104
164 117
164 132
164 138
164 142
164 147
164 149
164 155
164 188
164 198
164 218
164 221
164 228
164 232
164 244
165 8
165 40
165 51
165 74
165 81
165 91
165 94
165 140
165 144
165 145
165 158
165 159
165 170
165 201
165 203
165 221
166 0
166 1
166 2
166 20
166 31
166 35
166 36
166 38
166 48
166 57
166 80
166 94
166 119
166 120
166 131
166 163
166 179
166 180
166 197
166 211
166 224
167 5
167 15
167 19
167 21
167 37
167 46
167 62
167 67
167 80
167 119
167 125
167 152
167 162
167 171
167 191
167 198
167 205
167 211
167 226
167 231
168 21
168 22
168 32
168 37
168 48
168 55
168 60
168 70
168 86
168 103
168 117
168 119
168 125
168 127
168 135
168 158
168 164
168 169
168 230
168 243
168 247
168 248
169 1
169 41
169 55
169 61
169 78
169 88
169 96
169 114
169 141
169 142
169 151
169 181
169 202
169 217
169 231
169 233
169 236
170 15
170 26
170 36
170 40
170 45
170 49
170 60
170 65
170 95
170 100
170 122
170 124
170 135
170 148
170 153
170 159
170 160
170 205
170 207
170 212
170 226
171 1
171 8
171 9
171 36
171 49
171 55
171 62
171 63
171 97
171 119
171 141
171 143
171 153
171 165
171 191
171 198
171 246
172 8
172 30
172 53
172 102
172 116
172 120
172 131
172 141
172 151
172 163
172 174
172 191
172 208
172 225
173 8
173 22
173 71
173 80
173 106
173 121
173 145
173 159
173 190
173 224
173 229
173 235
174 10
174 19
174 33
174 40
174 50
174 52
174 55
174 76
174 87
174 90
174 97
174 106
174 127
174 143
174 178
174 180
174 215
174 220
174 221
175 1
175 14
175 15
175 42
175 47
175 61
175 70
175 113
175 117
175 164
175 181
175 203
175 211
175 218
176 9
176 10
176 35
176 36
176 39
176 46
176 61
176 63
176 65
176 78
176 84
176 96
176 112
176 113
176 118
176 121
176 134
176 144
176 173
176 184
176 197
176 208
176 210
176 211
176 233
176 236
176 240
176 245
177 22
177 54
177 61
177 64
177 85
177 96
177 132
177 153
177 190
177 228
177 229
177 237
178 0
178 9
178 28
178 30
178 72
178 73
178 79
178 86
178 101
178 151
178 158
178 168
178 172
178 194
178 200
178 201
178 249
179 4
179 16
179 22
179 27
179 34
179 38
179 49
179 50
179 54
179 64
179 66
179 74
179 76
179 85
179 99
179 104
179 108
179 112
179 133
179 154
179 167
179 189
179 197
179 204
179 206
179 215
180 1
180 3
180 18
180 47
180 57
180 67
180 71
180 102
180 103
180 127
180 144
180 146
180 151
180 162
180 194
180 206
180 214
180 221
180 223
180 230
180 245
180 247
181 1
181 5
181 23
181 38
181 44
181 56
181 57
181 62
181 68
181 111
181 127
181 148
181 150
181 152
181 158
181 161
181 184
181 208
181 209
181 223
181 225
181 229
182 15
182 16
182 25
182 33
182 41
182 43
182 49
182 55
182 81
182 96
182 107
182 110
182 111
182 130
182 134
182 141
182 147
182 176
182 181
182 187
182 203
182 211
182 223
182 230
182 236
183 2
183 11
183 17
183 22
183 39
183 53
183 82
183 96
183 100
183 113
183 134
183 177
183 188
183 190
183 233
183 246
184 7
184 14
184 16
184 21
184 27
184 84
184 105
184 109
184 113
184 115
184 120
184 134
184 152
184 164
184 170
184 182
184 186
184 200
184 201
184 203
184 234
184 238
185 0
185 12
185 37
185 52
185 81
185 83
185 107
185 117
185 120
185 155
185 160
185 173
185 174
185 176
185 180
185 211
185 242
185 244
185 247
185 249
186 0
186 29
186 44
186 54
186 57
186 64
186 70
186 77
186 140
186 153
186 160
186 163
186 167
186 169
186 170
186 171
186 192
186 198
186 199
186 202
186 213
186 226
187 3
187 35
187 54
187 59
187 63
187 70
187 79
187 81
187 92
187 96
187 116
187 142
187 165
187 176
187 193
187 209
187 225
187 226
187 230
188 17
188 30
188 40
188 67
188 75
188 92
188 95
188 97
188 106
188 112
188 131
188 133
188 145
188 186
188 192
188 220
188 227
189 2
189 6
189 14
189 35
189 71
189 95
189 102
189 120
189 124
189 139
189 155
189 158
189 183
189 223
189 233
190 7
190 8
190 22
190 58
190 76
190 78
190 81
190 93
190 135
190 147
190 185
190 194
190 195
190 220
190 230
190 236
191 2
191 4
191 13
191 36
191 41
191 66
191 70
191 73
191 74
191 87
191 106
191 107
191 110
191 111
191 117
191 127
191 129
191 172
191 183
191 244
192 5
192 23
192 41
192 71
192 84
192 88
192 126
192 140
192 145
192 161
192 166
192 190
192 199
192 219
192 246
193 74
193 81
193 86
193 89
193 110
193 121
193 148
193 166
193 196
193 222
193 234
194 3
194 20
194 23
194 43
194 59
194 99
194 116
194 130
194 137
194 155
194 173
194 178
194 191
194 196
194 208
194 218
194 221
194 229
194 231
194 232
194 236
194 237
195 12
195 15
195 16
195 22
195 74
195 83
195 101
195 121
195 131
195 141
195 142
195 146
195 157
195 163
195 167
195 174
195 213
195 214
195 234
195 241
196 10
196 12
196 19
196 24
196 64
196 79
196 85
196 104
196 116
196 140
196 144
196 149
196 161
196 163
196 178
196 223
197 0
197 1
197 30
197 44
197 101
197 111
197 118
197 132
197 141
197 144
197 145
197 146
197 160
197 165
197 189
197 199
197 215
197 217
197 224
197 244
198 5
198 32
198 33
198 57
198 61
198 64
198 73
198 80
198 93
198 105
198 112
198 122
198 123
198 126
198 127
198 133
198 139
198 147
198 163
198 193
198 211
198 230
199 27
199 35
199 40
199 50
199 78
199 84
199 88
199 112
199 118
199 136
199 154
199 174
199 188
199 197
199 212
199 213
199 219
199 225
199 241
200 26
200 33
200 34
200 50
200 67
200 87
200 112
200 113
200 133
200 170
200 179
200 188
200 189
200 197
200 198
200 211
200 224
200 232
201 9
201 10
201 22
201 24
201 35
201 42
201 78
201 94
201 104
201 109
201 110
201 113
201 114
201 115
201 131
201 152
201 166
201 167
201 176
201 194
201 202
201 233
202 24
202 45
202 48
202 54
202 56
202 62
202 69
202 73
202 92
202 115
202 149
202 156
202 171
202 176
202 178
202 179
202 205
202 219
203 13
203 20
203 91
203 104
203 111
203 118
203 125
203 133
203 163
203 199
203 201
203 206
203 220
204 4
204 12
204 17
204 19
204 53
204 55
204 56
204 95
204 128
204 162
204 172
204 174
204 185
204 206
204 228
205 11
205 14
205 42
205 61
205 62
205 74
205 80
205 115
205 120
205 132
205 134
205 145
205 154
205 169
205 177
205 194
205 200
205 201
205 208
205 230
205 231
205 233
205 245
206 35
206 42
206 45
206 58
206 60
206 72
206 96
206 97
206 113
206 130
206 136
206 145
206 147
206 170
206 223
206 227
206 232
206 248
206 249
207 0
207 29
207 55
207 60
207 108
207 114
207 116
207 118
207 122
207 128
207 129
207 138
207 153
207 185
207 215
207 218
207 237
208 42
208 53
208 54
208 63
208 69
208 78
208 82
208 87
208 90
208 93
208 126
208 129
208 140
208 141
208 147
208 151
208 170
208 172
208 176
208 184
208 224
209 4
209 9
209 10
209 31
209 38
209 53
209 59
209 73
209 103
209 106
209 108
209 133
209 135
209 144
209 145
209 147
209 151
209 160
209 170
209 196
209 219
209 226
209 229
209 233
209 241
209 242
209 248
210 0
210 4
210 29
210 31
210 40
210 49
210 53
210 57
210 66
210 83
210 84
210 85
210 86
210 91
210 93
210 98
210 125
210 130
210 140
210 147
210 159
210 163
210 176
210 177
210 193
210 209
210 226
210 230
210 233
210 245
211 1
211 6
211 14
211 61
211 76
211 112
211 143
211 170
211 172
211 199
211 200
211 218
211 219
211 225
211 234
211 236
211 237
211 249
212 41
212 70
212 71
212 85
212 129
212 130
212 141
212 143
212 147
212 173
212 220
213 14
213 39
213 43
213 97
213 105
213 126
213 154
213 163
213 164
213 179
213 196
213 202
213 207
213 216
213 217
213 219
213 239
213 246
214 4
214 12
214 14
214 17
214 83
214 86
214 87
214 88
214 89
214 91
214 99
214 100
214 112
214 158
214 185
214 191
214 205
214 208
214 230
214 233
214 238
215 10
215 25
215 43
215 44
215 48
215 49
215 51
215 56
215 87
215 90
215 92
215 102
215 123
215 134
215 135
215 139
215 155
215 158
215 175
215 189
215 192
215 222
216 1
216 26
216 41
216 50
216 57
216 103
216 113
216 139
216 148
216 194
216 197
216 203
216 228
216 240
217 3
217 7
217 9
217 11
217 22
217 28
217 31
217 48
217 49
217 111
217 118
217 161
217 187
217 189
217 201
218 13
218 14
218 17
218 18
218 31
218 45
218 53
218 77
218 78
218 100
218 129
218 133
218 137
218 138
218 141
218 161
218 174
218 181
218 211
218 213
218 217
219 42
219 51
219 55
219 61
219 63
219 65
219 110
219 111
219 118
219 120
219 123
219 139
219 144
219 154
219 165
219 187
219 207
219 215
219 225
219 232
219 243
219 246
219 247
220 25
220 31
220 36
220 46
220 66
220 68
220 75
220 85
220 97
220 125
220 132
220 133
220 155
220 159
220 169
220 187
220 196
220 212
220 219
220 226
220 243
220 245
220 246
221 12
221 20
221 23
221 27
221 67
221 90
221 97
221 122
221 135
221 142
221 168
221 187
221 188
221 205
221 209
221 211
221 241
221 248
222 1
222 12
222 31
222 43
222 78
222 79
222 81
222 84
222 123
222 125
222 136
222 145
222 179
222 185
222 210
222 233
222 240
222 248
223 16
223 23
223 29
223 63
223 72
223 83
223 128
223 142
223 178
223 217
223 226
224 12
224 15
224 48
224 53
224 73
224 76
224 102
224 105
224 121
224 122
224 123
224 149
224 153
224 175
224 186
224 197
224 203
224 226
224 227
225 25
225 35
225 50
225 54
225 57
225 72
225 94
225 96
225 103
225 112
225 116
225 128
225 156
225 184
225 191
225 209
225 210
225 230
225 239
226 1
226 15
226 35
226 45
226 47
226 48
226 66
226 75
226 87
226 114
226 131
226 133
226 139
226 178
226 183
226 184
226 222
226 225
226 230
227 5
227 19
227 32
227 39
227 48
227 63
227 69
227 78
227 82
227 106
227 110
227 127
227 135
227 137
227 150
227 162
227 184
227 199
227 214
227 222
227 228
227 230
227 236
228 41
228 45
228 52
228 58
228 59
228 68
228 70
228 77
228 97
228 99
228 112
228 136
228 143
228 145
228 149
228 159
228 161
228 162
228 164
228 187
228 190
228 216
228 225
228 229
228 236
228 237
228 238
228 246
229 14
229 26
229 44
229 47
229 70
229 74
229 83
229 92
229 104
229 107
229 111
229 126
229 220
229 221
229 230
229 233
229 240
229 241
230 12
230 14
230 29
230 30
230 41
230 49
230 53
230 62
230 67
230 70
230 123
230 128
230 149
230 153
230 167
230 211
230 214
230 226
230 231
231 19
231 20
231 23
231 34
231 38
231 39
231 53
231 75
231 76
231 95
231 98
231 106
231 119
231 125
231 127
231 140
231 155
231 181
231 184
231 211
231 212
231 245
232 10
232 15
232 20
232 25
232 34
232 42
232 47
232 51
232 96
232 132
232 170
232 172
232 182
232 205
232 223
233 4
233 8
233 16
233 17
233 31
233 68
233 84
233 85
233 87
233 100
233 113
233 118
233 120
233 130
233 146
233 156
233 168
233 178
233 194
233 202
233 208
233 220
234 1
234 6
234 18
234 22
234 52
234 95
234 115
234 142
234 154
234 166
234 167
234 176
234 177
234 180
234 236
234 238
234 239
234 248
235 6
235 13
235 21
235 27
235 38
235 39
235 53
235 125
235 126
235 186
235 199
235 203
236 37
236 40
236 43
236 45
236 52
236 59
236 63
236 68
236 77
236 82
236 86
236 91
236 101
236 113
236 118
236 126
236 146
236 155
236 198
236 205
236 208
236 209
236 216
236 224
236 234
236 237
236 245
237 65
237 121
237 134
237 135
237 139
237 151
237 155
237 168
237 170
237 198
237 202
237 212
237 233
237 239
237 247
238 0
238 1
238 38
238 41
238 54
238 56
238 61
238 73
238 86
238 99
238 108
238 129
238 136
238 139
238 141
238 151
238 158
238 166
238 171
238 179
238 186
238 193
238 204
238 244
239 2
239 3
239 6
239 40
239 60
239 82
239 89
239 103
239 165
239 194
239 210
239 215
239 230
239 236
239 243
240 13
240 18
240 24
240 60
240 80
240 127
240 128
240 147
240 161
240 178
240 182
240 184
240 201
240 211
240 218
241 13
241 15
241 18
241 33
241 46
241 67
241 68
241 86
241 87
241 96
241 102
241 103
241 105
241 107
241 108
241 115
241 132
241 152
241 154
241 156
241 158
241 168
241 187
241 189
241 197
241 209
241 219
241 222
241 226
241 243
242 18
242 31
242 34
242 35
242 63
242 66
242 73
242 74
242 80
242 86
242 96
242 104
242 140
242 148
242 153
242 162
242 209
242 210
242 218
242 249
243 5
243 9
243 21
243 33
243 35
243 42
243 48
243 68
243 75
243 85
243 97
243 100
243 120
243 135
243 136
243 152
243 202
243 212
243 221
243 233
243 242
243 244
243 249
244 17
244 34
244 52
244 54
244 60
244 71
244 79
244 82
244 103
244 115
244 121
244 140
244 145
244 146
244 151
244 171
244 178
244 183
244 191
244 209
244 216
244 217
244 220
244 243
245 13
245 53
245 83
245 89
245 120
245 126
245 166
245 175
245 179
245 193
245 220
245 222
245 226
245 231
245 236
245 238
245 249
246 15
246 32
246 75
246 84
246 90
246 98
246 115
246 116
246 137
246 138
246 149
246 156
246 159
246 168
246 210
246 221
246 223
246 235
247 46
247 63
247 75
247 114
247 116
247 139
247 151
247 175
247 187
247 207
247 208
247 217
247 226
247 228
247 245
248 8
248 12
248 40
248 47
248 75
248 96
248 112
248 113
248 115
248 154
248 155
248 157
248 164
248 165
248 173
248 185
248 188
248 189
248 192
248 202
248 205
248 206
248 226
249 9
249 32
249 37
249 71
249 73
249 75
249 89
249 91
249 105
249 115
249 121
249 133
249 186
249 187
249 188
249 189
249 192
249 202
249 222
249 227
249 240
249 242
249 243
249 246
