500 2500
0 271
0 357
0 452
1 15
1 145
1 244
1 332
1 374
2 67
2 246
2 393
4 40
4 118
4 266
4 306
5 218
5 260
5 292
5 427
6 51
6 85
6 214
6 365
7 3
7 67
7 130
7 143
7 173
7 451
8 51
8 88
8 208
9 69
9 210
10 135
10 185
10 225
10 331
10 396
11 32
11 46
11 116
11 131
11 145
11 173
11 208
12 237
13 32
13 47
13 102
13 192
13 246
13 296
13 376
13 383
13 499
14 37
14 144
14 228
14 317
14 338
14 399
14 420
14 428
14 439
15 49
15 84
15 194
15 237
16 85
16 99
16 162
16 165
16 173
16 235
16 248
16 406
17 68
17 109
17 142
17 221
17 269
17 315
17 369
18 190
18 276
18 325
18 354
18 393
18 404
18 470
18 480
19 82
19 93
19 132
19 272
19 324
19 340
19 453
19 475
20 15
20 30
20 68
20 125
20 229
20 340
20 352
20 359
20 479
21 210
21 220
21 230
21 302
21 418
21 435
22 104
22 240
22 286
22 376
22 405
23 180
23 341
23 398
23 436
23 441
23 480
24 50
24 124
24 130
24 143
24 191
24 269
24 280
24 319
24 459
25 21
25 85
25 99
25 111
25 156
25 228
25 366
25 429
26 87
26 253
26 271
26 352
26 406
26 493
27 408
28 5
28 71
28 236
28 244
28 316
28 325
28 369
28 410
29 165
29 167
29 206
29 426
29 484
30 95
30 253
30 314
30 316
31 26
31 63
31 105
31 125
31 474
32 9
32 59
32 111
32 157
32 163
32 175
32 304
33 193
33 268
33 297
33 350
33 421
34 83
34 209
34 246
34 300
34 406
34 438
34 469
35 19
35 85
35 226
35 242
35 344
35 470
36 68
36 96
36 252
36 303
36 338
36 395
37 82
37 268
37 311
38 90
38 210
38 217
38 425
39 132
39 155
39 389
39 480
40 169
40 179
40 202
40 397
40 404
40 472
41 0
41 77
41 119
41 176
41 208
41 245
41 328
41 416
41 498
42 78
42 187
42 332
42 412
42 476
43 5
43 32
43 163
43 210
43 258
43 277
43 494
44 36
44 80
44 196
44 480
45 0
45 56
45 77
45 160
45 198
45 203
45 301
45 319
45 353
45 354
45 373
45 377
45 407
45 439
45 454
46 31
46 107
46 139
46 162
46 185
46 250
46 376
47 19
47 85
47 130
47 179
47 255
47 361
48 45
48 59
48 124
48 194
48 225
48 323
48 358
48 480
49 60
49 125
49 138
49 175
49 280
49 287
50 168
50 355
50 423
50 445
51 84
51 134
51 184
51 295
52 308
53 140
53 417
53 464
54 51
54 157
54 194
54 395
54 436
54 437
55 57
55 64
55 75
55 98
55 190
55 214
55 288
55 373
55 418
56 51
56 170
56 191
56 227
56 412
57 137
57 389
57 457
58 101
58 390
58 434
59 138
59 149
59 176
59 282
59 381
59 480
60 22
60 91
60 150
61 5
61 115
61 158
61 197
61 215
61 377
61 424
62 21
62 96
62 158
62 282
62 374
62 474
63 123
63 245
63 366
63 377
64 112
64 129
64 164
64 236
64 251
65 85
65 207
65 222
66 44
66 57
66 65
66 99
66 295
66 402
67 14
67 65
67 99
67 189
67 224
67 407
67 429
67 460
67 471
68 62
68 155
68 398
69 36
69 150
69 221
70 173
70 480
71 14
71 53
71 137
71 222
72 18
72 25
72 84
72 92
72 122
72 144
72 273
72 334
72 460
73 187
73 390
73 404
74 123
74 376
74 460
74 485
75 8
75 46
75 52
75 99
75 159
75 239
75 430
75 456
76 47
76 212
76 353
77 52
77 292
77 389
77 485
77 496
78 13
78 20
78 58
78 113
78 130
78 207
78 215
78 303
79 16
79 65
79 276
79 323
79 398
79 400
79 447
79 474
80 5
80 47
80 266
80 349
80 376
80 412
81 111
81 173
81 187
81 192
81 273
81 438
82 44
82 152
82 177
82 220
82 279
82 292
82 357
83 266
83 459
84 492
85 263
85 300
85 325
85 354
85 369
85 414
86 23
86 232
86 274
86 384
86 494
87 51
87 161
87 280
87 438
88 132
88 162
88 383
88 425
89 6
89 41
89 84
89 470
90 6
90 15
90 253
91 96
91 135
91 183
91 462
92 94
92 126
92 249
93 72
93 287
93 333
93 335
93 468
94 3
94 135
94 253
94 377
95 112
95 126
95 209
95 249
95 278
95 321
96 19
96 85
96 351
96 435
96 438
96 445
96 449
97 22
97 42
97 84
97 127
97 181
97 356
98 91
98 108
98 174
98 199
98 254
98 263
98 350
98 448
98 494
99 4
99 190
99 196
99 218
99 245
99 277
99 490
100 81
100 125
100 315
101 49
101 85
101 123
101 146
101 205
101 210
101 223
101 294
101 409
101 487
102 56
102 64
102 79
102 170
102 208
102 222
102 273
102 378
103 74
103 104
103 239
103 347
103 383
104 215
104 321
104 346
104 438
104 487
105 36
105 55
105 153
105 214
105 471
106 30
106 46
106 105
106 156
106 190
106 192
106 294
106 496
107 50
107 121
107 169
107 193
108 48
108 79
108 170
108 191
108 238
108 264
108 298
108 310
108 372
108 444
109 24
109 70
109 71
109 81
109 158
109 195
109 349
109 387
110 94
110 189
110 271
111 4
111 30
111 32
111 495
112 29
112 122
113 285
113 393
113 428
114 151
115 24
115 71
115 165
115 193
115 213
115 221
115 348
116 9
116 87
116 127
116 450
116 459
117 6
117 435
118 11
118 65
118 160
118 164
118 177
118 314
118 472
119 10
119 170
119 177
119 256
119 293
119 402
119 473
120 40
120 123
120 131
120 232
120 242
120 316
120 335
120 387
121 73
121 437
121 453
121 496
123 59
123 92
123 151
123 244
123 331
123 441
124 14
124 35
124 163
124 165
124 185
124 243
124 299
124 315
125 19
125 92
125 112
125 303
125 306
126 474
127 441
127 469
127 475
127 492
128 149
128 174
128 185
128 342
128 424
128 440
128 470
129 278
130 3
130 246
130 254
130 385
131 49
131 103
132 231
132 293
132 456
133 103
133 247
133 294
133 302
133 311
133 489
134 54
134 69
134 145
134 209
134 371
135 14
135 92
135 212
135 253
135 375
135 432
136 27
136 149
136 250
136 285
136 326
136 467
136 479
137 195
137 211
137 272
137 358
137 426
139 128
139 415
140 170
140 171
140 235
140 439
140 440
140 457
141 58
141 188
141 200
141 275
141 473
141 476
142 5
142 7
142 112
142 333
142 346
143 2
143 377
143 403
143 495
144 78
144 90
144 136
144 340
144 353
144 393
145 78
145 109
145 236
145 241
145 265
145 374
145 447
146 75
146 221
147 132
147 187
147 235
147 289
147 350
147 382
148 120
148 127
148 153
148 243
148 257
148 288
149 9
149 69
149 399
150 62
150 87
150 184
150 187
150 335
151 107
151 258
151 280
151 421
151 427
151 437
152 42
152 117
152 260
152 298
152 340
152 370
152 478
153 8
153 103
153 218
153 234
153 431
154 138
154 215
154 229
154 336
154 483
155 21
155 115
155 116
155 117
155 134
155 231
156 35
156 117
156 223
156 294
156 299
156 489
157 57
157 90
157 223
157 398
158 37
158 108
158 112
159 127
159 133
159 404
159 499
160 19
160 34
160 174
160 268
160 292
160 459
160 467
161 28
161 116
162 44
162 110
162 132
162 265
162 271
162 420
162 453
163 59
163 159
163 284
163 287
163 322
163 399
164 82
164 90
164 132
164 147
164 218
164 281
164 286
164 300
164 367
164 494
165 145
165 409
165 471
166 57
166 281
166 369
166 381
166 429
166 474
167 67
167 198
167 369
168 336
168 377
169 142
169 328
169 431
169 452
170 15
170 95
170 135
170 265
170 455
170 462
171 1
171 49
171 246
171 259
171 347
172 191
172 370
173 8
173 80
173 106
173 145
173 409
174 10
174 143
174 305
174 340
174 356
175 42
175 70
175 218
176 35
176 36
176 113
176 134
176 210
176 233
176 328
177 304
177 440
178 28
178 72
178 79
178 336
179 34
179 112
179 167
179 215
179 304
180 127
180 247
181 62
181 68
181 148
181 150
181 208
181 223
181 225
181 377
181 459
182 81
182 111
182 130
182 384
182 397
182 426
183 96
183 134
183 438
184 234
184 238
184 355
184 436
184 450
185 83
185 117
185 423
185 424
186 57
186 163
186 167
186 198
186 250
186 442
186 463
186 476
187 54
187 226
187 366
187 426
188 67
188 95
188 227
188 342
188 347
188 383
188 436
189 35
189 95
189 139
189 233
190 22
190 81
190 135
190 147
190 230
190 236
190 328
190 343
190 440
191 172
191 254
191 263
191 316
191 357
191 494
192 23
192 126
192 199
192 321
192 390
192 440
192 469
192 496
193 74
193 371
194 20
194 43
194 191
194 218
194 253
194 366
194 380
194 405
194 446
194 486
195 16
195 74
195 83
195 407
195 464
196 116
196 399
196 428
197 132
197 146
197 189
197 251
197 465
198 80
198 211
198 323
198 343
198 480
199 27
199 174
199 212
199 213
199 241
199 328
199 334
199 475
200 87
200 198
200 300
200 383
200 420
200 439
200 461
201 104
201 194
201 365
202 45
202 115
202 171
202 179
202 306
202 342
203 111
203 133
203 375
204 95
204 228
204 454
205 132
205 169
205 177
205 200
205 451
206 60
206 97
206 136
206 308
206 380
206 420
206 482
206 498
207 55
207 114
207 116
207 122
207 378
207 388
207 468
208 147
208 292
208 376
208 401
209 145
209 170
209 254
209 259
209 383
210 86
210 91
210 226
210 316
210 348
210 390
210 426
210 427
210 483
211 225
211 311
211 422
211 461
211 487
212 147
212 291
212 470
213 264
213 293
213 446
213 466
214 4
214 14
214 89
214 99
214 208
214 267
214 337
214 362
214 408
214 483
215 43
215 135
215 175
215 222
215 439
215 442
216 194
216 197
216 228
216 240
216 251
216 300
216 363
216 398
216 453
217 9
217 28
217 189
217 261
218 13
218 17
218 18
218 77
218 161
218 264
218 461
218 463
219 42
219 111
219 154
219 246
219 373
219 389
219 465
219 493
220 66
220 68
220 159
220 169
220 296
221 67
221 248
221 347
222 43
222 483
223 16
223 226
223 279
224 197
224 226
224 262
225 406
226 45
226 381
226 383
227 110
227 434
228 52
228 58
228 149
228 216
228 347
228 414
228 488
229 74
229 276
229 357
229 483
230 14
230 153
231 23
231 155
231 211
231 434
232 25
232 96
232 170
232 265
232 301
233 318
233 334
233 406
234 365
234 404
234 486
235 27
235 186
236 52
236 313
236 396
236 466
237 371
237 385
237 489
238 136
238 141
238 166
238 186
238 193
239 210
239 310
239 332
239 486
240 13
241 67
241 87
241 107
241 108
241 154
241 158
241 187
241 318
241 346
241 402
241 469
242 96
242 104
242 140
242 460
242 492
242 499
243 33
243 35
243 42
243 202
243 298
243 318
243 335
243 350
244 115
244 121
244 151
244 171
244 216
244 321
244 396
245 126
245 236
245 238
245 333
245 429
245 499
246 32
246 387
246 388
246 406
247 478
248 115
248 452
249 115
249 192
249 341
249 477
249 492
250 31
250 134
250 172
250 260
250 398
250 467
251 405
251 438
252 260
252 373
252 387
252 396
252 404
253 13
253 88
253 154
253 194
253 347
254 30
254 106
254 249
254 363
254 457
255 2
255 38
255 147
255 212
256 66
256 82
256 121
256 179
256 498
257 26
257 348
257 362
257 381
257 480
258 104
258 203
258 226
258 230
258 287
259 8
259 46
259 78
259 384
259 456
260 20
260 67
260 408
260 457
261 27
261 66
261 231
261 302
261 312
261 462
262 138
262 166
262 179
262 271
262 339
262 376
262 475
263 101
263 167
263 204
263 424
264 67
264 125
264 142
264 204
264 306
264 476
265 92
265 198
265 264
265 334
265 373
265 461
266 38
266 94
266 196
266 213
267 115
267 129
267 172
267 233
267 301
267 339
268 61
268 190
268 288
268 327
268 340
269 101
269 443
270 115
271 138
271 238
271 277
271 285
271 391
272 24
272 260
272 274
273 88
273 318
273 367
273 395
273 427
273 438
274 48
274 163
275 367
275 461
276 11
276 311
276 314
276 391
276 424
276 433
276 445
277 20
277 66
277 75
277 282
277 283
277 384
277 415
278 299
279 10
279 97
279 191
279 327
279 391
279 471
280 33
281 186
281 274
281 327
281 435
281 499
282 100
282 112
282 262
282 339
283 99
283 331
284 39
284 269
284 329
284 344
284 390
284 485
284 493
285 282
285 313
285 345
285 364
286 51
286 56
286 71
286 108
286 298
286 339
286 386
286 418
286 487
287 46
287 124
287 167
287 206
287 215
287 223
287 252
287 431
287 468
287 486
288 47
288 64
288 168
288 220
288 400
289 68
289 76
289 160
289 202
289 293
289 409
289 419
289 479
289 489
290 49
290 55
290 219
290 496
291 222
291 352
291 478
292 47
292 183
292 317
292 491
293 9
293 126
293 251
293 323
293 393
293 440
294 48
294 52
294 225
294 352
294 438
294 458
295 1
295 8
295 29
295 202
295 212
295 276
295 285
295 355
295 397
295 479
296 60
296 203
296 209
296 382
296 410
296 457
297 1
297 107
297 128
297 275
297 285
297 404
297 473
298 102
298 282
298 317
298 334
298 454
299 46
299 120
299 328
299 337
299 433
299 487
300 99
300 243
300 429
301 160
301 182
301 218
301 269
301 315
302 160
302 301
302 440
303 162
303 446
304 111
305 441
306 125
306 129
306 461
306 487
307 68
307 158
307 333
307 401
307 417
307 486
308 33
308 297
308 388
308 396
308 488
309 4
309 223
309 226
309 232
309 351
309 371
309 468
310 28
310 67
310 156
310 256
310 375
310 378
310 431
311 181
311 350
311 395
311 403
312 305
312 356
312 377
312 404
313 18
313 80
313 96
313 159
313 192
313 265
313 283
313 285
313 336
313 430
314 171
314 177
314 388
314 426
315 87
315 102
315 108
315 311
316 33
316 81
316 273
316 315
316 401
316 455
316 467
316 492
317 84
317 183
317 403
318 56
318 126
318 225
318 372
318 378
319 150
319 272
319 338
319 340
319 385
319 457
320 39
320 167
320 341
321 57
321 82
321 261
322 1
322 118
322 470
323 13
323 164
323 213
323 322
323 364
324 36
324 143
324 201
324 246
324 465
325 80
325 104
325 201
325 320
325 331
325 339
325 438
325 474
326 1
326 10
326 116
326 176
326 194
326 216
326 217
326 372
327 87
327 214
327 333
327 418
327 420
328 83
328 151
328 194
328 360
328 494
329 51
329 232
329 235
329 257
329 452
330 239
330 303
330 314
330 357
330 441
331 86
331 142
331 198
331 205
331 216
331 263
331 355
331 365
331 393
333 12
333 44
333 127
333 137
333 253
333 325
333 346
333 444
334 138
334 215
334 430
334 497
335 15
335 32
335 123
335 232
335 307
335 456
336 244
336 361
336 468
337 178
337 224
337 301
338 182
338 188
338 193
338 218
338 483
339 93
339 102
339 155
339 293
339 304
339 371
339 483
340 7
340 292
340 300
340 388
340 413
340 430
341 35
341 36
341 219
341 325
341 355
341 360
341 389
341 451
342 31
342 86
342 137
342 168
342 283
342 293
342 359
343 179
343 185
343 428
343 475
343 483
344 74
344 93
344 112
344 246
344 324
345 44
345 74
345 231
345 302
345 318
345 339
346 17
346 153
346 158
346 238
346 288
347 163
347 196
347 315
347 393
348 67
348 161
348 216
348 233
348 462
348 463
349 173
349 289
349 345
349 426
350 396
351 134
351 187
351 259
351 269
351 300
351 353
351 402
351 492
352 123
352 325
352 335
353 121
353 201
353 322
353 347
353 348
353 409
353 476
354 132
354 267
354 373
354 442
354 444
354 478
355 12
355 22
355 59
355 138
355 139
356 4
356 84
356 89
356 142
356 238
356 305
356 384
356 470
356 491
357 3
357 98
357 322
358 22
358 99
358 176
358 289
358 322
358 368
358 417
359 99
360 115
360 265
360 316
360 461
361 144
361 157
361 171
361 305
361 440
361 459
362 34
362 229
362 265
362 404
363 182
363 270
363 486
364 185
364 291
364 488
365 113
365 165
365 402
365 405
365 419
366 282
366 456
366 486
367 32
367 123
367 235
367 438
367 464
368 24
368 111
368 181
368 319
368 333
368 392
368 405
369 63
369 167
369 221
369 250
369 268
369 321
369 433
370 118
370 140
370 204
370 309
370 353
371 50
371 253
371 255
371 435
371 453
371 481
371 493
372 22
372 27
372 273
372 337
372 459
373 19
373 95
373 276
373 308
373 327
373 426
373 492
373 498
374 93
374 105
374 270
374 387
374 478
375 213
375 292
375 330
375 390
375 404
376 23
376 314
377 146
377 245
377 274
377 454
378 107
378 150
378 309
378 335
378 433
379 397
379 404
379 410
379 471
380 86
380 199
380 394
381 110
381 166
381 173
381 245
381 274
381 492
383 40
383 151
383 248
383 342
383 346
383 386
383 427
384 9
384 54
384 62
384 99
384 104
384 200
384 340
385 233
385 255
385 269
385 284
385 364
386 202
386 255
386 312
386 488
387 143
387 226
387 237
387 323
387 432
387 440
388 221
388 329
388 336
388 340
388 368
389 433
389 449
390 72
390 82
390 105
390 121
390 141
390 248
390 321
390 499
391 215
391 224
391 236
391 243
391 263
391 412
391 423
391 433
391 484
392 196
392 304
393 1
393 5
393 110
393 293
393 345
394 51
394 242
394 315
394 317
394 408
395 229
395 443
395 445
395 475
396 6
396 54
396 100
396 117
396 222
396 303
397 126
397 263
397 311
397 328
398 16
398 80
398 114
398 355
398 371
399 3
399 106
399 182
399 337
399 341
399 495
399 497
400 256
400 295
400 418
400 423
400 449
400 456
401 137
401 455
402 22
402 184
402 216
402 280
402 351
402 395
403 317
403 474
403 475
404 12
404 224
404 394
405 201
405 220
406 126
406 224
406 261
406 287
406 335
407 339
407 490
408 18
408 22
408 108
408 200
408 261
408 265
408 271
408 309
408 383
408 423
408 462
409 0
409 103
409 123
409 269
409 411
410 96
410 97
410 165
410 263
411 152
411 165
411 166
411 246
411 267
411 396
411 446
412 24
412 228
412 260
412 383
412 431
412 440
413 134
413 142
413 154
413 238
413 423
414 11
414 188
414 262
414 354
414 478
415 140
415 390
416 80
416 197
416 251
416 286
417 312
417 375
417 421
417 441
417 476
418 158
418 164
418 169
418 310
418 480
419 55
419 328
419 338
419 401
419 486
420 36
420 100
420 310
420 403
420 409
420 476
421 8
421 36
421 369
421 393
422 475
423 121
423 224
423 235
423 440
424 33
424 50
424 180
424 220
424 347
425 61
425 117
425 265
425 363
426 9
426 35
426 46
426 96
426 184
426 211
426 245
426 458
426 486
427 229
427 487
428 172
428 200
428 250
428 451
429 4
429 316
429 383
430 214
430 412
430 473
430 495
431 1
431 57
431 184
431 273
432 96
432 181
432 293
432 391
433 11
433 113
433 233
433 332
434 16
434 21
434 370
434 432
435 37
435 52
435 81
435 155
435 211
435 244
435 247
435 410
436 44
436 171
436 304
437 96
437 142
437 193
437 230
437 253
437 285
437 320
437 331
438 95
438 112
438 470
439 71
439 183
439 374
440 58
440 195
441 36
441 320
441 323
441 324
441 360
442 126
442 145
442 291
442 338
442 440
443 110
443 121
443 148
443 336
444 116
444 231
444 273
444 349
444 428
444 458
445 101
445 163
445 381
445 491
446 64
446 104
446 335
447 101
447 141
447 144
447 224
447 294
447 449
447 494
448 32
448 133
448 147
449 188
449 197
449 469
450 224
450 317
450 362
450 363
450 429
450 438
451 78
451 114
451 202
451 260
451 360
451 483
452 48
452 469
453 91
453 456
453 470
454 53
454 306
454 435
455 115
455 208
455 230
455 233
455 330
455 444
455 480
456 35
456 322
456 395
457 237
457 279
457 310
457 465
458 78
458 87
458 93
458 141
458 184
458 224
458 390
458 420
458 426
459 59
459 103
459 106
459 196
459 219
459 229
460 0
460 57
460 281
460 303
460 343
460 375
460 409
460 495
461 6
461 251
461 264
461 362
461 393
461 468
461 469
462 71
462 141
463 163
463 202
463 404
463 452
464 91
464 205
464 238
464 480
464 483
465 49
465 90
465 298
465 301
465 373
465 389
465 405
465 408
466 41
467 111
467 118
467 272
467 299
468 129
468 303
468 350
469 118
469 360
469 415
469 497
470 133
470 196
470 212
470 219
470 275
471 262
471 418
471 455
472 145
472 210
473 23
473 63
473 333
474 53
474 73
474 76
474 123
474 203
474 227
474 355
474 447
475 103
475 116
475 285
475 459
475 480
475 489
476 114
476 178
476 225
476 389
476 472
477 5
477 32
477 214
477 289
477 319
477 328
477 356
477 377
477 387
478 77
478 136
478 190
478 237
478 309
478 349
478 409
478 437
479 47
479 104
479 230
479 241
479 357
479 361
479 480
479 490
480 29
480 53
480 320
480 464
481 34
481 53
481 75
481 245
481 326
481 431
482 47
482 182
482 205
482 284
483 8
483 146
483 208
483 266
483 281
483 380
484 142
484 238
484 302
484 430
485 6
485 21
485 263
486 43
486 91
486 118
486 126
486 205
486 209
486 237
486 287
486 290
486 295
486 332
486 405
487 168
487 170
487 212
487 401
487 497
488 158
488 336
488 349
488 358
488 401
488 494
489 194
489 256
490 128
490 201
490 268
491 13
491 102
491 265
492 31
492 34
492 73
492 74
492 153
492 162
492 330
493 42
493 75
493 136
493 152
493 259
493 285
493 347
493 483
493 492
494 34
494 191
494 267
494 304
494 310
494 390
494 467
495 89
495 220
495 226
495 231
496 15
496 84
496 98
496 221
496 235
496 325
496 340
496 399
496 460
497 46
497 63
497 75
497 114
497 175
497 187
497 245
497 467
498 12
498 113
498 185
498 205
498 206
498 415
499 89
499 105
499 493
499 496
