484 2420
0 409
0 472
0 425
0 445
0 22
1 425
1 66
1 4
1 456
1 25
2 45
2 49
2 447
2 444
2 67
3 463
3 475
3 24
3 477
3 4
4 93
4 22
4 27
4 2
4 70
5 93
5 51
5 31
5 30
5 48
6 30
6 1
6 28
6 10
6 29
7 51
7 73
7 9
7 72
7 117
8 55
8 73
8 7
8 34
8 54
9 8
9 56
9 28
9 96
9 29
10 36
10 31
10 12
10 97
10 57
11 35
11 56
11 31
11 55
11 12
12 37
12 8
12 56
12 36
12 32
13 12
13 14
13 10
13 57
13 101
14 17
14 79
14 13
14 82
14 33
15 79
15 83
15 103
15 16
15 10
16 36
16 17
16 60
16 105
16 81
17 105
17 62
17 61
17 37
17 106
18 20
18 64
18 43
18 41
18 40
19 65
19 478
19 41
19 86
19 22
20 451
20 480
20 467
20 452
20 66
21 451
21 455
21 471
21 442
21 85
22 479
22 443
22 424
22 381
22 43
23 4
23 110
23 63
23 437
23 439
24 454
24 460
24 89
24 134
24 70
25 478
25 455
25 468
25 471
25 441
26 51
26 72
26 67
26 1
26 7
27 4
27 45
27 26
27 23
27 6
28 27
28 50
28 32
28 2
28 24
29 75
29 11
29 6
29 118
29 51
30 98
30 75
30 32
30 10
30 76
31 6
31 95
31 98
31 32
31 76
32 9
32 56
32 57
32 31
32 6
33 54
33 29
33 58
33 36
33 97
34 75
34 78
34 8
34 80
34 79
35 56
35 61
35 78
35 34
35 101
36 103
36 62
36 38
36 39
36 11
37 39
37 78
37 61
37 38
37 34
38 58
38 40
38 39
38 12
38 104
39 43
39 81
39 35
39 13
39 103
40 467
40 108
40 37
40 471
40 62
41 44
41 65
41 483
41 460
41 467
42 45
42 467
42 451
42 458
42 20
43 405
43 3
43 417
43 432
43 39
44 438
44 427
44 131
44 444
44 415
45 3
45 480
45 425
45 464
45 457
46 441
46 469
46 442
46 21
46 112
47 88
47 43
47 6
47 473
47 480
48 65
48 68
48 116
48 26
48 114
49 50
49 5
49 136
49 91
49 54
50 31
50 53
50 137
50 46
50 26
51 50
51 116
51 8
51 76
51 9
52 162
52 28
52 50
52 71
52 120
53 97
53 29
53 140
53 10
53 54
54 141
54 51
54 74
54 32
54 33
55 8
55 50
55 35
55 122
55 58
56 101
56 61
56 81
56 58
56 14
57 102
57 75
57 31
57 80
57 101
58 125
58 80
58 104
58 79
58 82
59 79
59 16
59 62
59 13
59 147
60 65
60 103
60 79
60 58
60 39
61 79
61 57
61 84
61 104
61 65
62 84
62 128
62 81
62 43
62 39
63 65
63 19
63 109
63 81
63 469
64 22
64 63
64 87
64 44
64 43
65 24
65 442
65 422
65 456
65 444
66 112
66 65
66 452
66 478
66 45
67 449
67 446
67 130
67 63
67 49
68 475
68 472
68 481
68 109
68 2
69 136
69 90
69 51
69 74
69 49
70 67
70 69
70 89
70 88
70 27
71 69
71 95
71 96
71 48
71 45
72 69
72 114
72 50
72 95
72 74
73 8
73 69
73 118
73 141
73 115
74 163
74 141
74 92
74 69
74 32
75 51
75 143
75 52
75 119
75 80
76 74
76 142
76 144
76 141
76 79
77 144
77 101
77 34
77 100
77 142
78 188
78 12
78 10
78 124
78 165
79 98
79 34
79 122
79 11
79 36
80 98
80 34
80 190
80 99
80 126
81 78
81 80
81 17
81 63
81 85
82 64
82 125
82 87
82 80
82 81
83 86
83 84
83 58
83 148
83 108
84 150
84 19
84 102
84 65
84 106
85 81
85 130
85 68
85 82
85 174
86 475
86 130
86 19
86 60
86 20
87 472
87 197
87 467
87 466
87 443
88 67
88 132
88 89
88 454
88 471
89 464
89 472
89 471
89 132
89 44
90 114
90 49
90 109
90 137
90 89
91 48
91 24
91 155
91 46
91 25
92 25
92 47
92 133
92 5
92 159
93 97
93 73
93 90
93 89
93 114
94 47
94 72
94 68
94 114
94 141
95 94
95 183
95 205
95 51
95 8
96 55
96 161
96 184
96 76
96 164
97 9
97 77
97 79
97 100
97 101
98 99
98 74
98 164
98 145
98 102
99 33
99 209
99 122
99 142
99 35
100 188
100 166
100 80
100 120
100 168
101 57
101 36
101 33
101 106
101 190
102 106
102 60
102 143
102 84
102 79
103 77
103 146
103 82
103 84
103 149
104 85
104 129
104 171
104 147
104 126
105 64
105 60
105 104
105 39
105 81
106 81
106 38
106 125
106 17
106 173
107 152
107 85
107 88
107 82
107 108
108 63
108 195
108 196
108 127
108 21
109 479
109 466
109 87
109 477
109 63
110 106
110 136
110 87
110 197
110 157
111 90
111 156
111 44
111 87
111 199
112 91
112 153
112 66
112 94
112 88
113 136
113 110
113 25
113 91
113 90
114 96
114 137
114 181
114 179
114 133
115 137
115 110
115 74
115 111
115 159
116 158
116 181
116 226
116 205
116 203
117 120
117 227
117 143
117 50
117 115
118 141
118 123
118 137
118 96
118 206
119 163
119 120
119 116
119 208
119 142
120 101
120 75
120 99
120 184
120 119
121 95
121 208
121 166
121 78
121 144
122 79
122 187
122 98
122 210
122 232
123 124
123 128
123 168
123 147
123 118
124 77
124 78
124 105
124 192
124 104
125 145
125 130
125 191
125 167
125 101
126 124
126 149
126 128
126 194
126 147
127 195
127 172
127 107
127 105
127 81
128 102
128 238
128 193
128 174
128 173
129 83
129 112
129 150
129 104
129 217
130 173
130 64
130 113
130 106
130 110
131 84
131 110
131 128
131 127
131 175
132 91
132 149
132 221
132 133
132 179
133 177
133 23
133 152
133 129
133 222
134 113
134 154
134 89
134 66
134 91
135 134
135 180
135 159
135 179
135 112
136 93
136 92
136 117
136 26
136 91
137 27
137 138
137 112
137 49
137 140
138 70
138 114
138 140
138 112
138 163
139 162
139 141
139 137
139 142
139 205
140 137
140 187
140 184
140 229
140 206
141 207
141 183
141 160
141 115
141 167
142 119
142 74
142 95
142 122
142 229
143 145
143 168
143 101
143 138
143 207
144 188
144 165
144 231
144 124
144 164
145 188
145 171
145 163
145 144
145 56
146 190
146 211
146 80
146 143
146 169
147 80
147 169
147 165
147 150
147 126
148 170
148 172
148 107
148 126
148 83
149 214
149 132
149 236
149 191
149 82
150 192
150 131
150 133
150 170
150 239
151 87
151 86
151 106
151 192
151 85
152 154
152 64
152 176
152 85
152 149
153 148
153 152
153 240
153 151
153 87
154 176
154 194
154 243
154 173
154 129
155 89
155 219
155 177
155 153
155 88
156 159
156 199
156 175
156 243
156 177
157 156
157 203
157 47
157 246
157 133
158 138
158 139
158 92
158 204
158 179
159 183
159 141
159 205
159 201
159 182
160 157
160 119
160 183
160 163
160 113
161 119
161 138
161 97
161 163
161 227
162 272
162 138
162 74
162 142
162 249
163 166
163 207
163 251
163 165
163 122
164 211
164 77
164 121
164 167
164 207
165 254
165 164
165 55
165 191
165 207
166 170
166 190
166 231
166 145
166 185
167 190
167 99
167 141
167 121
167 149
168 257
168 165
168 170
168 100
168 167
169 127
169 104
169 151
169 190
169 126
170 214
170 123
170 102
170 217
170 129
171 147
171 196
171 125
171 214
171 126
172 83
172 196
172 260
172 191
172 174
173 107
173 109
173 153
173 147
173 170
174 219
174 134
174 131
174 284
174 197
175 177
175 197
175 242
175 134
175 88
176 217
176 218
176 263
176 89
176 131
177 131
177 179
177 224
177 217
177 134
178 197
178 242
178 112
178 196
178 203
179 246
179 196
179 224
179 157
179 132
180 136
180 92
180 267
180 224
180 204
181 158
181 270
181 115
181 291
181 71
182 136
182 248
182 185
182 223
182 204
183 140
183 137
183 164
183 225
183 203
184 249
184 166
184 139
184 160
184 141
185 252
185 144
185 253
185 205
185 186
186 185
186 191
186 208
186 206
186 189
187 209
187 276
187 252
187 144
187 274
188 277
188 168
188 162
188 99
188 120
189 167
189 122
189 79
189 102
189 194
190 192
190 125
190 168
190 213
190 126
191 149
191 234
191 216
191 186
191 258
192 259
192 212
192 236
192 170
192 216
193 282
193 260
193 129
193 188
193 258
194 237
194 127
194 304
194 213
194 150
195 127
195 190
195 130
195 174
195 148
196 170
196 152
196 151
196 220
196 241
197 155
197 194
197 264
197 134
197 195
198 242
198 110
198 286
198 177
198 176
199 135
199 154
199 155
199 222
199 240
200 157
200 199
200 265
200 219
200 287
201 156
201 176
201 179
201 177
201 223
202 198
202 245
202 159
202 266
202 199
203 137
203 246
203 136
203 157
203 227
204 205
204 139
204 199
204 269
204 178
205 223
205 249
205 229
205 252
205 181
206 232
206 204
206 164
206 251
206 183
207 143
207 189
207 186
207 183
207 253
208 276
208 272
208 161
208 143
208 144
209 255
209 142
209 122
209 189
209 208
210 212
210 190
210 121
210 205
210 298
211 144
211 299
211 214
211 235
211 191
212 171
212 257
212 168
212 232
212 280
213 147
213 233
213 255
213 278
213 172
214 188
214 210
214 256
214 190
214 213
215 233
215 211
215 196
215 169
215 194
216 193
216 239
216 215
216 237
216 152
217 216
217 173
217 130
217 212
217 198
218 171
218 197
218 236
218 199
218 154
219 216
219 218
219 262
219 263
219 155
220 329
220 287
220 174
220 286
220 262
221 226
221 223
221 157
221 132
221 263
222 180
222 199
222 287
222 181
222 156
223 204
223 311
223 182
223 228
223 134
224 181
224 221
224 135
224 271
224 159
225 199
225 200
225 115
225 244
225 227
226 247
226 246
226 227
226 137
226 230
227 248
227 161
227 252
227 249
227 207
228 269
228 272
228 163
228 296
228 233
229 253
229 163
229 297
229 249
229 140
230 248
230 275
230 254
230 212
230 249
231 167
231 211
231 236
231 121
231 275
232 254
232 276
232 233
232 206
232 236
233 210
233 165
233 275
233 192
233 123
234 232
234 211
234 278
234 323
234 168
235 302
235 191
235 188
235 217
235 260
236 255
236 213
236 210
236 218
236 280
237 284
237 213
237 325
237 171
237 263
238 241
238 303
238 326
238 325
238 191
239 238
239 305
239 242
239 303
239 243
240 244
240 282
240 259
240 304
240 261
241 266
241 196
241 261
241 243
241 216
242 177
242 283
242 196
242 329
242 197
243 308
243 199
243 290
243 286
243 284
244 268
244 202
244 270
244 225
244 134
245 285
245 180
245 241
245 181
245 309
246 199
246 244
246 227
246 248
246 182
247 201
247 242
247 202
247 273
247 226
248 250
248 138
248 294
248 183
248 182
249 317
249 247
249 248
249 271
249 205
250 227
250 295
250 291
250 253
250 207
251 270
251 340
251 253
251 183
251 339
252 339
252 251
252 297
252 255
252 299
253 278
253 277
253 256
253 212
253 231
254 299
254 233
254 277
254 259
254 252
255 343
255 273
255 235
255 281
255 232
256 237
256 252
256 324
256 322
256 300
257 253
257 300
257 189
257 254
257 301
258 233
258 191
258 278
258 238
258 190
259 240
259 323
259 234
259 255
259 213
260 370
260 278
260 281
260 263
260 264
261 220
261 307
261 235
261 349
261 285
262 308
262 218
262 287
262 264
262 199
263 282
263 242
263 309
263 221
263 246
264 281
264 198
264 306
264 241
264 328
265 222
265 309
265 178
265 266
265 243
266 333
266 271
266 354
266 310
266 292
267 242
267 264
267 224
267 284
267 180
268 181
268 245
268 355
268 223
268 294
269 250
269 337
269 181
269 310
269 271
270 224
270 288
270 311
270 337
270 338
271 252
271 245
271 316
271 203
271 269
272 296
272 336
272 184
272 337
272 361
273 296
273 254
273 268
273 206
273 317
274 210
274 340
274 294
274 296
274 248
275 256
275 255
275 187
275 274
275 301
276 188
276 251
276 364
276 250
276 281
277 324
277 235
277 342
277 323
277 301
278 210
278 252
278 346
278 301
278 275
279 260
279 323
279 276
279 213
279 212
280 390
280 322
280 345
280 346
280 281
281 346
281 284
281 276
281 236
281 279
282 257
282 261
282 280
282 263
282 218
283 196
283 238
283 242
283 328
283 308
284 330
284 261
284 305
284 258
284 304
285 238
285 175
285 245
285 219
285 329
286 305
286 266
286 245
286 198
286 219
287 241
287 329
287 177
287 353
287 328
288 243
288 328
288 375
288 306
288 354
289 287
289 200
289 265
289 354
289 312
290 286
290 201
290 249
290 377
290 310
291 358
291 267
291 294
291 245
291 271
292 247
292 250
292 336
292 291
292 312
293 267
293 319
293 298
293 360
293 318
294 362
294 230
294 205
294 292
294 299
295 338
295 231
295 384
295 340
295 313
296 338
296 301
296 300
296 321
296 384
297 250
297 365
297 294
297 296
297 322
298 300
298 320
298 317
298 252
298 342
299 277
299 298
299 235
299 252
299 296
300 301
300 389
300 213
300 275
300 295
301 234
301 283
301 369
301 275
301 259
302 300
302 281
302 237
302 327
302 282
303 280
303 326
303 256
303 283
303 259
304 322
304 307
304 281
304 240
304 285
305 351
305 238
305 262
305 282
305 348
306 327
306 265
306 370
306 307
306 350
307 303
307 242
307 281
307 288
307 326
308 304
308 265
308 348
308 283
308 397
309 306
309 264
309 372
309 220
309 333
310 399
310 286
310 328
310 397
310 330
311 308
311 269
311 337
311 270
311 289
312 337
312 355
312 317
312 401
312 314
313 247
313 339
313 287
313 224
313 337
314 226
314 316
314 249
314 204
314 291
315 226
315 292
315 297
315 291
315 271
316 248
316 229
316 363
316 298
316 311
317 314
317 207
317 385
317 322
317 230
318 229
318 271
318 383
318 321
318 385
319 363
319 408
319 320
319 254
319 301
320 252
320 278
320 300
320 295
320 317
321 319
321 299
321 341
321 254
321 345
322 367
322 304
322 343
322 235
322 276
323 277
323 341
323 412
323 387
323 342
324 259
324 348
324 346
324 214
324 412
325 413
325 347
325 236
325 344
325 301
326 324
326 238
326 368
326 303
326 390
327 284
327 303
327 394
327 324
327 322
328 369
328 374
328 348
328 306
328 372
329 393
329 266
329 328
329 288
329 330
330 396
330 305
330 347
330 265
330 329
331 267
331 289
331 221
331 332
331 356
332 244
332 421
332 328
332 268
332 349
333 379
333 245
333 421
333 313
333 246
334 337
334 352
334 338
334 399
334 336
335 267
335 314
335 333
335 330
335 225
336 313
336 446
336 293
336 403
336 379
337 336
337 362
337 334
337 296
337 318
338 319
338 291
338 427
338 402
338 448
339 294
339 384
339 292
339 335
339 316
340 341
340 345
340 364
340 272
340 273
341 345
341 300
341 383
341 344
341 275
342 277
342 345
342 344
342 300
342 324
343 301
343 302
343 390
343 275
343 318
344 433
344 299
344 322
344 277
344 409
345 432
345 371
345 387
345 368
345 349
346 328
346 371
346 258
346 343
346 411
347 329
347 411
347 412
347 344
347 346
348 302
348 280
348 436
348 371
348 305
349 416
349 394
349 305
349 351
349 327
350 354
350 330
350 332
350 396
350 310
351 285
351 311
351 374
351 288
351 353
352 373
352 419
352 353
352 307
352 285
353 309
353 442
353 393
353 243
353 330
354 418
354 331
354 289
354 310
354 374
355 442
355 266
355 399
355 309
355 395
356 289
356 355
356 444
356 402
356 378
357 292
357 422
357 446
357 289
357 403
358 380
358 313
358 354
358 399
358 379
359 382
359 363
359 291
359 383
359 337
360 381
360 335
360 427
360 295
360 272
361 408
361 342
361 339
361 272
361 337
362 365
362 340
362 337
362 450
362 342
363 321
363 319
363 450
363 296
363 344
364 318
364 254
364 386
364 345
364 390
365 343
365 384
365 388
365 453
365 366
366 384
366 433
366 363
366 369
366 387
367 278
367 387
367 323
367 301
367 326
368 322
368 258
368 347
368 373
368 414
369 281
369 282
369 388
369 456
369 347
370 438
370 368
370 373
370 391
370 304
371 328
371 396
371 368
371 438
371 346
372 354
372 374
372 417
372 305
372 369
373 286
373 308
373 375
373 437
373 353
374 332
374 370
374 371
374 375
374 399
375 356
375 377
375 439
375 394
375 395
376 381
376 22
376 354
376 465
376 396
377 422
377 267
377 402
377 419
377 331
378 465
378 381
378 419
378 421
378 379
379 334
379 443
379 403
379 355
379 312
380 399
380 404
380 291
380 362
380 360
381 22
381 293
381 294
381 355
381 292
382 448
382 356
382 449
382 401
382 339
383 402
383 338
383 360
383 404
383 319
384 383
384 402
384 274
384 473
384 358
385 431
385 403
385 472
385 408
385 344
386 473
386 390
386 427
386 276
386 319
387 408
387 431
387 405
387 413
387 361
388 407
388 322
388 414
388 321
388 346
389 367
389 302
389 322
389 323
389 455
390 324
390 325
390 432
390 367
390 348
391 386
391 389
391 372
391 348
391 392
392 346
392 282
392 439
392 366
392 417
393 416
393 349
393 411
393 326
393 348
394 331
394 396
394 327
394 371
394 398
395 330
395 378
395 375
395 459
395 328
396 22
396 395
396 374
396 467
396 373
397 471
397 373
397 331
397 476
397 474
398 464
398 417
398 470
398 375
398 482
399 472
399 417
399 398
399 358
399 465
400 463
400 376
400 374
400 464
400 358
401 313
401 397
401 442
401 425
401 471
402 361
402 448
402 483
402 426
402 403
403 462
403 23
403 316
403 481
403 405
404 463
404 448
404 294
404 316
404 384
405 425
405 478
405 470
405 379
405 473
406 296
406 410
406 463
406 381
406 359
407 480
407 463
407 468
407 426
407 431
408 482
408 389
408 433
408 428
408 449
409 320
409 43
409 344
409 0
409 430
410 474
410 344
410 343
410 482
410 409
411 432
411 343
411 409
411 346
411 389
412 23
412 477
412 475
412 432
412 44
413 44
413 433
413 434
413 366
413 324
414 350
414 439
414 390
414 458
414 460
415 397
415 434
415 476
415 473
415 22
416 396
416 471
416 370
416 462
416 44
417 370
417 465
417 468
417 482
417 471
418 445
418 400
418 377
418 372
418 444
419 438
419 416
419 444
419 470
419 459
420 352
420 395
420 468
420 425
420 461
421 21
421 461
421 460
421 477
421 0
422 470
422 312
422 449
422 458
422 43
423 398
423 457
423 377
423 455
423 405
424 23
424 466
424 421
424 473
424 400
425 426
425 458
425 423
425 427
425 451
426 474
426 425
426 466
426 431
426 455
427 339
427 474
427 453
427 459
427 423
428 318
428 452
428 469
428 402
428 465
429 469
429 456
429 448
429 383
429 432
430 65
430 442
430 408
430 454
430 24
431 409
431 405
431 444
431 435
431 454
432 408
432 411
432 463
432 469
432 465
433 448
433 455
433 413
433 447
433 474
434 449
434 24
434 471
434 453
434 388
435 451
435 413
435 371
435 445
435 0
436 455
436 470
436 1
436 21
436 389
437 480
437 450
437 23
437 442
437 433
438 42
438 461
438 351
438 469
438 467
439 22
439 455
439 462
439 372
439 453
440 424
440 477
440 398
440 1
440 352
441 398
441 416
441 42
441 452
441 429
442 429
442 24
442 377
442 476
442 396
443 401
443 419
443 459
443 461
443 43
444 357
444 429
444 376
444 426
444 20
445 67
445 467
445 399
445 431
445 404
446 463
446 42
446 423
446 23
446 45
447 434
447 443
447 429
447 427
447 442
448 455
448 479
448 401
448 87
448 423
449 339
449 437
449 22
449 383
449 439
450 43
450 45
450 406
450 482
450 474
451 387
451 410
451 460
451 477
451 430
452 87
452 21
452 475
452 406
452 437
453 458
453 430
453 464
453 466
453 471
454 444
454 439
454 366
454 449
454 64
455 411
455 43
455 42
455 65
455 445
456 466
456 483
456 20
456 474
456 457
457 423
457 390
457 0
457 444
457 468
458 451
458 20
458 423
458 467
458 88
459 445
459 447
459 470
459 435
459 444
460 435
460 456
460 434
460 43
460 422
461 41
461 24
461 452
461 375
461 443
462 442
462 480
462 441
462 402
462 433
463 426
463 469
463 462
463 19
463 459
464 458
464 459
464 440
464 45
464 430
465 446
465 412
465 413
465 19
465 427
466 430
466 40
466 418
466 403
466 427
467 425
467 63
467 426
467 463
467 42
468 40
468 406
468 432
468 474
468 400
469 455
469 422
469 457
469 453
469 63
470 67
470 360
470 410
470 430
470 454
471 407
471 475
471 88
471 404
471 425
472 470
472 65
472 43
472 444
472 417
473 420
473 397
473 413
473 3
473 423
474 451
474 466
474 424
474 46
474 428
475 420
475 433
475 454
475 0
475 472
476 403
476 402
476 20
476 110
476 452
477 439
477 26
477 481
477 475
477 424
478 451
478 418
478 442
478 455
478 450
479 446
479 40
479 458
479 473
479 429
480 425
480 3
480 470
480 26
480 428
481 482
481 434
481 414
481 43
481 26
482 483
482 63
482 466
482 421
482 110
483 68
483 448
483 452
483 451
483 456
