240 4800
0 186
0 207
0 3
0 210
0 237
0 236
0 33
0 221
0 204
0 19
0 182
0 30
0 1
0 205
0 216
0 178
0 5
0 229
0 195
0 2
1 225
1 211
1 192
1 65
1 194
1 30
1 237
1 217
1 15
1 66
1 221
1 212
1 20
1 35
1 202
1 48
1 210
1 203
1 2
1 3
2 82
2 5
2 48
2 21
2 208
2 7
2 218
2 18
2 212
2 233
2 231
2 3
2 229
2 47
2 214
2 237
2 210
2 52
2 225
2 222
3 0
3 66
3 20
3 231
3 14
3 52
3 68
3 8
3 50
3 6
3 49
3 17
3 235
3 7
3 38
3 36
3 227
3 232
3 18
3 53
4 68
4 35
4 21
4 84
4 17
4 33
4 36
4 51
4 69
4 20
4 50
4 9
4 37
4 2
4 19
4 15
4 0
4 6
4 1
4 23
5 19
5 24
5 70
5 34
5 40
5 25
5 38
5 6
5 69
5 54
5 20
5 35
5 3
5 0
5 9
5 7
5 2
5 55
5 17
5 52
6 41
6 26
6 40
6 71
6 37
6 21
6 11
6 23
6 9
6 8
6 1
6 86
6 3
6 2
6 70
6 53
6 20
6 7
6 4
6 22
7 38
7 70
7 54
7 22
7 41
7 9
7 11
7 40
7 55
7 19
7 4
7 2
7 26
7 25
7 23
7 20
7 42
7 53
7 21
7 8
8 12
8 57
8 10
8 28
8 26
8 3
8 9
8 38
8 13
8 42
8 72
8 41
8 88
8 43
8 7
8 20
8 73
8 55
8 23
8 22
9 4
9 74
9 29
9 6
9 89
9 26
9 10
9 43
9 42
9 44
9 73
9 72
9 28
9 57
9 13
9 14
9 22
9 55
9 23
9 7
10 22
10 56
10 23
10 12
10 14
10 5
10 74
10 13
10 39
10 27
10 40
10 28
10 41
10 59
10 11
10 45
10 24
10 73
10 58
10 6
11 15
11 10
11 61
11 44
11 6
11 59
11 29
11 7
11 57
11 31
11 8
11 14
11 28
11 42
11 26
11 9
11 43
11 25
11 46
11 58
12 9
12 41
12 24
12 14
12 15
12 77
12 0
12 27
12 47
12 60
12 75
12 62
12 76
12 26
12 10
12 16
12 58
12 46
12 7
12 61
13 11
13 78
13 25
13 9
13 230
13 29
13 76
13 30
13 8
13 235
13 16
13 42
13 93
13 46
13 238
13 0
13 231
13 63
13 14
13 59
14 48
14 77
14 12
14 27
14 224
14 16
14 225
14 15
14 46
14 63
14 210
14 2
14 212
14 78
14 239
14 26
14 214
14 28
14 211
14 47
15 233
15 18
15 11
15 46
15 47
15 4
15 199
15 200
15 64
15 30
15 231
15 226
15 32
15 201
15 14
15 12
15 198
15 197
15 212
15 44
16 179
16 195
16 35
16 215
16 225
16 65
16 64
16 96
16 239
16 166
16 171
16 169
16 46
16 232
16 194
16 181
16 175
16 231
16 210
16 29
17 213
17 237
17 18
17 234
17 218
17 66
17 185
17 28
17 15
17 30
17 16
17 189
17 210
17 227
17 226
17 225
17 0
17 221
17 230
17 191
18 199
18 197
18 53
18 222
18 81
18 194
18 16
18 224
18 0
18 209
18 198
18 200
18 34
18 238
18 14
18 20
18 6
18 228
18 98
18 230
19 48
19 83
19 65
19 234
19 236
19 22
19 229
19 216
19 214
19 21
19 18
19 20
19 238
19 239
19 32
19 30
19 0
19 16
19 208
19 221
20 1
20 226
20 6
20 66
20 21
20 17
20 83
20 70
20 234
20 84
20 7
20 38
20 40
20 53
20 54
20 19
20 5
20 50
20 225
20 231
21 84
21 20
21 4
21 51
21 5
21 67
21 3
21 19
21 40
21 54
21 18
21 9
21 35
21 1
21 69
21 85
21 86
21 36
21 56
21 22
22 18
22 4
22 19
22 36
22 55
22 69
22 2
22 25
22 70
22 3
22 10
22 68
22 37
22 6
22 7
22 17
22 87
22 40
22 9
22 39
23 3
23 21
23 54
23 35
23 7
23 71
23 57
23 10
23 86
23 24
23 5
23 70
23 73
23 19
23 43
23 87
23 27
23 103
23 4
23 58
24 4
24 89
24 56
24 74
24 10
24 21
24 20
24 19
24 87
24 57
24 36
24 55
24 39
24 72
24 44
24 8
24 6
24 26
24 40
24 25
25 59
25 21
25 74
25 11
25 30
25 42
25 72
25 28
25 29
25 24
25 10
25 6
25 12
25 40
25 90
25 20
25 38
25 71
25 44
25 73
26 14
26 10
26 28
26 22
26 57
26 61
26 59
26 30
26 12
26 74
26 90
26 43
26 13
26 45
26 58
26 75
26 27
26 9
26 38
26 11
27 7
27 90
27 10
27 22
27 26
27 57
27 13
27 107
27 73
27 30
27 28
27 56
27 60
27 12
27 47
27 43
27 40
27 45
27 61
27 25
28 225
28 74
28 237
28 238
28 46
28 30
28 16
28 232
28 226
28 58
28 60
28 63
28 17
28 228
28 31
28 108
28 44
28 62
28 40
28 57
29 225
29 224
29 12
29 33
29 209
29 16
29 44
29 1
29 231
29 13
29 216
29 208
29 0
29 31
29 18
29 234
29 32
29 237
29 61
29 232
30 233
30 199
30 45
30 47
30 29
30 60
30 202
30 203
30 48
30 93
30 46
30 208
30 79
30 14
30 78
30 229
30 2
30 209
30 235
30 34
31 48
31 230
31 215
31 12
31 62
31 19
31 217
31 94
31 186
31 199
31 237
31 11
31 26
31 226
31 44
31 176
31 78
31 28
31 0
31 45
32 52
32 67
32 223
32 205
32 184
32 62
32 79
32 15
32 44
32 199
32 206
32 2
32 188
32 197
32 0
32 16
32 234
32 220
32 218
32 111
33 197
33 196
33 198
33 193
33 30
33 82
33 203
33 64
33 68
33 21
33 236
33 232
33 201
33 63
33 233
33 50
33 80
33 224
33 210
33 218
34 3
34 214
34 65
34 224
34 222
34 31
34 226
34 18
34 231
34 22
34 80
34 219
34 98
34 1
34 223
34 62
34 36
34 227
34 229
34 215
35 227
35 231
35 36
35 83
35 225
35 224
35 230
35 232
35 115
35 6
35 32
35 3
35 85
35 82
35 67
35 16
35 33
35 55
35 53
35 70
36 18
36 101
36 116
36 39
36 1
36 20
36 22
36 67
36 24
36 55
36 35
36 84
36 34
36 70
36 7
36 69
36 66
36 82
36 17
36 56
37 8
37 22
37 4
37 34
37 100
37 66
37 56
37 51
37 24
37 84
37 35
37 85
37 32
37 5
37 19
37 3
37 7
37 117
37 71
37 70
38 23
38 51
38 7
38 5
38 22
38 70
38 33
38 24
38 72
38 57
38 68
38 55
38 20
38 18
38 84
38 43
38 4
38 40
38 25
38 102
39 36
39 9
39 8
39 43
39 87
39 58
39 68
39 119
39 86
39 69
39 55
39 52
39 41
39 4
39 103
39 89
39 42
39 71
39 57
39 88
40 22
40 20
40 26
40 23
40 24
40 7
40 58
40 59
40 52
40 55
40 56
40 39
40 38
40 36
40 70
40 72
40 44
40 45
40 120
40 104
41 45
41 21
41 22
41 11
41 44
41 37
41 70
41 10
41 7
41 53
41 29
41 23
41 74
41 43
41 105
41 90
41 46
41 26
41 73
41 9
42 45
42 57
42 56
42 43
42 41
42 105
42 74
42 11
42 12
42 76
42 7
42 30
42 25
42 77
42 26
42 59
42 9
42 24
42 27
42 39
43 32
43 47
43 61
43 40
43 31
43 25
43 56
43 23
43 89
43 72
43 76
43 123
43 108
43 13
43 77
43 63
43 8
43 9
43 106
43 28
44 74
44 93
44 42
44 24
44 30
44 77
44 62
44 26
44 45
44 15
44 27
44 28
44 41
44 59
44 29
44 109
44 33
44 46
44 124
44 60
45 109
45 47
45 28
45 226
45 49
45 13
45 30
45 14
45 58
45 63
45 238
45 77
45 60
45 46
45 76
45 229
45 11
45 232
45 16
45 78
46 26
46 220
46 226
46 211
46 59
46 232
46 227
46 208
46 61
46 28
46 94
46 222
46 47
46 231
46 48
46 58
46 29
46 212
46 92
46 76
47 66
47 223
47 12
47 18
47 51
47 96
47 218
47 220
47 42
47 206
47 230
47 27
47 44
47 208
47 65
47 225
47 110
47 127
47 232
47 217
48 223
48 202
48 81
48 212
48 239
48 208
48 230
48 66
48 82
48 83
48 200
48 35
48 53
48 16
48 211
48 15
48 218
48 231
48 47
48 50
49 231
49 53
49 218
49 46
49 36
49 61
49 213
49 215
49 68
49 228
49 111
49 50
49 212
49 214
49 66
49 237
49 3
49 16
49 18
49 230
50 3
50 32
50 47
50 21
50 97
50 68
50 78
50 49
50 239
50 64
50 67
50 17
50 4
50 70
50 233
50 63
50 82
50 234
50 130
50 79
51 36
51 62
51 114
51 115
51 56
51 85
51 32
51 22
51 39
51 35
51 64
51 81
51 48
51 100
51 83
51 18
51 38
51 19
51 80
51 20
52 55
52 23
52 115
52 2
52 3
52 56
52 69
52 32
52 68
52 48
52 21
52 20
52 82
52 4
52 84
52 6
52 57
52 63
52 87
52 101
53 24
53 5
53 72
53 6
53 19
53 18
53 86
53 73
53 23
53 21
53 34
53 35
53 65
53 7
53 88
53 50
53 55
53 52
53 51
53 83
54 103
54 49
54 56
54 58
54 84
54 41
54 101
54 119
54 104
54 4
54 5
54 134
54 89
54 68
54 8
54 51
54 71
54 100
54 36
54 19
55 57
55 36
55 51
55 86
55 59
55 9
55 105
55 37
55 7
55 52
55 8
55 42
55 54
55 75
55 5
55 41
55 20
55 56
55 35
55 24
56 60
56 136
56 87
56 55
56 8
56 52
56 90
56 23
56 61
56 42
56 75
56 7
56 69
56 121
56 70
56 86
56 10
56 74
56 76
56 9
57 22
57 23
57 62
57 88
57 11
57 76
57 54
57 72
57 86
57 39
57 24
57 44
57 10
57 90
57 58
57 45
57 71
57 89
57 87
57 104
58 73
58 57
58 74
58 24
58 108
58 75
58 60
58 29
58 121
58 25
58 106
58 38
58 12
58 44
58 89
58 9
58 41
58 71
58 91
58 90
59 43
59 124
59 71
59 72
59 29
59 54
59 46
59 88
59 107
59 106
59 40
59 58
59 30
59 90
59 92
59 78
59 26
59 12
59 122
59 57
60 49
60 32
60 93
60 27
60 140
60 92
60 56
60 11
60 123
60 109
60 72
60 28
60 90
60 64
60 107
60 77
60 10
60 25
60 47
60 31
61 44
61 74
61 94
61 65
61 60
61 95
61 33
61 56
61 124
61 47
61 91
61 43
61 28
61 11
61 125
61 80
61 76
61 16
61 78
61 109
62 45
62 31
62 17
62 127
62 16
62 81
62 33
62 234
62 91
62 93
62 233
62 92
62 80
62 225
62 44
62 34
62 13
62 42
62 74
62 32
63 94
63 31
63 216
63 17
63 234
63 76
63 228
63 112
63 95
63 16
63 111
63 62
63 237
63 44
63 47
63 13
63 127
63 224
63 126
63 28
64 83
64 1
64 32
64 224
64 66
64 15
64 76
64 92
64 77
64 129
64 217
64 68
64 223
64 220
64 114
64 63
64 227
64 231
64 208
64 209
65 66
65 129
65 47
65 35
65 32
65 238
65 230
65 36
65 93
65 62
65 51
65 127
65 70
65 33
65 81
65 34
65 50
65 1
65 78
65 69
66 77
66 94
66 53
66 86
66 63
66 113
66 50
66 17
66 85
66 32
66 97
66 37
66 99
66 129
66 1
66 80
66 16
66 70
66 54
66 81
67 63
67 33
67 68
67 21
67 98
67 116
67 132
67 97
67 85
67 115
67 147
67 101
67 81
67 80
67 95
67 52
67 100
67 3
67 83
67 64
68 19
68 116
68 118
68 80
68 132
68 88
68 83
68 66
68 50
68 87
68 49
68 131
68 53
68 103
68 148
68 100
68 55
68 133
68 64
68 3
69 70
69 65
69 23
69 51
69 116
69 20
69 35
69 74
69 102
69 6
69 40
69 37
69 149
69 68
69 72
69 39
69 85
69 4
69 22
69 104
70 5
70 6
70 67
70 35
70 56
70 85
70 41
70 54
70 75
70 69
70 55
70 65
70 102
70 86
70 71
70 52
70 40
70 133
70 89
70 57
71 105
71 121
71 52
71 58
71 66
71 101
71 38
71 89
71 39
71 37
71 136
71 40
71 70
71 117
71 102
71 67
71 120
71 53
71 21
71 75
72 26
72 55
72 101
72 106
72 52
72 53
72 74
72 119
72 121
72 38
72 89
72 104
72 68
72 137
72 103
72 69
72 56
72 9
72 8
72 73
73 56
73 120
73 39
73 25
73 88
73 24
73 40
73 86
73 53
73 54
73 59
73 57
73 41
73 87
73 90
73 8
73 107
73 93
73 92
73 70
74 121
74 103
74 43
74 59
74 42
74 71
74 94
74 57
74 11
74 86
74 138
74 137
74 73
74 55
74 54
74 105
74 106
74 25
74 93
74 41
75 110
75 90
75 10
75 46
75 79
75 44
75 104
75 61
75 42
75 106
75 11
75 108
75 29
75 58
75 71
75 107
75 93
75 88
75 140
75 60
76 75
76 80
76 93
76 48
76 47
76 73
76 90
76 109
76 29
76 74
76 124
76 77
76 88
76 79
76 139
76 56
76 156
76 46
76 13
76 91
77 75
77 57
77 28
77 14
77 127
77 60
77 109
77 124
77 81
77 80
77 44
77 141
77 31
77 42
77 123
77 47
77 64
77 125
77 59
77 108
78 108
78 110
78 80
78 33
78 126
78 67
78 77
78 31
78 111
78 127
78 47
78 90
78 15
78 81
78 61
78 112
78 58
78 95
78 75
78 92
79 62
79 234
79 49
79 236
79 63
79 109
79 97
79 94
79 92
79 233
79 225
79 78
79 229
79 45
79 47
79 238
79 15
79 67
79 98
79 95
80 159
80 227
80 51
80 34
80 97
80 33
80 94
80 17
80 233
80 16
80 113
80 98
80 64
80 46
80 65
80 129
80 111
80 128
80 125
80 127
81 128
81 78
81 69
81 101
81 109
81 143
81 62
81 144
81 113
81 86
81 126
81 83
81 95
81 52
81 97
81 84
81 145
81 130
81 127
81 32
82 35
82 97
82 63
82 102
82 2
82 112
82 81
82 101
82 116
82 110
82 36
82 17
82 18
82 80
82 48
82 70
82 79
82 130
82 146
82 128
83 53
83 64
83 85
83 48
83 163
83 86
83 65
83 35
83 20
83 88
83 69
83 82
83 84
83 148
83 94
83 70
83 81
83 80
83 49
83 131
84 134
84 37
84 115
84 20
84 80
84 83
84 104
84 82
84 81
84 21
84 38
84 164
84 97
84 68
84 67
84 19
84 148
84 65
84 4
84 101
85 84
85 132
85 82
85 101
85 38
85 89
85 68
85 53
85 134
85 37
85 149
85 20
85 73
85 133
85 100
85 39
85 22
85 102
85 119
85 56
86 101
86 53
86 36
86 39
86 74
86 37
86 149
86 73
86 150
86 120
86 68
86 135
86 99
86 115
86 134
86 81
86 106
86 71
86 121
86 67
87 100
87 83
87 72
87 151
87 24
87 75
87 88
87 74
87 133
87 91
87 116
87 92
87 137
87 52
87 89
87 55
87 99
87 57
87 39
87 152
88 38
88 73
88 23
88 83
88 104
88 93
88 153
88 151
88 54
88 168
88 42
88 86
88 152
88 123
88 89
88 122
88 53
88 92
88 101
88 74
89 101
89 88
89 76
89 57
89 85
89 169
89 54
89 25
89 72
89 154
89 39
89 75
89 90
89 106
89 41
89 108
89 73
89 124
89 137
89 135
90 86
90 95
90 87
90 26
90 73
90 77
90 138
90 71
90 43
90 103
90 59
90 109
90 88
90 110
90 56
90 120
90 155
90 124
90 72
90 125
91 89
91 111
91 45
91 73
91 27
91 42
91 57
91 121
91 87
91 123
91 77
91 156
91 74
91 88
91 94
91 78
91 59
91 140
91 124
91 141
92 157
92 94
92 63
92 72
92 110
92 111
92 138
92 74
92 64
92 76
92 58
92 46
92 96
92 123
92 62
92 28
92 156
92 89
92 126
92 59
93 73
93 127
93 59
93 142
93 110
93 92
93 63
93 95
93 140
93 125
93 60
93 88
93 156
93 141
93 47
93 112
93 158
93 65
93 45
93 43
94 92
94 174
94 157
94 83
94 127
94 141
94 113
94 45
94 125
94 75
94 108
94 31
94 159
94 61
94 14
94 143
94 90
94 126
94 49
94 82
95 66
95 141
95 97
95 49
95 63
95 98
95 125
95 158
95 50
95 64
95 129
95 76
95 128
95 92
95 47
95 75
95 111
95 127
95 45
95 81
96 50
96 32
96 113
96 126
96 92
96 146
96 108
96 143
96 112
96 81
96 115
96 101
96 175
96 100
96 127
96 47
96 110
96 79
96 107
96 97
97 161
97 159
97 65
97 64
97 177
97 79
97 63
97 67
97 101
97 147
97 82
97 34
97 68
97 99
97 130
97 113
97 125
97 129
97 112
97 85
98 18
98 126
98 35
98 178
98 100
98 163
98 127
98 83
98 116
98 130
98 161
98 118
98 147
98 117
98 52
98 49
98 129
98 86
98 102
98 97
99 82
99 115
99 69
99 102
99 95
99 132
99 34
99 117
99 84
99 101
99 118
99 52
99 36
99 145
99 119
99 113
99 98
99 67
99 131
99 134
100 87
100 112
100 65
100 53
100 114
100 134
100 116
100 67
100 165
100 103
100 35
100 180
100 68
100 146
100 81
100 101
100 164
100 104
100 52
100 69
101 96
101 72
101 37
101 87
101 70
101 88
101 150
101 38
101 67
101 130
101 86
101 71
101 147
101 113
101 151
101 66
101 105
101 69
101 135
101 82
102 182
102 55
102 52
102 107
102 167
102 37
102 98
102 132
102 38
102 117
102 133
102 68
102 88
102 152
102 67
102 39
102 103
102 69
102 115
102 22
103 120
103 38
103 135
103 150
103 104
103 149
103 84
103 108
103 183
103 136
103 68
103 151
103 168
103 83
103 153
103 53
103 91
103 106
103 70
103 102
104 119
104 24
104 101
104 103
104 99
104 109
104 41
104 69
104 58
104 152
104 137
104 168
104 40
104 133
104 70
104 154
104 102
104 106
104 105
104 56
105 92
105 71
105 91
105 124
105 155
105 85
105 103
105 41
105 73
105 72
105 136
105 118
105 108
105 169
105 101
105 119
105 102
105 70
105 110
105 42
106 88
106 105
106 91
106 93
106 111
106 101
106 42
106 126
106 110
106 139
106 122
106 153
106 141
106 170
106 118
106 169
106 135
106 136
106 87
106 71
107 171
107 141
107 58
107 90
107 125
107 103
107 43
107 172
107 96
107 139
107 74
107 59
107 154
107 104
107 72
107 91
107 92
107 111
107 138
107 102
108 137
108 156
108 62
108 103
108 74
108 104
108 140
108 58
108 97
108 158
108 90
108 142
108 107
108 78
108 77
108 91
108 120
108 80
108 123
108 93
109 97
109 127
109 143
109 95
109 125
109 79
109 78
109 76
109 113
109 64
109 172
109 98
109 81
109 138
109 124
109 128
109 75
109 96
109 158
109 189
110 111
110 78
110 158
110 143
110 140
110 90
110 46
110 139
110 105
110 112
110 156
110 75
110 159
110 108
110 82
110 81
110 96
110 142
110 79
110 125
111 82
111 61
111 142
111 49
111 130
111 125
111 100
111 32
111 99
111 114
111 96
111 80
111 97
111 83
111 107
111 106
111 126
111 124
111 79
111 158
112 109
112 130
112 175
112 162
112 157
112 129
112 79
112 176
112 177
112 97
112 132
112 161
112 116
112 131
112 100
112 108
112 192
112 160
112 158
112 191
113 98
113 111
113 117
113 109
113 162
113 146
113 112
113 84
113 65
113 118
113 99
113 158
113 95
113 80
113 96
113 66
113 142
113 50
113 159
113 144
114 133
114 145
114 119
114 142
114 127
114 161
114 98
114 164
114 101
114 97
114 162
114 118
114 68
114 67
114 99
114 95
114 66
114 149
114 113
114 100
115 178
115 134
115 97
115 112
115 149
115 162
115 116
115 96
115 118
115 164
115 111
115 66
115 85
115 163
115 150
115 86
115 130
115 101
115 165
115 147
116 85
116 69
116 117
116 134
116 51
116 135
116 112
116 164
116 53
116 68
116 102
116 83
116 114
116 180
116 86
116 101
116 66
116 99
116 145
116 84
117 130
117 133
117 118
117 129
117 101
117 100
117 163
117 151
117 181
117 164
117 119
117 99
117 137
117 85
117 116
117 152
117 122
117 105
117 113
117 82
118 122
118 166
118 134
118 151
118 182
118 147
118 101
118 136
118 119
118 70
118 100
118 181
118 69
118 87
118 103
118 72
118 168
118 153
118 55
118 148
119 151
119 71
119 136
119 56
119 165
119 100
119 167
119 120
119 166
119 121
119 169
119 39
119 106
119 124
119 133
119 134
119 139
119 114
119 103
119 168
120 115
120 55
120 154
120 137
120 73
120 116
120 150
120 183
120 149
120 121
120 133
120 102
120 134
120 56
120 132
120 135
120 123
120 107
120 70
120 184
121 133
121 88
121 171
121 126
121 134
121 201
121 168
121 101
121 136
121 139
121 116
121 72
121 119
121 56
121 138
121 71
121 125
121 123
121 120
121 105
122 57
122 123
122 137
122 121
122 153
122 127
122 154
122 105
122 42
122 126
122 125
122 76
122 157
122 169
122 92
122 141
122 109
122 93
122 110
122 87
123 107
123 104
123 152
123 154
123 58
123 75
123 109
123 188
123 156
123 173
123 88
123 143
123 120
123 43
123 157
123 77
123 119
123 106
123 108
123 89
124 113
124 61
124 139
124 155
124 140
124 171
124 93
124 76
124 158
124 187
124 174
124 159
124 204
124 94
124 123
124 153
124 122
124 106
124 126
124 173
125 105
125 113
125 114
125 95
125 62
125 143
125 77
125 107
125 94
125 75
125 112
125 108
125 205
125 156
125 106
125 142
125 128
125 111
125 188
125 97
126 121
126 123
126 141
126 157
126 115
126 160
126 109
126 155
126 144
126 114
126 129
126 97
126 127
126 93
126 130
126 189
126 96
126 98
126 80
126 191
127 48
127 159
127 145
127 207
127 174
127 98
127 173
127 160
127 95
127 112
127 94
127 130
127 77
127 140
127 113
127 124
127 141
127 78
127 156
127 81
128 113
128 192
128 207
128 158
128 177
128 174
128 82
128 80
128 48
128 111
128 176
128 95
128 94
128 99
128 163
128 115
128 133
128 156
128 178
128 160
129 81
129 157
129 128
129 144
129 142
129 147
129 145
129 64
129 83
129 111
129 158
129 80
129 194
129 96
129 117
129 164
129 131
129 176
129 112
129 98
130 82
130 163
130 80
130 129
130 116
130 143
130 66
130 148
130 127
130 159
130 133
130 180
130 84
130 98
130 114
130 161
130 134
130 101
130 128
130 50
131 161
131 180
131 117
131 82
131 128
131 195
131 159
131 211
131 99
131 81
131 96
131 97
131 112
131 115
131 83
131 101
131 147
131 118
131 100
131 177
132 69
132 164
132 136
132 179
132 102
132 150
132 86
132 147
132 178
132 149
132 151
132 144
132 130
132 167
132 98
132 84
132 133
132 113
132 166
132 128
133 198
133 166
133 134
133 86
133 165
133 197
133 114
133 104
133 196
133 153
133 85
133 150
133 115
133 83
133 131
133 182
133 68
133 102
133 180
133 128
134 119
134 153
134 164
134 148
134 165
134 133
134 181
134 121
134 182
134 169
134 180
134 114
134 131
134 105
134 184
134 122
134 118
134 102
134 138
134 100
135 150
135 155
135 182
135 118
135 165
135 116
135 185
135 148
135 164
135 166
135 101
135 123
135 136
135 167
135 147
135 140
135 132
135 105
135 169
135 120
136 103
136 201
136 86
136 167
136 132
136 124
136 117
136 121
136 116
136 135
136 123
136 149
136 154
136 119
136 169
136 170
136 186
136 104
136 139
136 153
137 140
137 105
137 156
137 73
137 121
137 72
137 118
137 200
137 171
137 120
137 186
137 217
137 151
137 90
137 187
137 91
137 124
137 153
137 184
137 57
138 157
138 142
138 75
138 107
138 170
138 91
138 124
138 158
138 154
138 90
138 187
138 203
138 123
138 88
138 167
138 171
138 89
138 125
138 118
138 143
139 125
139 170
139 154
139 174
139 121
139 90
139 185
139 76
139 119
139 104
139 142
139 202
139 59
139 74
139 172
139 157
139 158
139 159
139 186
139 156
140 172
140 109
140 123
140 169
140 137
140 110
140 139
140 92
140 124
140 126
140 135
140 188
140 128
140 142
140 158
140 125
140 143
140 186
140 136
140 75
141 204
141 221
141 154
141 109
141 159
141 173
141 128
141 124
141 174
141 77
141 95
141 205
141 188
141 175
141 110
141 125
141 158
141 130
141 138
141 76
142 130
142 113
142 112
142 125
142 127
142 155
142 114
142 188
142 110
142 97
142 160
142 172
142 173
142 174
142 159
142 146
142 157
142 92
142 206
142 191
143 145
143 80
143 146
143 130
143 139
143 155
143 94
143 127
143 95
143 177
143 131
143 191
143 108
143 141
143 124
143 206
143 161
143 123
143 158
143 98
144 208
144 163
144 130
144 114
144 209
144 141
144 194
144 173
144 148
144 125
144 223
144 143
144 207
144 146
144 129
144 126
144 164
144 157
144 115
144 131
145 126
145 175
145 129
145 99
145 174
145 160
145 111
145 162
145 98
145 96
145 80
145 192
145 177
145 150
145 149
145 115
145 190
145 130
145 156
145 193
146 128
146 193
146 151
146 164
146 195
146 116
146 98
146 99
146 161
146 165
146 196
146 144
146 131
146 133
146 83
146 226
146 176
146 117
146 132
146 194
147 179
147 178
147 195
147 131
147 118
147 100
147 197
147 180
147 210
147 159
147 176
147 151
147 134
147 112
147 149
147 129
147 117
147 84
147 145
147 130
148 149
148 181
148 213
148 162
148 101
148 180
148 211
148 164
148 83
148 163
148 129
148 159
148 147
148 167
148 183
148 114
148 150
148 145
148 85
148 102
149 85
149 165
149 131
149 147
149 144
149 161
149 136
149 69
149 84
149 181
149 114
149 135
149 169
149 150
149 99
149 168
149 180
149 134
149 197
149 146
150 169
150 135
150 119
150 230
150 179
150 103
150 130
150 168
150 85
150 197
150 118
150 116
150 120
150 184
150 104
150 153
150 154
150 70
150 155
150 121
151 133
151 131
151 149
151 150
151 119
151 122
151 166
151 180
151 101
151 231
151 164
151 118
151 104
151 132
151 216
151 135
151 170
151 186
151 102
151 103
152 121
152 123
152 133
152 105
152 118
152 183
152 103
152 187
152 106
152 200
152 151
152 216
152 165
152 198
152 184
152 72
152 215
152 148
152 147
152 169
153 148
153 216
153 133
153 170
153 140
153 182
153 167
153 171
153 152
153 118
153 120
153 233
153 156
153 173
153 103
153 149
153 169
153 73
153 151
153 134
154 105
154 123
154 204
154 188
154 135
154 141
154 174
154 189
154 121
154 159
154 139
154 186
154 140
154 166
154 218
154 219
154 107
154 124
154 142
154 90
155 151
155 158
155 218
155 188
155 170
155 220
155 173
155 109
155 75
155 202
155 135
155 91
155 123
155 92
155 142
155 219
155 108
155 90
155 185
155 126
156 190
156 171
156 220
156 122
156 169
156 172
156 188
156 109
156 107
156 152
156 127
156 106
156 126
156 124
156 110
156 221
156 139
156 142
156 145
156 191
157 143
157 175
157 169
157 222
157 137
157 124
157 221
157 172
157 187
157 155
157 92
157 138
157 123
157 173
157 77
157 128
157 207
157 140
157 127
157 156
158 123
158 173
158 162
158 206
158 94
158 177
158 170
158 155
158 109
158 159
158 157
158 145
158 113
158 222
158 153
158 175
158 125
158 95
158 221
158 142
159 97
159 124
159 177
159 174
159 171
159 94
159 160
159 172
159 128
159 129
159 148
159 127
159 206
159 188
159 162
159 156
159 109
159 189
159 163
159 146
160 143
160 210
160 224
160 158
160 194
160 222
160 157
160 239
160 128
160 145
160 141
160 178
160 179
160 164
160 129
160 161
160 146
160 207
160 147
160 96
161 190
161 146
161 223
161 196
161 207
161 143
161 166
161 127
161 148
161 129
161 211
161 224
161 142
161 128
161 132
161 195
161 158
161 175
161 189
161 130
162 190
162 131
162 149
162 82
162 167
162 158
162 227
162 176
162 165
162 113
162 195
162 211
162 128
162 166
162 146
162 193
162 197
162 114
162 173
162 164
163 226
163 179
163 211
163 100
163 176
163 178
163 197
163 183
163 132
163 175
163 114
163 133
163 116
163 147
163 198
163 146
163 134
163 191
163 212
163 159
164 134
164 213
164 16
164 199
164 129
164 181
164 214
164 166
164 101
164 179
164 210
164 198
164 162
164 182
164 212
164 146
164 118
164 149
164 180
164 194
165 131
165 168
165 169
165 183
165 163
165 230
165 161
165 147
165 211
165 150
165 199
165 149
165 179
165 152
165 132
165 200
165 213
165 178
165 162
165 182
166 136
166 198
166 164
166 212
166 171
166 215
166 181
166 179
166 178
166 152
166 134
166 201
166 182
166 154
166 199
166 230
166 229
166 167
166 195
166 163
167 171
167 136
167 182
167 202
167 134
167 179
167 186
167 185
167 197
167 169
167 152
167 196
167 231
167 232
167 154
167 147
167 103
167 148
167 198
167 201
168 199
168 216
168 156
168 122
168 203
168 120
168 154
168 135
168 152
168 233
168 184
168 150
168 183
168 173
168 103
168 187
168 215
168 16
168 185
168 134
169 16
169 183
169 234
169 218
169 186
169 184
169 153
169 202
169 119
169 152
169 172
169 122
169 104
169 198
169 173
169 89
169 121
169 123
169 171
169 138
170 155
170 90
170 201
170 107
170 219
170 204
170 158
170 199
170 187
170 203
170 217
170 122
170 205
170 216
170 171
170 220
170 123
170 135
170 235
170 136
171 106
171 166
171 108
171 154
171 16
171 141
171 221
171 175
171 137
171 206
171 183
171 125
171 188
171 205
171 160
171 156
171 203
171 170
171 159
171 191
172 237
172 126
172 109
172 204
172 220
172 137
172 219
172 159
172 218
172 184
172 157
172 140
172 158
172 202
172 185
172 152
172 169
172 107
172 188
172 122
173 139
173 125
173 205
173 144
173 153
173 222
173 138
173 159
173 169
173 187
173 155
173 219
173 143
173 189
173 141
173 192
173 177
173 220
173 93
173 238
174 146
174 141
174 126
174 112
174 158
174 206
174 204
174 223
174 192
174 160
174 238
174 191
174 156
174 169
174 111
174 140
174 109
174 159
174 110
174 94
175 140
175 188
175 157
175 110
175 193
175 221
175 172
175 222
175 130
175 190
175 177
175 160
175 187
175 158
175 223
175 173
175 129
175 204
175 171
175 239
176 17
176 207
176 196
176 230
176 145
176 173
176 128
176 127
176 190
176 192
176 233
176 189
176 206
176 187
176 221
176 223
176 177
176 161
176 179
176 174
177 112
177 174
177 165
177 222
177 180
177 191
177 162
177 236
177 211
177 233
177 225
177 114
177 175
177 190
177 179
177 0
177 128
177 188
177 143
177 176
178 128
178 180
178 132
178 233
178 231
178 224
178 131
178 98
178 234
178 16
178 162
178 115
178 227
178 183
178 223
178 225
178 179
178 210
178 174
178 129
179 209
179 224
179 114
179 190
179 213
179 162
179 145
179 194
179 195
179 99
179 192
179 193
179 228
179 199
179 31
179 165
179 147
179 231
179 236
179 175
180 193
180 234
180 233
180 215
180 164
180 115
180 230
180 148
180 165
180 192
180 163
180 236
180 116
180 212
180 213
180 195
180 184
180 146
180 225
180 214
181 237
181 234
181 117
181 168
181 147
181 101
181 212
181 162
181 235
181 201
181 149
181 31
181 186
181 32
181 163
181 164
181 165
181 232
181 196
181 184
182 201
182 187
182 213
182 238
182 214
182 152
182 178
182 195
182 211
182 228
182 170
182 162
182 232
182 153
182 168
182 177
182 197
182 179
182 183
182 117
183 152
183 149
183 170
183 227
183 197
183 230
183 216
183 199
183 17
183 179
183 236
183 231
183 168
183 171
183 224
183 184
183 225
183 237
183 217
183 154
184 154
184 120
184 201
184 168
184 167
184 171
184 200
184 232
184 217
184 186
184 218
184 188
184 166
184 151
184 238
184 134
184 169
184 0
184 204
184 152
185 151
185 135
185 137
185 16
185 182
185 216
185 173
185 235
185 168
185 0
185 150
185 233
185 167
185 226
185 122
185 214
185 170
185 172
185 218
185 199
186 188
186 183
186 155
186 31
186 236
186 229
186 152
186 166
186 234
186 203
186 227
186 171
186 169
186 232
186 136
186 200
186 206
186 153
186 237
186 215
187 138
187 233
187 232
187 202
187 124
187 227
187 235
187 152
187 228
187 169
187 225
187 238
187 234
187 16
187 199
187 168
187 167
187 216
187 221
187 218
188 172
188 229
188 31
188 108
188 224
188 234
188 228
188 200
188 227
188 176
188 158
188 186
188 155
188 187
188 205
188 171
188 183
188 185
188 220
188 141
189 125
189 188
189 222
189 32
189 157
189 124
189 202
189 126
189 172
189 230
189 231
189 238
189 154
189 204
189 225
189 234
189 176
189 178
189 17
189 171
190 161
190 188
190 110
190 172
190 193
190 185
190 177
190 127
190 17
190 220
190 228
190 175
190 202
190 157
190 221
190 194
190 159
190 225
190 239
190 192
191 173
191 189
191 177
191 227
191 111
191 210
191 231
191 186
191 205
191 222
191 188
191 225
191 224
191 112
191 0
191 204
191 236
191 233
191 226
191 171
192 217
192 213
192 231
192 230
192 112
192 175
192 162
192 174
192 47
192 219
192 229
192 225
192 30
192 216
192 208
192 158
192 143
192 196
192 1
192 0
193 190
193 221
193 225
193 17
193 211
193 204
193 176
193 214
193 226
193 175
193 209
193 159
193 236
193 228
193 198
193 0
193 48
193 47
193 212
193 230
194 16
194 182
194 224
194 0
194 163
194 145
194 1
194 161
194 129
194 232
194 213
194 192
194 238
194 179
194 227
194 147
194 205
194 32
194 225
194 17
195 147
195 15
195 232
195 32
195 215
195 1
195 224
195 193
195 31
195 182
195 16
195 162
195 132
195 235
195 238
195 176
195 183
195 239
195 33
195 17
196 232
196 217
196 195
196 181
196 212
196 199
196 207
196 150
196 230
196 31
196 221
196 231
196 0
196 192
196 214
196 209
196 201
196 116
196 164
196 162
197 30
197 33
197 148
197 214
197 181
197 194
197 213
197 183
197 219
197 202
197 200
197 196
197 222
197 229
197 17
197 225
197 210
197 239
197 133
197 216
198 220
198 193
198 213
198 48
198 238
198 148
198 164
198 232
198 201
198 234
198 183
198 184
198 197
198 200
198 203
198 211
198 202
198 215
198 209
198 152
199 232
199 210
199 152
199 150
199 166
199 195
199 227
199 187
199 211
199 235
199 218
199 184
199 164
199 209
199 204
199 212
199 233
199 203
199 197
199 201
200 214
200 32
200 197
200 222
200 204
200 238
200 151
200 235
200 237
200 236
200 208
200 183
200 154
200 217
200 185
200 227
200 137
200 209
200 15
200 231
201 219
201 215
201 166
201 226
201 233
201 154
201 189
201 213
201 202
201 230
201 222
201 204
201 223
201 211
201 221
201 229
201 197
201 239
201 236
201 138
202 154
202 236
202 222
202 152
202 47
202 230
202 220
202 207
202 217
202 17
202 153
202 189
202 218
202 226
202 190
202 138
202 209
202 183
202 188
202 31
203 216
203 207
203 234
203 220
203 153
203 239
203 236
203 140
203 198
203 215
203 123
203 228
203 219
203 217
203 185
203 0
203 16
203 191
203 205
203 155
204 201
204 141
204 218
204 213
204 156
204 209
204 187
204 172
204 215
204 139
204 33
204 171
204 186
204 169
204 235
204 205
204 30
204 32
204 31
204 155
205 17
205 211
205 186
205 15
205 18
205 31
205 201
205 210
205 218
205 177
205 234
205 159
205 233
205 207
205 203
205 231
205 228
205 192
205 224
205 30
206 0
206 236
206 17
206 234
206 18
206 232
206 204
206 33
206 231
206 30
206 173
206 226
206 212
206 15
206 239
206 48
206 222
206 215
206 174
206 201
207 215
207 206
207 174
207 33
207 238
207 196
207 224
207 32
207 229
207 159
207 225
207 193
207 194
207 160
207 18
207 173
207 202
207 179
207 158
207 226
208 159
208 199
208 214
208 128
208 195
208 206
208 222
208 191
208 192
208 215
208 177
208 175
208 239
208 14
208 229
208 178
208 30
208 224
208 32
208 18
209 34
209 231
209 199
209 179
209 213
209 224
209 16
209 161
209 180
209 64
209 178
209 223
209 212
209 219
209 1
209 193
209 238
209 129
209 214
209 236
210 33
210 146
210 196
210 18
210 2
210 222
210 232
210 236
210 34
210 161
210 209
210 145
210 15
210 179
210 223
210 200
210 201
210 226
210 231
210 218
211 202
211 210
211 226
211 232
211 229
211 146
211 200
211 216
211 30
211 1
211 198
211 33
211 205
211 165
211 228
211 222
211 208
211 219
211 177
211 0
212 208
212 149
212 148
212 215
212 179
212 202
212 46
212 226
212 178
212 199
212 198
212 234
212 32
212 64
212 214
212 236
212 49
212 207
212 182
212 2
213 206
213 17
213 198
213 210
213 201
213 230
213 226
213 2
213 179
213 63
213 34
213 233
213 150
213 204
213 200
213 219
213 214
213 195
213 207
213 149
214 237
214 196
214 228
214 2
214 211
214 32
214 235
214 181
214 14
214 192
214 1
214 184
214 199
214 183
214 150
214 19
214 63
214 204
214 202
214 193
215 30
215 165
215 17
215 47
215 206
215 211
215 16
215 14
215 222
215 220
215 227
215 168
215 230
215 1
215 229
215 219
215 184
215 48
215 19
215 64
216 233
216 230
216 15
216 220
216 227
216 49
216 198
216 223
216 152
216 193
216 201
216 186
216 217
216 17
216 194
216 208
216 30
216 195
216 182
216 229
217 48
217 30
217 234
217 198
217 19
217 216
217 2
217 229
217 218
217 232
217 208
217 204
217 195
217 1
217 17
217 154
217 192
217 33
217 63
217 213
218 192
218 208
218 205
218 168
218 206
218 138
218 210
218 234
218 228
218 193
218 185
218 170
218 184
218 217
218 212
218 34
218 197
218 223
218 229
218 183
219 33
219 231
219 187
219 64
219 169
219 237
219 207
219 233
219 232
219 215
219 184
219 18
219 139
219 173
219 172
219 0
219 228
219 211
219 47
219 213
220 192
220 222
220 14
220 2
220 0
220 201
220 197
220 212
220 208
220 229
220 236
220 216
220 140
220 209
220 198
220 64
220 34
220 232
220 47
220 199
221 174
221 194
221 2
221 29
221 34
221 198
221 157
221 232
221 203
221 1
221 15
221 239
221 190
221 207
221 0
221 48
221 205
221 234
221 31
221 216
222 0
222 225
222 233
222 187
222 194
222 205
222 34
222 32
222 223
222 189
222 160
222 235
222 239
222 197
222 177
222 29
222 236
222 19
222 157
222 1
223 217
223 188
223 238
223 160
223 63
223 215
223 225
223 235
223 232
223 48
223 29
223 216
223 200
223 189
223 224
223 221
223 211
223 199
223 46
223 202
224 230
224 235
224 176
224 226
224 1
224 3
224 189
224 0
224 223
224 229
224 202
224 28
224 50
224 16
224 49
224 33
224 231
224 233
224 29
224 232
225 212
225 1
225 194
225 46
225 179
225 215
225 190
225 182
225 50
225 193
225 200
225 18
225 62
225 218
225 191
225 237
225 208
225 33
225 232
225 228
226 232
226 185
226 219
226 213
226 187
226 183
226 235
226 216
226 222
226 234
226 218
226 206
226 80
226 179
226 35
226 227
226 199
226 178
226 15
226 176
227 185
227 222
227 189
227 28
227 225
227 192
227 2
227 17
227 179
227 195
227 211
227 238
227 147
227 216
227 181
227 223
227 79
227 47
227 212
227 184
228 65
228 237
228 17
228 19
228 2
228 235
228 183
228 15
228 223
228 207
228 215
228 205
228 188
228 229
228 177
228 184
228 46
228 222
228 217
228 63
229 182
229 64
229 192
229 234
229 2
229 222
229 236
229 20
229 237
229 226
229 202
229 186
229 233
229 28
229 230
229 228
229 79
229 13
229 205
229 203
230 62
230 187
230 232
230 221
230 234
230 203
230 181
230 237
230 196
230 227
230 217
230 220
230 18
230 33
230 48
230 202
230 64
230 199
230 210
230 50
231 188
231 201
231 197
231 181
231 233
231 63
231 182
231 168
231 200
231 35
231 235
231 19
231 195
231 194
231 239
231 47
231 221
231 31
231 187
231 65
232 181
232 222
232 216
232 183
232 210
232 179
232 215
232 182
232 47
232 19
232 212
232 34
232 226
232 221
232 50
232 194
232 204
232 220
232 230
232 187
233 231
233 48
233 221
233 193
233 1
233 201
233 222
233 232
233 216
233 180
233 176
233 33
233 230
233 177
233 204
233 234
233 32
233 34
233 31
233 14
234 223
234 34
234 193
234 177
234 20
234 17
234 215
234 19
234 169
234 198
234 206
234 231
234 220
234 217
234 235
234 14
234 80
234 228
234 63
234 62
235 213
235 193
235 224
235 210
235 63
235 50
235 3
235 233
235 28
235 178
235 62
235 229
235 198
235 34
235 30
235 204
235 79
235 206
235 191
235 196
236 79
236 207
236 205
236 202
236 219
236 28
236 190
236 187
236 213
236 64
236 209
236 223
236 29
236 65
236 45
236 34
236 208
236 178
236 195
236 212
237 224
237 223
237 220
237 45
237 32
237 205
237 49
237 176
237 173
237 227
237 181
237 218
237 18
237 206
237 47
237 189
237 212
237 219
237 16
237 50
238 222
238 15
238 187
238 16
238 210
238 226
238 215
238 209
238 221
238 30
238 192
238 186
238 173
238 35
238 47
238 1
238 205
238 50
238 225
238 158
239 238
239 183
239 235
239 214
239 236
239 174
239 223
239 30
239 211
239 233
239 201
239 32
239 219
239 189
239 14
239 218
239 226
239 16
239 191
239 228
